user_id,quest_id,completion_rate,activity_level,streak_days,avg_difficulty_pref,difficulty,popularity,freshness_score,ai_required_score,retry_count,friend_completed_count,label
aedd98c9-0314-44dd-beeb-65d63edc9bdc,dfb0809f-a08c-4519-85d0-1f790e6cd5d9,0.6475987589205185,0.2,8.0,0.395913483042781,1.0,0.12996439027292325,0.8581884567519729,1.0,0.0,5.0,1
aedd98c9-0314-44dd-beeb-65d63edc9bdc,b8a59f9c-9152-4e9d-9227-81b450029be0,0.6475987589205185,0.2,8.0,0.395913483042781,0.2,0.9082416607735994,0.8438860705844703,1.0,5.0,5.0,1
aedd98c9-0314-44dd-beeb-65d63edc9bdc,290546aa-9a27-44b0-96cf-1cbe5de0ac63,0.6475987589205185,0.2,8.0,0.395913483042781,0.2,0.8840031953521331,0.909469052204089,0.3,0.0,0.0,1
aedd98c9-0314-44dd-beeb-65d63edc9bdc,9d28a4ed-19ea-45ff-8c87-cd755a39633c,0.6475987589205185,0.2,8.0,0.395913483042781,1.0,0.9699569764835101,0.3864034459374597,1.0,4.0,1.0,0
aedd98c9-0314-44dd-beeb-65d63edc9bdc,b7f3f687-720d-4c2e-b765-833d1f628763,0.6475987589205185,0.2,8.0,0.395913483042781,0.6,0.5040757896213439,0.7654432929579714,0.6,1.0,3.0,0
aedd98c9-0314-44dd-beeb-65d63edc9bdc,b8f55e48-9d55-4d28-bc80-497a7d36ac53,0.6475987589205185,0.2,8.0,0.395913483042781,0.6,0.5364632049642664,0.9010207096938249,0.6,1.0,5.0,1
aedd98c9-0314-44dd-beeb-65d63edc9bdc,bbaf1fa3-f0d2-4cf1-a007-2ff9a73a4732,0.6475987589205185,0.2,8.0,0.395913483042781,0.6,0.943547710035929,0.4668619140050845,1.0,2.0,0.0,1
aedd98c9-0314-44dd-beeb-65d63edc9bdc,1975da03-cf78-4c90-a916-3660a489f0dc,0.6475987589205185,0.2,8.0,0.395913483042781,0.6,0.4213481052285838,0.6693330773357604,0.6,4.0,2.0,0
aedd98c9-0314-44dd-beeb-65d63edc9bdc,79cb3b8e-aafa-418e-97aa-f7fdcb3d6c58,0.6475987589205185,0.2,8.0,0.395913483042781,0.2,0.3730266808058288,0.7752357696427774,0.3,0.0,3.0,1
aedd98c9-0314-44dd-beeb-65d63edc9bdc,7d8ed681-553e-4f86-8328-93bdf476bee2,0.6475987589205185,0.2,8.0,0.395913483042781,0.6,0.8243337011258274,0.4855544869796419,1.0,4.0,1.0,1
aedd98c9-0314-44dd-beeb-65d63edc9bdc,139389de-ef52-4a31-a3a6-711cb26f1f6a,0.6475987589205185,0.2,8.0,0.395913483042781,0.2,0.6569353768626665,0.927362807810403,1.0,2.0,0.0,0
aedd98c9-0314-44dd-beeb-65d63edc9bdc,a32c33b9-2ae0-4565-b4cd-8c363bd2dbb1,0.6475987589205185,0.2,8.0,0.395913483042781,0.6,0.4675427346881219,0.5919389716094521,0.3,2.0,3.0,1
aedd98c9-0314-44dd-beeb-65d63edc9bdc,9f7ae8c9-dc90-4236-adb6-2109245d9021,0.6475987589205185,0.2,8.0,0.395913483042781,0.6,0.8963101399292399,0.12506351553810924,0.0,2.0,1.0,0
aedd98c9-0314-44dd-beeb-65d63edc9bdc,a26f3aa1-8131-40eb-8610-e57f92d60b1d,0.6475987589205185,0.2,8.0,0.395913483042781,0.6,0.5405955324673002,0.22788898669340596,0.3,4.0,5.0,0
aedd98c9-0314-44dd-beeb-65d63edc9bdc,a8daf424-06ed-42c5-99ea-74a1e01591a9,0.6475987589205185,0.2,8.0,0.395913483042781,0.6,0.6995840419204985,0.5852213104701965,0.0,3.0,3.0,0
aedd98c9-0314-44dd-beeb-65d63edc9bdc,b675fdc1-c9db-4f65-ad76-cb5d41d88b8a,0.6475987589205185,0.2,8.0,0.395913483042781,0.2,0.6871950997280843,0.6183737144963264,0.0,1.0,5.0,0
aedd98c9-0314-44dd-beeb-65d63edc9bdc,8977ae1e-0308-44ae-a8c8-f83ca0744d63,0.6475987589205185,0.2,8.0,0.395913483042781,0.6,0.8507600711322102,0.25582976206381436,0.6,1.0,6.0,1
aedd98c9-0314-44dd-beeb-65d63edc9bdc,ae260348-9d86-49fc-b010-b38655f0aa4c,0.6475987589205185,0.2,8.0,0.395913483042781,0.6,0.6156726777562007,0.7631540220976764,0.3,0.0,1.0,0
aedd98c9-0314-44dd-beeb-65d63edc9bdc,7b512031-30a6-4d3c-8e53-4acf4b15efd9,0.6475987589205185,0.2,8.0,0.395913483042781,0.6,0.20961141822392887,0.22555703805048077,1.0,1.0,5.0,0
aedd98c9-0314-44dd-beeb-65d63edc9bdc,8d3c9344-6c45-43f7-a583-eb49f1bd7c4b,0.6475987589205185,0.2,8.0,0.395913483042781,1.0,0.32697303710818776,0.18910296519857916,0.6,1.0,2.0,0
aedd98c9-0314-44dd-beeb-65d63edc9bdc,4a47a28f-ebfe-4e2c-b5a5-219b771c2344,0.6475987589205185,0.2,8.0,0.395913483042781,1.0,0.886582543106834,0.6746693780314743,0.3,2.0,5.0,0
aedd98c9-0314-44dd-beeb-65d63edc9bdc,c0fc8404-31a2-4e51-8d19-2dec5d8f3a52,0.6475987589205185,0.2,8.0,0.395913483042781,1.0,0.7233296207802987,0.9797696833559353,1.0,2.0,1.0,1
aedd98c9-0314-44dd-beeb-65d63edc9bdc,e3e4e158-1e76-4fc3-a85b-e05b8b8a0ccb,0.6475987589205185,0.2,8.0,0.395913483042781,0.6,0.639410932283415,0.2933005026004223,0.0,0.0,6.0,1
aedd98c9-0314-44dd-beeb-65d63edc9bdc,e033b700-4879-4d96-af09-314a42b40ec0,0.6475987589205185,0.2,8.0,0.395913483042781,0.6,0.5265277997852419,0.306413896951497,1.0,5.0,3.0,1
aedd98c9-0314-44dd-beeb-65d63edc9bdc,dd23fd07-88e1-462e-bc3b-00e51b7428ff,0.6475987589205185,0.2,8.0,0.395913483042781,0.2,0.9167390499607783,0.453942637731402,1.0,4.0,2.0,0
aedd98c9-0314-44dd-beeb-65d63edc9bdc,1b648ad6-0817-4f80-a7aa-9a94a583454e,0.6475987589205185,0.2,8.0,0.395913483042781,1.0,0.9167464792916038,0.10114468166917334,0.0,5.0,5.0,0
aedd98c9-0314-44dd-beeb-65d63edc9bdc,2e56c0c7-a2d4-4606-8362-ead47ba989cf,0.6475987589205185,0.2,8.0,0.395913483042781,1.0,0.9838404823093492,0.5555768002260758,0.0,5.0,2.0,0
aedd98c9-0314-44dd-beeb-65d63edc9bdc,06497e85-86a1-47f4-bbdd-a5f778924253,0.6475987589205185,0.2,8.0,0.395913483042781,0.2,0.19052222599951962,0.20137632619118384,0.3,0.0,5.0,1
aedd98c9-0314-44dd-beeb-65d63edc9bdc,e4db18b0-d91a-4fe4-b05f-eda25f38ea0d,0.6475987589205185,0.2,8.0,0.395913483042781,0.2,0.5776591949487476,0.19019373944895102,0.3,1.0,4.0,0
aedd98c9-0314-44dd-beeb-65d63edc9bdc,0279e518-1bb2-4b7d-adb3-74104bab7995,0.6475987589205185,0.2,8.0,0.395913483042781,1.0,0.48298817741352884,0.6867808649438274,0.6,5.0,4.0,1
aedd98c9-0314-44dd-beeb-65d63edc9bdc,684277da-f62a-49f6-b09e-1b7e786c463b,0.6475987589205185,0.2,8.0,0.395913483042781,1.0,0.457984105173436,0.7791379129900283,0.6,4.0,6.0,0
aedd98c9-0314-44dd-beeb-65d63edc9bdc,160450d5-9356-496d-a71d-78413a2828c7,0.6475987589205185,0.2,8.0,0.395913483042781,0.2,0.6437789001540966,0.8506322574276396,1.0,3.0,0.0,1
aedd98c9-0314-44dd-beeb-65d63edc9bdc,b939da7f-028e-4294-87a9-cae844ef2396,0.6475987589205185,0.2,8.0,0.395913483042781,1.0,0.28159591151234475,0.3654017291850822,1.0,1.0,0.0,0
aedd98c9-0314-44dd-beeb-65d63edc9bdc,bb149053-41e0-46bd-ae04-d392610b827f,0.6475987589205185,0.2,8.0,0.395913483042781,1.0,0.9892289095536471,0.5376980874726343,0.3,0.0,5.0,1
aedd98c9-0314-44dd-beeb-65d63edc9bdc,88e79e28-8590-4873-baf3-158ade3d3e32,0.6475987589205185,0.2,8.0,0.395913483042781,1.0,0.9148647291612199,0.12864998776038128,0.0,1.0,1.0,0
aedd98c9-0314-44dd-beeb-65d63edc9bdc,686e3aa2-fafa-49b8-ae04-90315babb1d4,0.6475987589205185,0.2,8.0,0.395913483042781,0.2,0.2485402182633587,0.3567460645487345,1.0,2.0,4.0,1
aedd98c9-0314-44dd-beeb-65d63edc9bdc,7e095f22-5248-4ba3-b91c-aefd7470fd6a,0.6475987589205185,0.2,8.0,0.395913483042781,0.6,0.520298671705361,0.6766771512956176,0.3,4.0,6.0,1
aedd98c9-0314-44dd-beeb-65d63edc9bdc,5a34f357-525c-4e8c-9761-fca6c5ef4a54,0.6475987589205185,0.2,8.0,0.395913483042781,1.0,0.32612342892093527,0.37000647225331373,0.3,3.0,5.0,0
aedd98c9-0314-44dd-beeb-65d63edc9bdc,9e41ae98-3ee0-4c48-9029-b5642a7cc95d,0.6475987589205185,0.2,8.0,0.395913483042781,1.0,0.7260508358588046,0.04490801776792286,0.6,3.0,0.0,1
aedd98c9-0314-44dd-beeb-65d63edc9bdc,85736eaa-5d46-446f-bc37-90664659af7c,0.6475987589205185,0.2,8.0,0.395913483042781,0.2,0.5071632128531129,0.5363921784426651,0.3,4.0,4.0,1
3bc9d822-af43-49ed-8b35-7185502ad660,a26f3aa1-8131-40eb-8610-e57f92d60b1d,0.29767654996760073,0.2,17.0,0.26955106610353297,0.6,0.5405955324673002,0.22788898669340596,0.3,5.0,5.0,1
3bc9d822-af43-49ed-8b35-7185502ad660,86df6ab5-0a91-4c31-ae77-b6a97acaa3b6,0.29767654996760073,0.2,17.0,0.26955106610353297,0.2,0.6626325512293207,0.22621734088053103,1.0,2.0,0.0,1
3bc9d822-af43-49ed-8b35-7185502ad660,16aa6851-6f56-441d-b1e3-84c8e2b58887,0.29767654996760073,0.2,17.0,0.26955106610353297,1.0,0.7017944767412314,0.7875435396564088,0.3,1.0,4.0,0
3bc9d822-af43-49ed-8b35-7185502ad660,8618c927-9c33-4057-8bfe-9828bd93601a,0.29767654996760073,0.2,17.0,0.26955106610353297,0.6,0.22804722680585615,0.021203888490483047,0.6,4.0,3.0,0
3bc9d822-af43-49ed-8b35-7185502ad660,b1ef27f4-c212-4d80-95b3-1ccfcccee40b,0.29767654996760073,0.2,17.0,0.26955106610353297,1.0,0.273179116013828,0.9075422104826739,1.0,1.0,0.0,0
3bc9d822-af43-49ed-8b35-7185502ad660,290546aa-9a27-44b0-96cf-1cbe5de0ac63,0.29767654996760073,0.2,17.0,0.26955106610353297,0.2,0.8840031953521331,0.909469052204089,0.3,3.0,3.0,1
3bc9d822-af43-49ed-8b35-7185502ad660,a7da2f9e-cfe5-4f9b-a2a9-83b121e1b3a8,0.29767654996760073,0.2,17.0,0.26955106610353297,1.0,0.8629090312240775,0.8986309655053686,0.3,0.0,3.0,0
3bc9d822-af43-49ed-8b35-7185502ad660,d96815d9-4db7-48f0-85a0-eddc3b7b916f,0.29767654996760073,0.2,17.0,0.26955106610353297,0.6,0.4536278778772145,0.0754688004112799,1.0,1.0,1.0,0
3bc9d822-af43-49ed-8b35-7185502ad660,290546aa-9a27-44b0-96cf-1cbe5de0ac63,0.29767654996760073,0.2,17.0,0.26955106610353297,0.2,0.8840031953521331,0.909469052204089,0.3,1.0,2.0,0
3bc9d822-af43-49ed-8b35-7185502ad660,b1ecfa5c-68a1-4a8a-846a-dfb97027e1f6,0.29767654996760073,0.2,17.0,0.26955106610353297,0.6,0.47396075244655456,0.7794108057492125,1.0,3.0,6.0,0
3bc9d822-af43-49ed-8b35-7185502ad660,7bf57e1f-8d6e-4525-9822-40fe99cb92db,0.29767654996760073,0.2,17.0,0.26955106610353297,0.6,0.646849787279288,0.8371345930324872,0.6,5.0,4.0,0
3bc9d822-af43-49ed-8b35-7185502ad660,723b0875-2f5c-406d-91ef-1ef6768c21e1,0.29767654996760073,0.2,17.0,0.26955106610353297,0.6,0.5865033881557733,0.9546606431143135,0.6,1.0,3.0,1
3bc9d822-af43-49ed-8b35-7185502ad660,5145c478-0b39-4ab7-a906-e1b9735ba3ce,0.29767654996760073,0.2,17.0,0.26955106610353297,0.6,0.8786936977058606,0.9587100682359623,1.0,0.0,1.0,0
3bc9d822-af43-49ed-8b35-7185502ad660,6e8ca283-10c7-434c-826a-837f38ec5444,0.29767654996760073,0.2,17.0,0.26955106610353297,0.2,0.6513768543337128,0.6342982912007427,1.0,3.0,2.0,0
3bc9d822-af43-49ed-8b35-7185502ad660,1e7d8873-b56a-4886-a1ad-5de73c350f8e,0.29767654996760073,0.2,17.0,0.26955106610353297,0.6,0.39376459292746124,0.062329554128436215,0.6,5.0,5.0,1
3bc9d822-af43-49ed-8b35-7185502ad660,9fbecf58-4b47-499b-af70-5be883e292d6,0.29767654996760073,0.2,17.0,0.26955106610353297,1.0,0.6813001709251447,0.40858971174533243,0.0,0.0,4.0,1
3bc9d822-af43-49ed-8b35-7185502ad660,0764c1e1-84c4-4344-814b-56f447356699,0.29767654996760073,0.2,17.0,0.26955106610353297,0.2,0.36478434898577183,0.31372887152086304,0.3,0.0,0.0,1
3bc9d822-af43-49ed-8b35-7185502ad660,be9d36c1-5645-43bf-b29e-f59fe75b58fc,0.29767654996760073,0.2,17.0,0.26955106610353297,0.2,0.9631836571803765,0.9302866275169228,1.0,1.0,0.0,1
3bc9d822-af43-49ed-8b35-7185502ad660,8c822518-d0dc-460d-93c7-d9d033a078ba,0.29767654996760073,0.2,17.0,0.26955106610353297,1.0,0.5475099359609544,0.9553256935848943,1.0,0.0,4.0,0
3bc9d822-af43-49ed-8b35-7185502ad660,153d2d46-4437-4840-90a1-e5308394b291,0.29767654996760073,0.2,17.0,0.26955106610353297,0.6,0.8859430875649702,0.004809331333315514,0.6,0.0,4.0,0
3bc9d822-af43-49ed-8b35-7185502ad660,6a40cbad-655b-4606-9b92-d053c779e9a1,0.29767654996760073,0.2,17.0,0.26955106610353297,0.2,0.7251468800412657,0.941344002350994,0.0,3.0,5.0,1
3bc9d822-af43-49ed-8b35-7185502ad660,3a71361b-e3e1-4223-b68a-ad50ca4dbe62,0.29767654996760073,0.2,17.0,0.26955106610353297,1.0,0.6047778022342388,0.49194088405803205,0.6,1.0,5.0,1
3bc9d822-af43-49ed-8b35-7185502ad660,bf1c16a4-e182-4ecc-8023-e458da60daac,0.29767654996760073,0.2,17.0,0.26955106610353297,1.0,0.24964749169716674,0.6258043806862246,0.6,1.0,5.0,0
3bc9d822-af43-49ed-8b35-7185502ad660,3ceffdd1-05b8-4296-8ead-87aa963b9836,0.29767654996760073,0.2,17.0,0.26955106610353297,1.0,0.4937077765458606,0.9078087859837904,0.3,0.0,3.0,0
3bc9d822-af43-49ed-8b35-7185502ad660,85a991a1-00c2-4f3b-a2f1-2edd3ed3c13b,0.29767654996760073,0.2,17.0,0.26955106610353297,0.6,0.885115810475927,0.053316349790826556,0.3,0.0,4.0,1
3bc9d822-af43-49ed-8b35-7185502ad660,b9638733-3416-47d7-b548-7e0af0dbe65f,0.29767654996760073,0.2,17.0,0.26955106610353297,0.2,0.7200468573060492,0.4981514611185579,0.6,0.0,1.0,1
3bc9d822-af43-49ed-8b35-7185502ad660,425b9a2c-d3c2-418b-8da0-71ea5c07dd63,0.29767654996760073,0.2,17.0,0.26955106610353297,0.2,0.5351171693089606,0.9651204126148089,0.0,5.0,2.0,0
3bc9d822-af43-49ed-8b35-7185502ad660,eab77546-5660-4b6f-8ed6-d113d4c924cb,0.29767654996760073,0.2,17.0,0.26955106610353297,0.6,0.6257718626796875,0.29583808895330166,0.0,0.0,5.0,1
3bc9d822-af43-49ed-8b35-7185502ad660,ff0af660-6a5f-4fd7-b2e1-c43344816514,0.29767654996760073,0.2,17.0,0.26955106610353297,1.0,0.5024161230527904,0.7433967816161681,0.3,1.0,2.0,1
3bc9d822-af43-49ed-8b35-7185502ad660,cfaac6f7-b976-4661-8cd2-98f3a4e3a281,0.29767654996760073,0.2,17.0,0.26955106610353297,0.2,0.17993656314318568,0.2972789514204549,0.3,1.0,2.0,1
3bc9d822-af43-49ed-8b35-7185502ad660,e44b9013-f4a8-49bf-9379-87dcbb2e8e53,0.29767654996760073,0.2,17.0,0.26955106610353297,1.0,0.36258242224859283,0.32306846386650134,0.3,1.0,5.0,1
3bc9d822-af43-49ed-8b35-7185502ad660,90b5993b-1b5d-4363-8738-1f1566b34091,0.29767654996760073,0.2,17.0,0.26955106610353297,0.2,0.20193175818065728,0.8491249460757495,1.0,2.0,6.0,0
3bc9d822-af43-49ed-8b35-7185502ad660,775861d5-545e-4ddf-b332-3aabb9bd0e76,0.29767654996760073,0.2,17.0,0.26955106610353297,1.0,0.8513642364331833,0.05300666587800451,0.6,0.0,0.0,1
3bc9d822-af43-49ed-8b35-7185502ad660,2270dcd6-f4ba-4acf-b863-271ea249c419,0.29767654996760073,0.2,17.0,0.26955106610353297,0.6,0.888509462672205,0.11768090665028597,0.0,1.0,5.0,0
3bc9d822-af43-49ed-8b35-7185502ad660,b08e025f-b00e-487d-9769-6e771d335fcd,0.29767654996760073,0.2,17.0,0.26955106610353297,0.6,0.35587631985892465,0.5051778789164922,0.3,0.0,0.0,0
3bc9d822-af43-49ed-8b35-7185502ad660,ad581338-27d8-4935-86c9-5f785bf435c2,0.29767654996760073,0.2,17.0,0.26955106610353297,1.0,0.3943185155107163,0.2811618959132587,0.3,4.0,0.0,0
3bc9d822-af43-49ed-8b35-7185502ad660,5ac7df38-e13e-4ddf-ac1d-8bd8825c2903,0.29767654996760073,0.2,17.0,0.26955106610353297,0.2,0.5606417702241059,0.9155246766150124,0.0,3.0,1.0,1
3bc9d822-af43-49ed-8b35-7185502ad660,06f5b296-916f-4c42-aec7-d6f62bba9d9b,0.29767654996760073,0.2,17.0,0.26955106610353297,0.2,0.3223108679637023,0.4183220717622109,1.0,2.0,1.0,0
3bc9d822-af43-49ed-8b35-7185502ad660,3586835a-4f05-4964-8ca1-2138cebf95a6,0.29767654996760073,0.2,17.0,0.26955106610353297,1.0,0.6521758610516846,0.9475221766685487,0.0,4.0,6.0,0
3bc9d822-af43-49ed-8b35-7185502ad660,b02c207c-3d8f-47d1-94d5-ea09db74e5c8,0.29767654996760073,0.2,17.0,0.26955106610353297,0.6,0.3575527172065134,0.7990422256936793,0.3,1.0,6.0,0
c1932f68-1cac-472e-a12c-3f221f5e1c9b,7a3805f8-637d-41ce-ac78-d79938def8ea,0.4953452737796893,0.2,2.0,0.3749103798428827,0.2,0.6005977206832448,0.609661198171549,0.0,3.0,0.0,0
c1932f68-1cac-472e-a12c-3f221f5e1c9b,d72916bd-ef8f-4502-bba8-725c04f85a5f,0.4953452737796893,0.2,2.0,0.3749103798428827,0.2,0.854828063402321,0.2603597878713769,0.0,5.0,6.0,1
c1932f68-1cac-472e-a12c-3f221f5e1c9b,e033b700-4879-4d96-af09-314a42b40ec0,0.4953452737796893,0.2,2.0,0.3749103798428827,0.6,0.5265277997852419,0.306413896951497,1.0,5.0,0.0,1
c1932f68-1cac-472e-a12c-3f221f5e1c9b,b08c5e45-1706-4711-993f-50cbf58e2335,0.4953452737796893,0.2,2.0,0.3749103798428827,0.6,0.7901117853804409,0.22604311984039915,0.0,1.0,1.0,1
c1932f68-1cac-472e-a12c-3f221f5e1c9b,b7334163-6b0b-4be1-b584-94370f17d451,0.4953452737796893,0.2,2.0,0.3749103798428827,1.0,0.6214743123780008,0.24793030815786732,0.6,1.0,1.0,0
c1932f68-1cac-472e-a12c-3f221f5e1c9b,666c606e-4a7f-4e66-9fac-fbc0339d13f8,0.4953452737796893,0.2,2.0,0.3749103798428827,1.0,0.9652102148867648,0.8330892916579566,0.3,2.0,6.0,0
c1932f68-1cac-472e-a12c-3f221f5e1c9b,e8099b2a-0582-4c26-a562-02489ef37a4d,0.4953452737796893,0.2,2.0,0.3749103798428827,1.0,0.5135230437741315,0.3765636685032894,1.0,5.0,4.0,0
c1932f68-1cac-472e-a12c-3f221f5e1c9b,79cb3b8e-aafa-418e-97aa-f7fdcb3d6c58,0.4953452737796893,0.2,2.0,0.3749103798428827,0.2,0.3730266808058288,0.7752357696427774,0.3,2.0,0.0,0
c1932f68-1cac-472e-a12c-3f221f5e1c9b,225af4bb-7dea-491a-b6ce-984e91ad99bf,0.4953452737796893,0.2,2.0,0.3749103798428827,0.2,0.954287099322196,0.3931698082459284,0.3,4.0,2.0,0
c1932f68-1cac-472e-a12c-3f221f5e1c9b,1975da03-cf78-4c90-a916-3660a489f0dc,0.4953452737796893,0.2,2.0,0.3749103798428827,0.6,0.4213481052285838,0.6693330773357604,0.6,5.0,6.0,0
c1932f68-1cac-472e-a12c-3f221f5e1c9b,6cef895f-06aa-4942-bedd-72fff31eb379,0.4953452737796893,0.2,2.0,0.3749103798428827,0.2,0.8773089936408774,0.6446474280251517,1.0,0.0,3.0,1
c1932f68-1cac-472e-a12c-3f221f5e1c9b,a17bf541-effa-44fe-bb93-e99cb560a113,0.4953452737796893,0.2,2.0,0.3749103798428827,0.6,0.6843407970867683,0.1004271940167254,0.6,5.0,3.0,0
c1932f68-1cac-472e-a12c-3f221f5e1c9b,4a47a28f-ebfe-4e2c-b5a5-219b771c2344,0.4953452737796893,0.2,2.0,0.3749103798428827,1.0,0.886582543106834,0.6746693780314743,0.3,5.0,5.0,0
c1932f68-1cac-472e-a12c-3f221f5e1c9b,6720ccab-682e-40ac-9103-5e1a7cedc597,0.4953452737796893,0.2,2.0,0.3749103798428827,1.0,0.34528416725327743,0.5038671262185984,1.0,2.0,3.0,0
c1932f68-1cac-472e-a12c-3f221f5e1c9b,2fd06511-a2df-41a4-b9b8-72ad25edbef7,0.4953452737796893,0.2,2.0,0.3749103798428827,1.0,0.8121414643536927,0.9186858244934103,0.3,4.0,2.0,1
c1932f68-1cac-472e-a12c-3f221f5e1c9b,be7b953b-bf68-42e7-957e-b6f8f29af69d,0.4953452737796893,0.2,2.0,0.3749103798428827,1.0,0.6945243897343877,0.4669732371344246,1.0,4.0,2.0,0
c1932f68-1cac-472e-a12c-3f221f5e1c9b,786a081e-bed1-4dd5-af8f-b24a2969db27,0.4953452737796893,0.2,2.0,0.3749103798428827,1.0,0.2204606202831086,0.8790686327551894,0.6,4.0,1.0,0
c1932f68-1cac-472e-a12c-3f221f5e1c9b,a32c33b9-2ae0-4565-b4cd-8c363bd2dbb1,0.4953452737796893,0.2,2.0,0.3749103798428827,0.6,0.4675427346881219,0.5919389716094521,0.3,5.0,5.0,0
c1932f68-1cac-472e-a12c-3f221f5e1c9b,6194ece5-783c-4da7-bdc5-d5536c904afd,0.4953452737796893,0.2,2.0,0.3749103798428827,0.6,0.6048572623235224,0.928472011746639,0.3,3.0,4.0,1
c1932f68-1cac-472e-a12c-3f221f5e1c9b,50485b49-6f87-4fbb-a6d8-cc894f5ad343,0.4953452737796893,0.2,2.0,0.3749103798428827,0.2,0.489665412099198,0.42118413108785735,0.3,3.0,6.0,0
c1932f68-1cac-472e-a12c-3f221f5e1c9b,ce563c1b-e3b8-441d-8833-a4b1974ef8ad,0.4953452737796893,0.2,2.0,0.3749103798428827,0.2,0.2484209913313706,0.8711314111441384,0.6,3.0,3.0,1
c1932f68-1cac-472e-a12c-3f221f5e1c9b,43b70bae-10ef-4dc3-9f9b-b39a1eacb2d1,0.4953452737796893,0.2,2.0,0.3749103798428827,1.0,0.6227481543871835,0.008705213531018718,1.0,5.0,0.0,0
c1932f68-1cac-472e-a12c-3f221f5e1c9b,7cae5725-f4a7-4615-ab21-00fad572f2f3,0.4953452737796893,0.2,2.0,0.3749103798428827,1.0,0.8991240703271256,0.15308566915688449,0.3,0.0,6.0,1
c1932f68-1cac-472e-a12c-3f221f5e1c9b,020ff159-4271-4aa5-87f3-9295346f6563,0.4953452737796893,0.2,2.0,0.3749103798428827,0.6,0.31530071999913584,0.1616253953204818,0.0,1.0,6.0,1
c1932f68-1cac-472e-a12c-3f221f5e1c9b,45cea0cf-acbc-4a1c-ae67-7da156ce4e33,0.4953452737796893,0.2,2.0,0.3749103798428827,0.6,0.44790999008794674,0.8240533460888545,0.3,3.0,4.0,1
c1932f68-1cac-472e-a12c-3f221f5e1c9b,9f019ca3-6a4d-4f1c-8cfd-4fc983011cd8,0.4953452737796893,0.2,2.0,0.3749103798428827,0.6,0.8592879525285462,0.4771610349793223,0.6,5.0,4.0,0
c1932f68-1cac-472e-a12c-3f221f5e1c9b,b9085332-b2b1-4b72-8021-b3b81398ce92,0.4953452737796893,0.2,2.0,0.3749103798428827,0.6,0.33544730729888195,0.5880404702366536,0.6,3.0,1.0,0
c1932f68-1cac-472e-a12c-3f221f5e1c9b,fe560b2d-9461-419f-952d-3526d1d58cc6,0.4953452737796893,0.2,2.0,0.3749103798428827,1.0,0.582611192457266,0.5549319795003286,0.0,3.0,1.0,0
c1932f68-1cac-472e-a12c-3f221f5e1c9b,c65f2822-55d3-4e67-b0e3-dcb7ed48c4fc,0.4953452737796893,0.2,2.0,0.3749103798428827,0.2,0.5969201348829377,0.6751594254540361,0.3,3.0,0.0,0
c1932f68-1cac-472e-a12c-3f221f5e1c9b,5bccbbea-6061-4c3b-babf-9f5de9889c73,0.4953452737796893,0.2,2.0,0.3749103798428827,0.2,0.4789495794434827,0.42500061980149273,0.3,3.0,1.0,0
c1932f68-1cac-472e-a12c-3f221f5e1c9b,51656879-b9de-4976-b3d5-c8a240739e35,0.4953452737796893,0.2,2.0,0.3749103798428827,0.6,0.12393733137164058,0.5053225155587664,1.0,4.0,2.0,0
c1932f68-1cac-472e-a12c-3f221f5e1c9b,0b449292-cc57-4b11-94d1-9d0d6fdf931d,0.4953452737796893,0.2,2.0,0.3749103798428827,0.2,0.24562239677446035,0.4286144615110886,0.6,3.0,6.0,1
c1932f68-1cac-472e-a12c-3f221f5e1c9b,e033b700-4879-4d96-af09-314a42b40ec0,0.4953452737796893,0.2,2.0,0.3749103798428827,0.6,0.5265277997852419,0.306413896951497,1.0,5.0,6.0,1
c1932f68-1cac-472e-a12c-3f221f5e1c9b,1e9ac78a-0ad3-4758-94d2-679a7c60a672,0.4953452737796893,0.2,2.0,0.3749103798428827,0.6,0.1486437037821284,0.8157193928134632,0.6,5.0,2.0,0
c1932f68-1cac-472e-a12c-3f221f5e1c9b,27de15b7-4423-4163-9a52-27eba3556133,0.4953452737796893,0.2,2.0,0.3749103798428827,0.2,0.8025233861040034,0.45458734247358457,0.6,2.0,3.0,1
c1932f68-1cac-472e-a12c-3f221f5e1c9b,4ba8e189-dadf-4dd5-b53d-7c4e20e6a1b9,0.4953452737796893,0.2,2.0,0.3749103798428827,1.0,0.4261308026245366,0.5885791737632688,0.3,2.0,2.0,1
c1932f68-1cac-472e-a12c-3f221f5e1c9b,33aa1631-5d42-4228-84c3-639ac72cf903,0.4953452737796893,0.2,2.0,0.3749103798428827,1.0,0.20605411083785363,0.7031088164784068,0.3,1.0,3.0,0
c1932f68-1cac-472e-a12c-3f221f5e1c9b,6a24fb3d-8584-44db-80ec-a8943d9d4953,0.4953452737796893,0.2,2.0,0.3749103798428827,0.2,0.7990830790974275,0.6468922285040184,0.6,3.0,3.0,1
c1932f68-1cac-472e-a12c-3f221f5e1c9b,7c786351-37ac-47a2-9542-40b90f3efee8,0.4953452737796893,0.2,2.0,0.3749103798428827,0.6,0.6561708102091133,0.18646349182808575,0.3,1.0,6.0,0
c1932f68-1cac-472e-a12c-3f221f5e1c9b,5939c634-d641-4ed7-8910-517780e88b75,0.4953452737796893,0.2,2.0,0.3749103798428827,0.6,0.7523652503478826,0.6850593430585846,0.3,5.0,0.0,0
334642a6-bb5c-4567-ab11-7965399c7f88,a32c33b9-2ae0-4565-b4cd-8c363bd2dbb1,0.5537487016723537,0.2,17.0,0.3590701205493188,0.6,0.4675427346881219,0.5919389716094521,0.3,3.0,0.0,1
334642a6-bb5c-4567-ab11-7965399c7f88,3e875754-69cd-4fee-94a5-57d6da42ef91,0.5537487016723537,0.2,17.0,0.3590701205493188,0.2,0.2450411346868676,0.8598019829721676,0.3,3.0,4.0,1
334642a6-bb5c-4567-ab11-7965399c7f88,85f2c72b-1210-493c-bae7-744c4b2353fc,0.5537487016723537,0.2,17.0,0.3590701205493188,0.6,0.5307520434712122,0.17871782093842026,1.0,3.0,1.0,0
334642a6-bb5c-4567-ab11-7965399c7f88,3e875754-69cd-4fee-94a5-57d6da42ef91,0.5537487016723537,0.2,17.0,0.3590701205493188,0.2,0.2450411346868676,0.8598019829721676,0.3,2.0,5.0,1
334642a6-bb5c-4567-ab11-7965399c7f88,686e3aa2-fafa-49b8-ae04-90315babb1d4,0.5537487016723537,0.2,17.0,0.3590701205493188,0.2,0.2485402182633587,0.3567460645487345,1.0,3.0,1.0,1
334642a6-bb5c-4567-ab11-7965399c7f88,6670ddb8-85fa-45e6-9af6-91adbac350a8,0.5537487016723537,0.2,17.0,0.3590701205493188,1.0,0.5273671033049591,0.12936862090556023,0.0,4.0,4.0,1
334642a6-bb5c-4567-ab11-7965399c7f88,4eda28e3-9d9e-4f06-badb-0cb04245ce38,0.5537487016723537,0.2,17.0,0.3590701205493188,0.6,0.2524816678776829,0.7419096525240588,0.6,1.0,6.0,1
334642a6-bb5c-4567-ab11-7965399c7f88,a32c33b9-2ae0-4565-b4cd-8c363bd2dbb1,0.5537487016723537,0.2,17.0,0.3590701205493188,0.6,0.4675427346881219,0.5919389716094521,0.3,2.0,1.0,1
334642a6-bb5c-4567-ab11-7965399c7f88,a32c33b9-2ae0-4565-b4cd-8c363bd2dbb1,0.5537487016723537,0.2,17.0,0.3590701205493188,0.6,0.4675427346881219,0.5919389716094521,0.3,2.0,6.0,1
334642a6-bb5c-4567-ab11-7965399c7f88,6a40cbad-655b-4606-9b92-d053c779e9a1,0.5537487016723537,0.2,17.0,0.3590701205493188,0.2,0.7251468800412657,0.941344002350994,0.0,3.0,0.0,1
334642a6-bb5c-4567-ab11-7965399c7f88,e8099b2a-0582-4c26-a562-02489ef37a4d,0.5537487016723537,0.2,17.0,0.3590701205493188,1.0,0.5135230437741315,0.3765636685032894,1.0,1.0,5.0,0
334642a6-bb5c-4567-ab11-7965399c7f88,06f5b296-916f-4c42-aec7-d6f62bba9d9b,0.5537487016723537,0.2,17.0,0.3590701205493188,0.2,0.3223108679637023,0.4183220717622109,1.0,0.0,1.0,1
334642a6-bb5c-4567-ab11-7965399c7f88,18c8f5c0-62d6-4353-8121-04a82ac26ed8,0.5537487016723537,0.2,17.0,0.3590701205493188,1.0,0.14611128000847454,0.5869443165834576,0.3,1.0,1.0,1
334642a6-bb5c-4567-ab11-7965399c7f88,9fbecf58-4b47-499b-af70-5be883e292d6,0.5537487016723537,0.2,17.0,0.3590701205493188,1.0,0.6813001709251447,0.40858971174533243,0.0,3.0,5.0,0
334642a6-bb5c-4567-ab11-7965399c7f88,7c817b5c-6572-44b4-8692-fb0a6e6339be,0.5537487016723537,0.2,17.0,0.3590701205493188,1.0,0.5648788196988385,0.6966139096390322,0.6,1.0,2.0,1
334642a6-bb5c-4567-ab11-7965399c7f88,5a34f357-525c-4e8c-9761-fca6c5ef4a54,0.5537487016723537,0.2,17.0,0.3590701205493188,1.0,0.32612342892093527,0.37000647225331373,0.3,4.0,5.0,0
334642a6-bb5c-4567-ab11-7965399c7f88,382dc6cd-e931-4c06-8335-e8acc1df4c50,0.5537487016723537,0.2,17.0,0.3590701205493188,0.2,0.558623921637297,0.1308595947819554,1.0,0.0,4.0,1
334642a6-bb5c-4567-ab11-7965399c7f88,b8a59f9c-9152-4e9d-9227-81b450029be0,0.5537487016723537,0.2,17.0,0.3590701205493188,0.2,0.9082416607735994,0.8438860705844703,1.0,5.0,6.0,0
334642a6-bb5c-4567-ab11-7965399c7f88,fccbd80d-e8cc-4cf0-adb9-85c0aa640f7f,0.5537487016723537,0.2,17.0,0.3590701205493188,1.0,0.7950919292205237,0.850748587791265,0.0,4.0,6.0,0
334642a6-bb5c-4567-ab11-7965399c7f88,9f7ae8c9-dc90-4236-adb6-2109245d9021,0.5537487016723537,0.2,17.0,0.3590701205493188,0.6,0.8963101399292399,0.12506351553810924,0.0,0.0,4.0,1
334642a6-bb5c-4567-ab11-7965399c7f88,10fa412c-7efe-46f7-89b0-c6aa11d87532,0.5537487016723537,0.2,17.0,0.3590701205493188,1.0,0.911960789245008,0.6298188715387788,0.3,3.0,0.0,0
334642a6-bb5c-4567-ab11-7965399c7f88,fb36e3d1-7446-45e0-9d41-48f394b60fa9,0.5537487016723537,0.2,17.0,0.3590701205493188,0.6,0.6937735815060089,0.32932384475875576,0.0,5.0,1.0,0
334642a6-bb5c-4567-ab11-7965399c7f88,8155e67e-e6b6-4564-9fbc-a422dfbb4728,0.5537487016723537,0.2,17.0,0.3590701205493188,0.2,0.3282195111753295,0.7588859461800079,0.0,4.0,6.0,0
334642a6-bb5c-4567-ab11-7965399c7f88,ce563c1b-e3b8-441d-8833-a4b1974ef8ad,0.5537487016723537,0.2,17.0,0.3590701205493188,0.2,0.2484209913313706,0.8711314111441384,0.6,3.0,6.0,1
334642a6-bb5c-4567-ab11-7965399c7f88,45cea0cf-acbc-4a1c-ae67-7da156ce4e33,0.5537487016723537,0.2,17.0,0.3590701205493188,0.6,0.44790999008794674,0.8240533460888545,0.3,0.0,2.0,1
334642a6-bb5c-4567-ab11-7965399c7f88,dba04d24-2e37-4c46-ae54-9c34510dff1f,0.5537487016723537,0.2,17.0,0.3590701205493188,1.0,0.8419986133538263,0.7052929283686935,0.0,4.0,4.0,0
334642a6-bb5c-4567-ab11-7965399c7f88,b9085332-b2b1-4b72-8021-b3b81398ce92,0.5537487016723537,0.2,17.0,0.3590701205493188,0.6,0.33544730729888195,0.5880404702366536,0.6,2.0,1.0,1
334642a6-bb5c-4567-ab11-7965399c7f88,4923fb26-e583-4c24-ac52-8838a0ed3a98,0.5537487016723537,0.2,17.0,0.3590701205493188,1.0,0.553388277838538,0.7019544741283528,1.0,2.0,2.0,0
334642a6-bb5c-4567-ab11-7965399c7f88,775861d5-545e-4ddf-b332-3aabb9bd0e76,0.5537487016723537,0.2,17.0,0.3590701205493188,1.0,0.8513642364331833,0.05300666587800451,0.6,4.0,0.0,1
334642a6-bb5c-4567-ab11-7965399c7f88,01fe4a49-c1a0-4cc3-8dc8-8402e6b11064,0.5537487016723537,0.2,17.0,0.3590701205493188,1.0,0.6879754206461195,0.49287097672138225,0.3,5.0,3.0,0
334642a6-bb5c-4567-ab11-7965399c7f88,bcc862ed-ee8c-4519-bd6f-df3684168181,0.5537487016723537,0.2,17.0,0.3590701205493188,1.0,0.9327717807626915,0.3397410335113047,0.3,5.0,5.0,0
334642a6-bb5c-4567-ab11-7965399c7f88,4b297a66-3334-402c-af3b-f9ee2b621b0b,0.5537487016723537,0.2,17.0,0.3590701205493188,0.2,0.16180119098371584,0.2582859429792861,0.0,2.0,1.0,1
334642a6-bb5c-4567-ab11-7965399c7f88,8c20762d-72fc-4a90-9284-b697f6205faa,0.5537487016723537,0.2,17.0,0.3590701205493188,0.2,0.809327370784988,0.46262162923016714,0.6,2.0,3.0,1
334642a6-bb5c-4567-ab11-7965399c7f88,f99793e2-bf1f-4652-b717-b380cf1b82d9,0.5537487016723537,0.2,17.0,0.3590701205493188,1.0,0.3478973552809047,0.15349034844890785,0.0,2.0,2.0,1
334642a6-bb5c-4567-ab11-7965399c7f88,b30a4759-4017-4c73-a262-ebb3da889ea2,0.5537487016723537,0.2,17.0,0.3590701205493188,0.2,0.2824565624064378,0.9351062106319883,1.0,1.0,0.0,1
334642a6-bb5c-4567-ab11-7965399c7f88,79cb3b8e-aafa-418e-97aa-f7fdcb3d6c58,0.5537487016723537,0.2,17.0,0.3590701205493188,0.2,0.3730266808058288,0.7752357696427774,0.3,5.0,1.0,0
334642a6-bb5c-4567-ab11-7965399c7f88,775861d5-545e-4ddf-b332-3aabb9bd0e76,0.5537487016723537,0.2,17.0,0.3590701205493188,1.0,0.8513642364331833,0.05300666587800451,0.6,5.0,4.0,0
334642a6-bb5c-4567-ab11-7965399c7f88,b61ea83c-607e-45d0-8e7b-1b85dc0719bf,0.5537487016723537,0.2,17.0,0.3590701205493188,0.2,0.48020855047645894,0.4947416007255965,1.0,0.0,6.0,1
334642a6-bb5c-4567-ab11-7965399c7f88,225af4bb-7dea-491a-b6ce-984e91ad99bf,0.5537487016723537,0.2,17.0,0.3590701205493188,0.2,0.954287099322196,0.3931698082459284,0.3,2.0,0.0,1
334642a6-bb5c-4567-ab11-7965399c7f88,0d91a5c8-4b22-4198-b963-be98907527f4,0.5537487016723537,0.2,17.0,0.3590701205493188,0.2,0.36811976533001634,0.7445398250927052,0.0,0.0,4.0,0
90c531eb-75ec-4efd-8442-f8e81a8e14c0,694b0a7e-d4bd-489d-991e-0fc7e0b7eae9,0.6549191064456662,1.0,13.0,0.3763524976325574,0.6,0.3343722183141432,0.2359196929431705,1.0,0.0,6.0,1
90c531eb-75ec-4efd-8442-f8e81a8e14c0,9ba51c49-9d6a-423a-905e-593237ec3ec2,0.6549191064456662,1.0,13.0,0.3763524976325574,0.2,0.5056427924137512,0.14164644156570538,1.0,3.0,2.0,1
90c531eb-75ec-4efd-8442-f8e81a8e14c0,2f70d43e-6f07-4505-9201-cce02cbbe2f9,0.6549191064456662,1.0,13.0,0.3763524976325574,0.2,0.9098855720694773,0.2703699432968346,0.0,0.0,6.0,1
90c531eb-75ec-4efd-8442-f8e81a8e14c0,2f2c32fa-6e32-4764-b476-b6f9b3cc5cd7,0.6549191064456662,1.0,13.0,0.3763524976325574,0.2,0.13396258547827183,0.29306867008666404,0.0,5.0,5.0,1
90c531eb-75ec-4efd-8442-f8e81a8e14c0,a86f1d29-fc0a-43b2-a5f5-1c81ea61e113,0.6549191064456662,1.0,13.0,0.3763524976325574,0.2,0.5459412758711781,0.9929580634194145,0.6,2.0,0.0,1
90c531eb-75ec-4efd-8442-f8e81a8e14c0,663e97bc-95a7-41b9-9e8e-0aaa991d7522,0.6549191064456662,1.0,13.0,0.3763524976325574,0.2,0.45979536292483636,0.25030114523410607,1.0,4.0,4.0,1
90c531eb-75ec-4efd-8442-f8e81a8e14c0,90e0e36e-2a3f-4349-b92f-d283a363e309,0.6549191064456662,1.0,13.0,0.3763524976325574,0.6,0.37903438078382046,0.7659731746919894,0.6,3.0,3.0,1
90c531eb-75ec-4efd-8442-f8e81a8e14c0,4eda28e3-9d9e-4f06-badb-0cb04245ce38,0.6549191064456662,1.0,13.0,0.3763524976325574,0.6,0.2524816678776829,0.7419096525240588,0.6,2.0,4.0,0
90c531eb-75ec-4efd-8442-f8e81a8e14c0,a7da2f9e-cfe5-4f9b-a2a9-83b121e1b3a8,0.6549191064456662,1.0,13.0,0.3763524976325574,1.0,0.8629090312240775,0.8986309655053686,0.3,1.0,5.0,0
90c531eb-75ec-4efd-8442-f8e81a8e14c0,f02458a6-6ff7-47a1-8e01-b8ff21f7812d,0.6549191064456662,1.0,13.0,0.3763524976325574,0.2,0.336680938116936,0.2620493339390677,0.6,1.0,1.0,1
90c531eb-75ec-4efd-8442-f8e81a8e14c0,1e0eed17-c905-405d-992d-8f226b5d3e6b,0.6549191064456662,1.0,13.0,0.3763524976325574,0.6,0.4397816989523534,0.9351795022685058,0.0,3.0,5.0,1
90c531eb-75ec-4efd-8442-f8e81a8e14c0,84c440d3-55ef-46aa-abeb-ca96e8632be9,0.6549191064456662,1.0,13.0,0.3763524976325574,0.6,0.5539423499120992,0.05768859541460958,0.6,2.0,5.0,0
90c531eb-75ec-4efd-8442-f8e81a8e14c0,a26f3aa1-8131-40eb-8610-e57f92d60b1d,0.6549191064456662,1.0,13.0,0.3763524976325574,0.6,0.5405955324673002,0.22788898669340596,0.3,5.0,1.0,0
90c531eb-75ec-4efd-8442-f8e81a8e14c0,382dc6cd-e931-4c06-8335-e8acc1df4c50,0.6549191064456662,1.0,13.0,0.3763524976325574,0.2,0.558623921637297,0.1308595947819554,1.0,3.0,0.0,0
90c531eb-75ec-4efd-8442-f8e81a8e14c0,2e56c0c7-a2d4-4606-8362-ead47ba989cf,0.6549191064456662,1.0,13.0,0.3763524976325574,1.0,0.9838404823093492,0.5555768002260758,0.0,1.0,0.0,0
90c531eb-75ec-4efd-8442-f8e81a8e14c0,6df290df-6194-497e-9997-fd6713e1435f,0.6549191064456662,1.0,13.0,0.3763524976325574,1.0,0.7637061762371852,0.8809980926459479,0.6,2.0,3.0,0
90c531eb-75ec-4efd-8442-f8e81a8e14c0,153d2d46-4437-4840-90a1-e5308394b291,0.6549191064456662,1.0,13.0,0.3763524976325574,0.6,0.8859430875649702,0.004809331333315514,0.6,2.0,4.0,1
90c531eb-75ec-4efd-8442-f8e81a8e14c0,06f5b296-916f-4c42-aec7-d6f62bba9d9b,0.6549191064456662,1.0,13.0,0.3763524976325574,0.2,0.3223108679637023,0.4183220717622109,1.0,3.0,5.0,1
90c531eb-75ec-4efd-8442-f8e81a8e14c0,34aadaae-a82c-41a6-b6ac-2ab4f11a8047,0.6549191064456662,1.0,13.0,0.3763524976325574,0.2,0.11867463394112543,0.26611592959755015,0.6,1.0,5.0,1
90c531eb-75ec-4efd-8442-f8e81a8e14c0,85736eaa-5d46-446f-bc37-90664659af7c,0.6549191064456662,1.0,13.0,0.3763524976325574,0.2,0.5071632128531129,0.5363921784426651,0.3,5.0,6.0,1
90c531eb-75ec-4efd-8442-f8e81a8e14c0,03be5e2c-49dc-49c9-bf6c-bd633714d57c,0.6549191064456662,1.0,13.0,0.3763524976325574,0.2,0.23003808241798443,0.40233767223870887,0.0,3.0,4.0,0
90c531eb-75ec-4efd-8442-f8e81a8e14c0,ad90952f-caf0-425d-8039-7263f702df91,0.6549191064456662,1.0,13.0,0.3763524976325574,0.2,0.9254823202465832,0.36840241779614114,0.0,4.0,3.0,1
90c531eb-75ec-4efd-8442-f8e81a8e14c0,34aadaae-a82c-41a6-b6ac-2ab4f11a8047,0.6549191064456662,1.0,13.0,0.3763524976325574,0.2,0.11867463394112543,0.26611592959755015,0.6,3.0,2.0,1
90c531eb-75ec-4efd-8442-f8e81a8e14c0,ff0af660-6a5f-4fd7-b2e1-c43344816514,0.6549191064456662,1.0,13.0,0.3763524976325574,1.0,0.5024161230527904,0.7433967816161681,0.3,1.0,2.0,0
90c531eb-75ec-4efd-8442-f8e81a8e14c0,5145c478-0b39-4ab7-a906-e1b9735ba3ce,0.6549191064456662,1.0,13.0,0.3763524976325574,0.6,0.8786936977058606,0.9587100682359623,1.0,4.0,0.0,1
90c531eb-75ec-4efd-8442-f8e81a8e14c0,160450d5-9356-496d-a71d-78413a2828c7,0.6549191064456662,1.0,13.0,0.3763524976325574,0.2,0.6437789001540966,0.8506322574276396,1.0,0.0,6.0,1
90c531eb-75ec-4efd-8442-f8e81a8e14c0,bf54fdb0-6d82-479e-a9d5-78fc64767a17,0.6549191064456662,1.0,13.0,0.3763524976325574,0.2,0.17614837616217327,0.6505421545039386,1.0,5.0,6.0,1
90c531eb-75ec-4efd-8442-f8e81a8e14c0,2e62bb91-bbcc-427c-86f2-60487a06e1ea,0.6549191064456662,1.0,13.0,0.3763524976325574,0.6,0.9970298553106509,0.5346422845071757,0.3,4.0,2.0,0
90c531eb-75ec-4efd-8442-f8e81a8e14c0,cd408280-465f-4896-b05f-85290441236d,0.6549191064456662,1.0,13.0,0.3763524976325574,1.0,0.22129010421141973,0.167964745667194,0.6,0.0,1.0,1
90c531eb-75ec-4efd-8442-f8e81a8e14c0,5c628898-abde-4c5b-8dc9-253bfab0c323,0.6549191064456662,1.0,13.0,0.3763524976325574,0.6,0.29562602483866546,0.8882279982692427,0.3,3.0,5.0,1
90c531eb-75ec-4efd-8442-f8e81a8e14c0,27de15b7-4423-4163-9a52-27eba3556133,0.6549191064456662,1.0,13.0,0.3763524976325574,0.2,0.8025233861040034,0.45458734247358457,0.6,5.0,1.0,1
90c531eb-75ec-4efd-8442-f8e81a8e14c0,b1ef27f4-c212-4d80-95b3-1ccfcccee40b,0.6549191064456662,1.0,13.0,0.3763524976325574,1.0,0.273179116013828,0.9075422104826739,1.0,0.0,1.0,0
90c531eb-75ec-4efd-8442-f8e81a8e14c0,c2aa2f4b-31d0-4751-b78b-9bc94a917dd3,0.6549191064456662,1.0,13.0,0.3763524976325574,0.2,0.9632839642542039,0.47862263242291936,0.3,0.0,5.0,1
90c531eb-75ec-4efd-8442-f8e81a8e14c0,c192b11f-4447-40a2-80a6-390cd362dfa5,0.6549191064456662,1.0,13.0,0.3763524976325574,1.0,0.7363853294533637,0.9004772949138748,0.6,4.0,5.0,0
90c531eb-75ec-4efd-8442-f8e81a8e14c0,773cb37f-03e9-462d-9f7c-bb397a470391,0.6549191064456662,1.0,13.0,0.3763524976325574,1.0,0.138085119243381,0.17870489763614517,0.6,1.0,3.0,0
90c531eb-75ec-4efd-8442-f8e81a8e14c0,0c914be4-9a3f-42b1-9a0d-7b75e4458ea2,0.6549191064456662,1.0,13.0,0.3763524976325574,0.2,0.6120270413649967,0.8895054166969376,0.3,5.0,1.0,1
90c531eb-75ec-4efd-8442-f8e81a8e14c0,9f019ca3-6a4d-4f1c-8cfd-4fc983011cd8,0.6549191064456662,1.0,13.0,0.3763524976325574,0.6,0.8592879525285462,0.4771610349793223,0.6,2.0,6.0,0
90c531eb-75ec-4efd-8442-f8e81a8e14c0,b61ea83c-607e-45d0-8e7b-1b85dc0719bf,0.6549191064456662,1.0,13.0,0.3763524976325574,0.2,0.48020855047645894,0.4947416007255965,1.0,5.0,2.0,1
90c531eb-75ec-4efd-8442-f8e81a8e14c0,90b5993b-1b5d-4363-8738-1f1566b34091,0.6549191064456662,1.0,13.0,0.3763524976325574,0.2,0.20193175818065728,0.8491249460757495,1.0,1.0,3.0,1
90c531eb-75ec-4efd-8442-f8e81a8e14c0,1dbb57c0-dbf1-4996-b33e-610ff0e1a4c5,0.6549191064456662,1.0,13.0,0.3763524976325574,0.2,0.6520298599863723,0.91316722678243,1.0,4.0,3.0,1
72ee3521-d3d5-40aa-80b8-127ce9d6b907,2e62bb91-bbcc-427c-86f2-60487a06e1ea,0.612485978713136,0.2,5.0,0.7585115159905815,0.6,0.9970298553106509,0.5346422845071757,0.3,5.0,1.0,1
72ee3521-d3d5-40aa-80b8-127ce9d6b907,d72916bd-ef8f-4502-bba8-725c04f85a5f,0.612485978713136,0.2,5.0,0.7585115159905815,0.2,0.854828063402321,0.2603597878713769,0.0,0.0,2.0,1
72ee3521-d3d5-40aa-80b8-127ce9d6b907,e33220eb-1aa5-4702-8b7f-82096cbf244c,0.612485978713136,0.2,5.0,0.7585115159905815,0.2,0.8045091416614435,0.9303962480539164,0.0,3.0,5.0,1
72ee3521-d3d5-40aa-80b8-127ce9d6b907,33aa1631-5d42-4228-84c3-639ac72cf903,0.612485978713136,0.2,5.0,0.7585115159905815,1.0,0.20605411083785363,0.7031088164784068,0.3,3.0,0.0,0
72ee3521-d3d5-40aa-80b8-127ce9d6b907,2fd06511-a2df-41a4-b9b8-72ad25edbef7,0.612485978713136,0.2,5.0,0.7585115159905815,1.0,0.8121414643536927,0.9186858244934103,0.3,0.0,6.0,1
72ee3521-d3d5-40aa-80b8-127ce9d6b907,bfa4d06d-4c33-44f5-a582-6f5fc24bfd7f,0.612485978713136,0.2,5.0,0.7585115159905815,0.2,0.6497798817429743,0.4331009496434778,1.0,0.0,5.0,0
72ee3521-d3d5-40aa-80b8-127ce9d6b907,b02c207c-3d8f-47d1-94d5-ea09db74e5c8,0.612485978713136,0.2,5.0,0.7585115159905815,0.6,0.3575527172065134,0.7990422256936793,0.3,0.0,3.0,1
72ee3521-d3d5-40aa-80b8-127ce9d6b907,61ae4cd0-4feb-4315-9993-55959a8ab125,0.612485978713136,0.2,5.0,0.7585115159905815,0.6,0.5247340762216478,0.34315624408831924,0.0,5.0,0.0,0
72ee3521-d3d5-40aa-80b8-127ce9d6b907,42438319-d9cd-4491-91c4-7e8df4051b62,0.612485978713136,0.2,5.0,0.7585115159905815,0.2,0.6023180626659986,0.9806347370894578,0.0,3.0,2.0,0
72ee3521-d3d5-40aa-80b8-127ce9d6b907,3feb240a-54de-4548-9d6d-6b68da72c588,0.612485978713136,0.2,5.0,0.7585115159905815,0.6,0.3534939575862086,0.46875086538360267,0.6,4.0,0.0,1
72ee3521-d3d5-40aa-80b8-127ce9d6b907,5c628898-abde-4c5b-8dc9-253bfab0c323,0.612485978713136,0.2,5.0,0.7585115159905815,0.6,0.29562602483866546,0.8882279982692427,0.3,1.0,5.0,0
72ee3521-d3d5-40aa-80b8-127ce9d6b907,85a991a1-00c2-4f3b-a2f1-2edd3ed3c13b,0.612485978713136,0.2,5.0,0.7585115159905815,0.6,0.885115810475927,0.053316349790826556,0.3,3.0,1.0,0
72ee3521-d3d5-40aa-80b8-127ce9d6b907,0d91a5c8-4b22-4198-b963-be98907527f4,0.612485978713136,0.2,5.0,0.7585115159905815,0.2,0.36811976533001634,0.7445398250927052,0.0,2.0,6.0,1
72ee3521-d3d5-40aa-80b8-127ce9d6b907,4fdb3305-ba7f-45fd-908f-aee1f36874a7,0.612485978713136,0.2,5.0,0.7585115159905815,0.2,0.9186809012161644,0.8525202868433427,1.0,1.0,1.0,1
72ee3521-d3d5-40aa-80b8-127ce9d6b907,ad90952f-caf0-425d-8039-7263f702df91,0.612485978713136,0.2,5.0,0.7585115159905815,0.2,0.9254823202465832,0.36840241779614114,0.0,1.0,1.0,0
72ee3521-d3d5-40aa-80b8-127ce9d6b907,01fe4a49-c1a0-4cc3-8dc8-8402e6b11064,0.612485978713136,0.2,5.0,0.7585115159905815,1.0,0.6879754206461195,0.49287097672138225,0.3,3.0,4.0,0
72ee3521-d3d5-40aa-80b8-127ce9d6b907,3e8780dc-c7a9-4934-8e6f-110d379812e4,0.612485978713136,0.2,5.0,0.7585115159905815,1.0,0.5060570262278341,0.2300402347272693,0.6,3.0,2.0,0
72ee3521-d3d5-40aa-80b8-127ce9d6b907,ce563c1b-e3b8-441d-8833-a4b1974ef8ad,0.612485978713136,0.2,5.0,0.7585115159905815,0.2,0.2484209913313706,0.8711314111441384,0.6,2.0,5.0,1
72ee3521-d3d5-40aa-80b8-127ce9d6b907,1975da03-cf78-4c90-a916-3660a489f0dc,0.612485978713136,0.2,5.0,0.7585115159905815,0.6,0.4213481052285838,0.6693330773357604,0.6,4.0,2.0,1
72ee3521-d3d5-40aa-80b8-127ce9d6b907,b30a4759-4017-4c73-a262-ebb3da889ea2,0.612485978713136,0.2,5.0,0.7585115159905815,0.2,0.2824565624064378,0.9351062106319883,1.0,3.0,6.0,0
72ee3521-d3d5-40aa-80b8-127ce9d6b907,1fca9427-3cae-42d5-bed5-488302ac2459,0.612485978713136,0.2,5.0,0.7585115159905815,0.6,0.396450442114459,0.6699625843471093,0.0,0.0,1.0,1
72ee3521-d3d5-40aa-80b8-127ce9d6b907,786a081e-bed1-4dd5-af8f-b24a2969db27,0.612485978713136,0.2,5.0,0.7585115159905815,1.0,0.2204606202831086,0.8790686327551894,0.6,5.0,2.0,0
72ee3521-d3d5-40aa-80b8-127ce9d6b907,bf1c16a4-e182-4ecc-8023-e458da60daac,0.612485978713136,0.2,5.0,0.7585115159905815,1.0,0.24964749169716674,0.6258043806862246,0.6,2.0,0.0,0
72ee3521-d3d5-40aa-80b8-127ce9d6b907,7bf57e1f-8d6e-4525-9822-40fe99cb92db,0.612485978713136,0.2,5.0,0.7585115159905815,0.6,0.646849787279288,0.8371345930324872,0.6,4.0,5.0,0
72ee3521-d3d5-40aa-80b8-127ce9d6b907,e8df6458-6771-4ac9-9072-87c3e1750d40,0.612485978713136,0.2,5.0,0.7585115159905815,0.2,0.43364799363262085,0.28863566461256474,0.0,1.0,4.0,1
72ee3521-d3d5-40aa-80b8-127ce9d6b907,8a2b6b58-3f67-4179-b80b-643dade73512,0.612485978713136,0.2,5.0,0.7585115159905815,0.6,0.31611651735255464,0.7525389528715243,1.0,4.0,2.0,0
72ee3521-d3d5-40aa-80b8-127ce9d6b907,34df5d01-15ed-49be-beaf-1edba5ce73f3,0.612485978713136,0.2,5.0,0.7585115159905815,0.2,0.570771685431961,0.8647552667165631,0.3,5.0,0.0,1
72ee3521-d3d5-40aa-80b8-127ce9d6b907,020ff159-4271-4aa5-87f3-9295346f6563,0.612485978713136,0.2,5.0,0.7585115159905815,0.6,0.31530071999913584,0.1616253953204818,0.0,3.0,0.0,0
72ee3521-d3d5-40aa-80b8-127ce9d6b907,34aadaae-a82c-41a6-b6ac-2ab4f11a8047,0.612485978713136,0.2,5.0,0.7585115159905815,0.2,0.11867463394112543,0.26611592959755015,0.6,2.0,2.0,1
72ee3521-d3d5-40aa-80b8-127ce9d6b907,d8d30dac-fd61-48d1-8bf9-aa602ff08b1b,0.612485978713136,0.2,5.0,0.7585115159905815,0.6,0.5193853910130869,0.5025270481245171,0.0,4.0,2.0,0
72ee3521-d3d5-40aa-80b8-127ce9d6b907,686e3aa2-fafa-49b8-ae04-90315babb1d4,0.612485978713136,0.2,5.0,0.7585115159905815,0.2,0.2485402182633587,0.3567460645487345,1.0,2.0,6.0,0
72ee3521-d3d5-40aa-80b8-127ce9d6b907,786a081e-bed1-4dd5-af8f-b24a2969db27,0.612485978713136,0.2,5.0,0.7585115159905815,1.0,0.2204606202831086,0.8790686327551894,0.6,5.0,6.0,1
72ee3521-d3d5-40aa-80b8-127ce9d6b907,b1ecfa5c-68a1-4a8a-846a-dfb97027e1f6,0.612485978713136,0.2,5.0,0.7585115159905815,0.6,0.47396075244655456,0.7794108057492125,1.0,1.0,6.0,0
72ee3521-d3d5-40aa-80b8-127ce9d6b907,61ae4cd0-4feb-4315-9993-55959a8ab125,0.612485978713136,0.2,5.0,0.7585115159905815,0.6,0.5247340762216478,0.34315624408831924,0.0,4.0,2.0,1
72ee3521-d3d5-40aa-80b8-127ce9d6b907,6e8ca283-10c7-434c-826a-837f38ec5444,0.612485978713136,0.2,5.0,0.7585115159905815,0.2,0.6513768543337128,0.6342982912007427,1.0,4.0,0.0,0
72ee3521-d3d5-40aa-80b8-127ce9d6b907,2270dcd6-f4ba-4acf-b863-271ea249c419,0.612485978713136,0.2,5.0,0.7585115159905815,0.6,0.888509462672205,0.11768090665028597,0.0,4.0,3.0,0
72ee3521-d3d5-40aa-80b8-127ce9d6b907,d96815d9-4db7-48f0-85a0-eddc3b7b916f,0.612485978713136,0.2,5.0,0.7585115159905815,0.6,0.4536278778772145,0.0754688004112799,1.0,5.0,1.0,0
72ee3521-d3d5-40aa-80b8-127ce9d6b907,b08e025f-b00e-487d-9769-6e771d335fcd,0.612485978713136,0.2,5.0,0.7585115159905815,0.6,0.35587631985892465,0.5051778789164922,0.3,2.0,4.0,1
72ee3521-d3d5-40aa-80b8-127ce9d6b907,dba04d24-2e37-4c46-ae54-9c34510dff1f,0.612485978713136,0.2,5.0,0.7585115159905815,1.0,0.8419986133538263,0.7052929283686935,0.0,5.0,2.0,1
72ee3521-d3d5-40aa-80b8-127ce9d6b907,0d91a5c8-4b22-4198-b963-be98907527f4,0.612485978713136,0.2,5.0,0.7585115159905815,0.2,0.36811976533001634,0.7445398250927052,0.0,0.0,2.0,1
8ef3a37c-f0bb-470e-8af2-f62caad0ac31,230352f2-770a-46c0-abe4-d7625139ab5e,0.4381753615625943,0.2,6.0,0.9657704577654249,0.2,0.6004574087726475,0.5930492421524886,0.0,4.0,1.0,1
8ef3a37c-f0bb-470e-8af2-f62caad0ac31,015a673e-67b9-4560-949f-f0f29ba09691,0.4381753615625943,0.2,6.0,0.9657704577654249,0.6,0.772469818793257,0.851704139635052,0.0,3.0,4.0,1
8ef3a37c-f0bb-470e-8af2-f62caad0ac31,9f019ca3-6a4d-4f1c-8cfd-4fc983011cd8,0.4381753615625943,0.2,6.0,0.9657704577654249,0.6,0.8592879525285462,0.4771610349793223,0.6,5.0,0.0,0
8ef3a37c-f0bb-470e-8af2-f62caad0ac31,74e91ec2-7e97-4477-a254-e11129eee045,0.4381753615625943,0.2,6.0,0.9657704577654249,1.0,0.4127752338799551,0.9613455666412534,0.3,0.0,5.0,0
8ef3a37c-f0bb-470e-8af2-f62caad0ac31,230352f2-770a-46c0-abe4-d7625139ab5e,0.4381753615625943,0.2,6.0,0.9657704577654249,0.2,0.6004574087726475,0.5930492421524886,0.0,2.0,0.0,1
8ef3a37c-f0bb-470e-8af2-f62caad0ac31,68ffa0bd-b298-4476-a51a-141035550fd6,0.4381753615625943,0.2,6.0,0.9657704577654249,1.0,0.7873450415195071,0.20198131932556307,0.3,0.0,3.0,0
8ef3a37c-f0bb-470e-8af2-f62caad0ac31,06497e85-86a1-47f4-bbdd-a5f778924253,0.4381753615625943,0.2,6.0,0.9657704577654249,0.2,0.19052222599951962,0.20137632619118384,0.3,0.0,5.0,1
8ef3a37c-f0bb-470e-8af2-f62caad0ac31,85736eaa-5d46-446f-bc37-90664659af7c,0.4381753615625943,0.2,6.0,0.9657704577654249,0.2,0.5071632128531129,0.5363921784426651,0.3,0.0,6.0,0
8ef3a37c-f0bb-470e-8af2-f62caad0ac31,2a4e6f6f-8a97-4b0f-8706-b5b5c9a3506e,0.4381753615625943,0.2,6.0,0.9657704577654249,1.0,0.508305717299449,0.5779541132057853,1.0,1.0,0.0,0
8ef3a37c-f0bb-470e-8af2-f62caad0ac31,bbaf1fa3-f0d2-4cf1-a007-2ff9a73a4732,0.4381753615625943,0.2,6.0,0.9657704577654249,0.6,0.943547710035929,0.4668619140050845,1.0,1.0,2.0,0
8ef3a37c-f0bb-470e-8af2-f62caad0ac31,19d3638b-3623-485e-a7a3-bed4ec53eb28,0.4381753615625943,0.2,6.0,0.9657704577654249,0.2,0.22255292506683805,0.2999183439789205,0.0,2.0,6.0,0
8ef3a37c-f0bb-470e-8af2-f62caad0ac31,015a673e-67b9-4560-949f-f0f29ba09691,0.4381753615625943,0.2,6.0,0.9657704577654249,0.6,0.772469818793257,0.851704139635052,0.0,2.0,6.0,0
8ef3a37c-f0bb-470e-8af2-f62caad0ac31,9d28a4ed-19ea-45ff-8c87-cd755a39633c,0.4381753615625943,0.2,6.0,0.9657704577654249,1.0,0.9699569764835101,0.3864034459374597,1.0,1.0,0.0,0
8ef3a37c-f0bb-470e-8af2-f62caad0ac31,160450d5-9356-496d-a71d-78413a2828c7,0.4381753615625943,0.2,6.0,0.9657704577654249,0.2,0.6437789001540966,0.8506322574276396,1.0,0.0,1.0,1
8ef3a37c-f0bb-470e-8af2-f62caad0ac31,10fa412c-7efe-46f7-89b0-c6aa11d87532,0.4381753615625943,0.2,6.0,0.9657704577654249,1.0,0.911960789245008,0.6298188715387788,0.3,4.0,0.0,0
8ef3a37c-f0bb-470e-8af2-f62caad0ac31,7d8ed681-553e-4f86-8328-93bdf476bee2,0.4381753615625943,0.2,6.0,0.9657704577654249,0.6,0.8243337011258274,0.4855544869796419,1.0,4.0,4.0,0
8ef3a37c-f0bb-470e-8af2-f62caad0ac31,a17bf541-effa-44fe-bb93-e99cb560a113,0.4381753615625943,0.2,6.0,0.9657704577654249,0.6,0.6843407970867683,0.1004271940167254,0.6,5.0,6.0,0
8ef3a37c-f0bb-470e-8af2-f62caad0ac31,6194ece5-783c-4da7-bdc5-d5536c904afd,0.4381753615625943,0.2,6.0,0.9657704577654249,0.6,0.6048572623235224,0.928472011746639,0.3,3.0,5.0,1
8ef3a37c-f0bb-470e-8af2-f62caad0ac31,9ba51c49-9d6a-423a-905e-593237ec3ec2,0.4381753615625943,0.2,6.0,0.9657704577654249,0.2,0.5056427924137512,0.14164644156570538,1.0,3.0,3.0,1
8ef3a37c-f0bb-470e-8af2-f62caad0ac31,15ffb6f4-0363-4611-afec-93fefe2ffd83,0.4381753615625943,0.2,6.0,0.9657704577654249,0.2,0.9223427256162328,0.7798431272433336,0.3,0.0,0.0,1
8ef3a37c-f0bb-470e-8af2-f62caad0ac31,c0831cb8-2671-4f2e-9498-e74d21da6f33,0.4381753615625943,0.2,6.0,0.9657704577654249,0.2,0.678838712580165,0.49622340240440477,1.0,2.0,4.0,1
8ef3a37c-f0bb-470e-8af2-f62caad0ac31,4590aaee-b789-46de-a082-c6807a962ec2,0.4381753615625943,0.2,6.0,0.9657704577654249,1.0,0.9792453221449127,0.1694110619506124,1.0,3.0,4.0,0
8ef3a37c-f0bb-470e-8af2-f62caad0ac31,4fdb3305-ba7f-45fd-908f-aee1f36874a7,0.4381753615625943,0.2,6.0,0.9657704577654249,0.2,0.9186809012161644,0.8525202868433427,1.0,0.0,6.0,0
8ef3a37c-f0bb-470e-8af2-f62caad0ac31,1dbb57c0-dbf1-4996-b33e-610ff0e1a4c5,0.4381753615625943,0.2,6.0,0.9657704577654249,0.2,0.6520298599863723,0.91316722678243,1.0,5.0,6.0,1
8ef3a37c-f0bb-470e-8af2-f62caad0ac31,139389de-ef52-4a31-a3a6-711cb26f1f6a,0.4381753615625943,0.2,6.0,0.9657704577654249,0.2,0.6569353768626665,0.927362807810403,1.0,3.0,2.0,1
8ef3a37c-f0bb-470e-8af2-f62caad0ac31,9913533d-faae-4d19-b26f-7d58e0c13607,0.4381753615625943,0.2,6.0,0.9657704577654249,0.6,0.8682957247821264,0.11927861507246895,0.3,2.0,3.0,1
8ef3a37c-f0bb-470e-8af2-f62caad0ac31,18c8f5c0-62d6-4353-8121-04a82ac26ed8,0.4381753615625943,0.2,6.0,0.9657704577654249,1.0,0.14611128000847454,0.5869443165834576,0.3,5.0,3.0,0
8ef3a37c-f0bb-470e-8af2-f62caad0ac31,4b297a66-3334-402c-af3b-f9ee2b621b0b,0.4381753615625943,0.2,6.0,0.9657704577654249,0.2,0.16180119098371584,0.2582859429792861,0.0,3.0,0.0,1
8ef3a37c-f0bb-470e-8af2-f62caad0ac31,7e5fb408-a839-4c94-af31-f8f846c10b16,0.4381753615625943,0.2,6.0,0.9657704577654249,0.6,0.3750883081968893,0.7913034251586659,1.0,4.0,0.0,0
8ef3a37c-f0bb-470e-8af2-f62caad0ac31,666c606e-4a7f-4e66-9fac-fbc0339d13f8,0.4381753615625943,0.2,6.0,0.9657704577654249,1.0,0.9652102148867648,0.8330892916579566,0.3,5.0,0.0,0
8ef3a37c-f0bb-470e-8af2-f62caad0ac31,290546aa-9a27-44b0-96cf-1cbe5de0ac63,0.4381753615625943,0.2,6.0,0.9657704577654249,0.2,0.8840031953521331,0.909469052204089,0.3,5.0,0.0,1
8ef3a37c-f0bb-470e-8af2-f62caad0ac31,78815b00-b8cf-4b53-9b5c-0a0cc08481cf,0.4381753615625943,0.2,6.0,0.9657704577654249,0.6,0.9610158815047943,0.2578843936513069,0.0,0.0,4.0,1
8ef3a37c-f0bb-470e-8af2-f62caad0ac31,cd43d020-95b3-4fce-8795-f8fd1c5756af,0.4381753615625943,0.2,6.0,0.9657704577654249,0.6,0.5573941486973442,0.11632937988922598,0.3,1.0,6.0,0
8ef3a37c-f0bb-470e-8af2-f62caad0ac31,1f8de1f5-f4a5-410b-85f9-a2177b221fd0,0.4381753615625943,0.2,6.0,0.9657704577654249,0.2,0.9355406398663405,0.9993664824422813,1.0,0.0,6.0,1
8ef3a37c-f0bb-470e-8af2-f62caad0ac31,4eda28e3-9d9e-4f06-badb-0cb04245ce38,0.4381753615625943,0.2,6.0,0.9657704577654249,0.6,0.2524816678776829,0.7419096525240588,0.6,4.0,6.0,1
8ef3a37c-f0bb-470e-8af2-f62caad0ac31,b675fdc1-c9db-4f65-ad76-cb5d41d88b8a,0.4381753615625943,0.2,6.0,0.9657704577654249,0.2,0.6871950997280843,0.6183737144963264,0.0,0.0,4.0,0
8ef3a37c-f0bb-470e-8af2-f62caad0ac31,2e56c0c7-a2d4-4606-8362-ead47ba989cf,0.4381753615625943,0.2,6.0,0.9657704577654249,1.0,0.9838404823093492,0.5555768002260758,0.0,0.0,1.0,0
8ef3a37c-f0bb-470e-8af2-f62caad0ac31,c3ccbfd0-fc33-4b81-bec0-7bb56f47c14f,0.4381753615625943,0.2,6.0,0.9657704577654249,1.0,0.7957102117424933,0.04996005462064468,1.0,2.0,0.0,1
8ef3a37c-f0bb-470e-8af2-f62caad0ac31,5145c478-0b39-4ab7-a906-e1b9735ba3ce,0.4381753615625943,0.2,6.0,0.9657704577654249,0.6,0.8786936977058606,0.9587100682359623,1.0,0.0,1.0,0
8ef3a37c-f0bb-470e-8af2-f62caad0ac31,34aadaae-a82c-41a6-b6ac-2ab4f11a8047,0.4381753615625943,0.2,6.0,0.9657704577654249,0.2,0.11867463394112543,0.26611592959755015,0.6,5.0,4.0,1
d1e23a9e-9c36-4195-91bf-3f306cca4c75,09a8b01c-9886-431b-860f-484d959f9fd8,0.43561618157883875,0.2,12.0,0.27737310146677124,0.2,0.7949409365509817,0.650881327422057,0.0,1.0,2.0,1
d1e23a9e-9c36-4195-91bf-3f306cca4c75,06deada8-30c5-413b-9c3c-714dac3f16dc,0.43561618157883875,0.2,12.0,0.27737310146677124,1.0,0.35763710304451657,0.8208832504363414,1.0,4.0,0.0,1
d1e23a9e-9c36-4195-91bf-3f306cca4c75,7bf57e1f-8d6e-4525-9822-40fe99cb92db,0.43561618157883875,0.2,12.0,0.27737310146677124,0.6,0.646849787279288,0.8371345930324872,0.6,5.0,0.0,0
d1e23a9e-9c36-4195-91bf-3f306cca4c75,16aa6851-6f56-441d-b1e3-84c8e2b58887,0.43561618157883875,0.2,12.0,0.27737310146677124,1.0,0.7017944767412314,0.7875435396564088,0.3,4.0,3.0,0
d1e23a9e-9c36-4195-91bf-3f306cca4c75,319d65cc-35fb-4fd2-8d36-0aaeae8c1599,0.43561618157883875,0.2,12.0,0.27737310146677124,0.2,0.3492163442071033,0.6358648613159886,0.3,0.0,2.0,1
d1e23a9e-9c36-4195-91bf-3f306cca4c75,3feb240a-54de-4548-9d6d-6b68da72c588,0.43561618157883875,0.2,12.0,0.27737310146677124,0.6,0.3534939575862086,0.46875086538360267,0.6,4.0,5.0,1
d1e23a9e-9c36-4195-91bf-3f306cca4c75,8977ae1e-0308-44ae-a8c8-f83ca0744d63,0.43561618157883875,0.2,12.0,0.27737310146677124,0.6,0.8507600711322102,0.25582976206381436,0.6,0.0,1.0,1
d1e23a9e-9c36-4195-91bf-3f306cca4c75,34df5d01-15ed-49be-beaf-1edba5ce73f3,0.43561618157883875,0.2,12.0,0.27737310146677124,0.2,0.570771685431961,0.8647552667165631,0.3,2.0,2.0,1
d1e23a9e-9c36-4195-91bf-3f306cca4c75,4fdb3305-ba7f-45fd-908f-aee1f36874a7,0.43561618157883875,0.2,12.0,0.27737310146677124,0.2,0.9186809012161644,0.8525202868433427,1.0,1.0,1.0,0
d1e23a9e-9c36-4195-91bf-3f306cca4c75,e4db18b0-d91a-4fe4-b05f-eda25f38ea0d,0.43561618157883875,0.2,12.0,0.27737310146677124,0.2,0.5776591949487476,0.19019373944895102,0.3,4.0,6.0,1
d1e23a9e-9c36-4195-91bf-3f306cca4c75,61ae4cd0-4feb-4315-9993-55959a8ab125,0.43561618157883875,0.2,12.0,0.27737310146677124,0.6,0.5247340762216478,0.34315624408831924,0.0,5.0,0.0,0
d1e23a9e-9c36-4195-91bf-3f306cca4c75,f4511c0e-1907-4564-85be-6208646f9403,0.43561618157883875,0.2,12.0,0.27737310146677124,0.6,0.9737144331912416,0.8489993802384885,0.3,2.0,4.0,1
d1e23a9e-9c36-4195-91bf-3f306cca4c75,663e97bc-95a7-41b9-9e8e-0aaa991d7522,0.43561618157883875,0.2,12.0,0.27737310146677124,0.2,0.45979536292483636,0.25030114523410607,1.0,2.0,0.0,0
d1e23a9e-9c36-4195-91bf-3f306cca4c75,f9e2c26a-8651-45e9-95ac-020bf84e5d87,0.43561618157883875,0.2,12.0,0.27737310146677124,1.0,0.5925107460897749,0.3638178643767461,0.6,4.0,3.0,0
d1e23a9e-9c36-4195-91bf-3f306cca4c75,f62e1330-1cf0-425f-9f10-6ddf9042abcd,0.43561618157883875,0.2,12.0,0.27737310146677124,1.0,0.9321622696421319,0.2356252848280802,1.0,3.0,6.0,0
d1e23a9e-9c36-4195-91bf-3f306cca4c75,5145c478-0b39-4ab7-a906-e1b9735ba3ce,0.43561618157883875,0.2,12.0,0.27737310146677124,0.6,0.8786936977058606,0.9587100682359623,1.0,4.0,0.0,1
d1e23a9e-9c36-4195-91bf-3f306cca4c75,c3ccbfd0-fc33-4b81-bec0-7bb56f47c14f,0.43561618157883875,0.2,12.0,0.27737310146677124,1.0,0.7957102117424933,0.04996005462064468,1.0,1.0,2.0,1
d1e23a9e-9c36-4195-91bf-3f306cca4c75,7c817b5c-6572-44b4-8692-fb0a6e6339be,0.43561618157883875,0.2,12.0,0.27737310146677124,1.0,0.5648788196988385,0.6966139096390322,0.6,4.0,4.0,0
d1e23a9e-9c36-4195-91bf-3f306cca4c75,e8099b2a-0582-4c26-a562-02489ef37a4d,0.43561618157883875,0.2,12.0,0.27737310146677124,1.0,0.5135230437741315,0.3765636685032894,1.0,5.0,6.0,1
d1e23a9e-9c36-4195-91bf-3f306cca4c75,b8a59f9c-9152-4e9d-9227-81b450029be0,0.43561618157883875,0.2,12.0,0.27737310146677124,0.2,0.9082416607735994,0.8438860705844703,1.0,1.0,2.0,0
d1e23a9e-9c36-4195-91bf-3f306cca4c75,b1ecfa5c-68a1-4a8a-846a-dfb97027e1f6,0.43561618157883875,0.2,12.0,0.27737310146677124,0.6,0.47396075244655456,0.7794108057492125,1.0,1.0,6.0,1
d1e23a9e-9c36-4195-91bf-3f306cca4c75,a86f1d29-fc0a-43b2-a5f5-1c81ea61e113,0.43561618157883875,0.2,12.0,0.27737310146677124,0.2,0.5459412758711781,0.9929580634194145,0.6,4.0,3.0,0
d1e23a9e-9c36-4195-91bf-3f306cca4c75,160450d5-9356-496d-a71d-78413a2828c7,0.43561618157883875,0.2,12.0,0.27737310146677124,0.2,0.6437789001540966,0.8506322574276396,1.0,5.0,2.0,1
d1e23a9e-9c36-4195-91bf-3f306cca4c75,cd408280-465f-4896-b05f-85290441236d,0.43561618157883875,0.2,12.0,0.27737310146677124,1.0,0.22129010421141973,0.167964745667194,0.6,5.0,2.0,0
d1e23a9e-9c36-4195-91bf-3f306cca4c75,78815b00-b8cf-4b53-9b5c-0a0cc08481cf,0.43561618157883875,0.2,12.0,0.27737310146677124,0.6,0.9610158815047943,0.2578843936513069,0.0,4.0,0.0,0
d1e23a9e-9c36-4195-91bf-3f306cca4c75,4c734813-4a8a-4ce6-81e5-fc4a2a5db3a2,0.43561618157883875,0.2,12.0,0.27737310146677124,0.6,0.10056769438917118,0.5730262898413426,0.3,2.0,6.0,0
d1e23a9e-9c36-4195-91bf-3f306cca4c75,34aadaae-a82c-41a6-b6ac-2ab4f11a8047,0.43561618157883875,0.2,12.0,0.27737310146677124,0.2,0.11867463394112543,0.26611592959755015,0.6,4.0,4.0,1
d1e23a9e-9c36-4195-91bf-3f306cca4c75,cfaac6f7-b976-4661-8cd2-98f3a4e3a281,0.43561618157883875,0.2,12.0,0.27737310146677124,0.2,0.17993656314318568,0.2972789514204549,0.3,5.0,0.0,0
d1e23a9e-9c36-4195-91bf-3f306cca4c75,2e62bb91-bbcc-427c-86f2-60487a06e1ea,0.43561618157883875,0.2,12.0,0.27737310146677124,0.6,0.9970298553106509,0.5346422845071757,0.3,2.0,4.0,1
d1e23a9e-9c36-4195-91bf-3f306cca4c75,7c786351-37ac-47a2-9542-40b90f3efee8,0.43561618157883875,0.2,12.0,0.27737310146677124,0.6,0.6561708102091133,0.18646349182808575,0.3,3.0,0.0,0
d1e23a9e-9c36-4195-91bf-3f306cca4c75,d879a756-cb6b-4026-a00a-656051801b5f,0.43561618157883875,0.2,12.0,0.27737310146677124,1.0,0.19670829855613808,0.6495454402345533,1.0,4.0,5.0,0
d1e23a9e-9c36-4195-91bf-3f306cca4c75,72e21539-04f0-470f-b69d-9a418f7ff37b,0.43561618157883875,0.2,12.0,0.27737310146677124,0.2,0.6144010067276086,0.8682015664155024,0.6,3.0,4.0,1
d1e23a9e-9c36-4195-91bf-3f306cca4c75,042f11d0-6ddd-4561-8c2c-5e00545a621e,0.43561618157883875,0.2,12.0,0.27737310146677124,1.0,0.7872798003899497,0.9285445017428434,0.6,2.0,3.0,0
d1e23a9e-9c36-4195-91bf-3f306cca4c75,4ae5516d-8df6-4ce0-a1a2-7fe96b97c4ed,0.43561618157883875,0.2,12.0,0.27737310146677124,0.6,0.7394686693887754,0.3658730909863124,0.3,5.0,5.0,1
d1e23a9e-9c36-4195-91bf-3f306cca4c75,b675fdc1-c9db-4f65-ad76-cb5d41d88b8a,0.43561618157883875,0.2,12.0,0.27737310146677124,0.2,0.6871950997280843,0.6183737144963264,0.0,5.0,3.0,0
d1e23a9e-9c36-4195-91bf-3f306cca4c75,ad581338-27d8-4935-86c9-5f785bf435c2,0.43561618157883875,0.2,12.0,0.27737310146677124,1.0,0.3943185155107163,0.2811618959132587,0.3,2.0,0.0,1
d1e23a9e-9c36-4195-91bf-3f306cca4c75,e8099b2a-0582-4c26-a562-02489ef37a4d,0.43561618157883875,0.2,12.0,0.27737310146677124,1.0,0.5135230437741315,0.3765636685032894,1.0,2.0,5.0,0
d1e23a9e-9c36-4195-91bf-3f306cca4c75,d879a756-cb6b-4026-a00a-656051801b5f,0.43561618157883875,0.2,12.0,0.27737310146677124,1.0,0.19670829855613808,0.6495454402345533,1.0,2.0,4.0,0
d1e23a9e-9c36-4195-91bf-3f306cca4c75,78c12d9f-999b-460d-b319-9bd7627866b0,0.43561618157883875,0.2,12.0,0.27737310146677124,0.2,0.5225456025796394,0.35235373770664025,0.3,5.0,5.0,0
d1e23a9e-9c36-4195-91bf-3f306cca4c75,c1dad211-ef14-4930-9fde-65d8d01eb8a2,0.43561618157883875,0.2,12.0,0.27737310146677124,1.0,0.2775989588417923,0.19963019650413683,0.3,0.0,5.0,0
1dbddff2-a064-48ae-a10d-fc6f4c2e86ce,dd77c881-c04d-4f99-9177-d94ef20adb4f,0.7932460564432218,1.0,8.0,0.8457026186195042,0.6,0.616612541041993,0.6647291139113415,0.0,2.0,2.0,1
1dbddff2-a064-48ae-a10d-fc6f4c2e86ce,16aa6851-6f56-441d-b1e3-84c8e2b58887,0.7932460564432218,1.0,8.0,0.8457026186195042,1.0,0.7017944767412314,0.7875435396564088,0.3,1.0,1.0,1
1dbddff2-a064-48ae-a10d-fc6f4c2e86ce,786a081e-bed1-4dd5-af8f-b24a2969db27,0.7932460564432218,1.0,8.0,0.8457026186195042,1.0,0.2204606202831086,0.8790686327551894,0.6,0.0,4.0,0
1dbddff2-a064-48ae-a10d-fc6f4c2e86ce,c1dad211-ef14-4930-9fde-65d8d01eb8a2,0.7932460564432218,1.0,8.0,0.8457026186195042,1.0,0.2775989588417923,0.19963019650413683,0.3,0.0,5.0,0
1dbddff2-a064-48ae-a10d-fc6f4c2e86ce,d8d30dac-fd61-48d1-8bf9-aa602ff08b1b,0.7932460564432218,1.0,8.0,0.8457026186195042,0.6,0.5193853910130869,0.5025270481245171,0.0,4.0,3.0,1
1dbddff2-a064-48ae-a10d-fc6f4c2e86ce,686e3aa2-fafa-49b8-ae04-90315babb1d4,0.7932460564432218,1.0,8.0,0.8457026186195042,0.2,0.2485402182633587,0.3567460645487345,1.0,5.0,3.0,1
1dbddff2-a064-48ae-a10d-fc6f4c2e86ce,723b0875-2f5c-406d-91ef-1ef6768c21e1,0.7932460564432218,1.0,8.0,0.8457026186195042,0.6,0.5865033881557733,0.9546606431143135,0.6,3.0,4.0,0
1dbddff2-a064-48ae-a10d-fc6f4c2e86ce,d62328c7-3c09-4bff-896a-238934dcedc8,0.7932460564432218,1.0,8.0,0.8457026186195042,0.2,0.5544033125310288,0.572254789610878,1.0,1.0,4.0,0
1dbddff2-a064-48ae-a10d-fc6f4c2e86ce,b08c5e45-1706-4711-993f-50cbf58e2335,0.7932460564432218,1.0,8.0,0.8457026186195042,0.6,0.7901117853804409,0.22604311984039915,0.0,1.0,2.0,1
1dbddff2-a064-48ae-a10d-fc6f4c2e86ce,d91ea030-edc5-4199-b235-b4f2746330e6,0.7932460564432218,1.0,8.0,0.8457026186195042,1.0,0.7413528687367448,0.2371548448306322,0.6,3.0,6.0,1
1dbddff2-a064-48ae-a10d-fc6f4c2e86ce,eab77546-5660-4b6f-8ed6-d113d4c924cb,0.7932460564432218,1.0,8.0,0.8457026186195042,0.6,0.6257718626796875,0.29583808895330166,0.0,3.0,1.0,0
1dbddff2-a064-48ae-a10d-fc6f4c2e86ce,34df5d01-15ed-49be-beaf-1edba5ce73f3,0.7932460564432218,1.0,8.0,0.8457026186195042,0.2,0.570771685431961,0.8647552667165631,0.3,2.0,0.0,0
1dbddff2-a064-48ae-a10d-fc6f4c2e86ce,cfaac6f7-b976-4661-8cd2-98f3a4e3a281,0.7932460564432218,1.0,8.0,0.8457026186195042,0.2,0.17993656314318568,0.2972789514204549,0.3,0.0,5.0,1
1dbddff2-a064-48ae-a10d-fc6f4c2e86ce,65c54c61-8bed-4502-891f-54207581973c,0.7932460564432218,1.0,8.0,0.8457026186195042,0.6,0.5609694251913983,0.4769640187588726,1.0,0.0,6.0,1
1dbddff2-a064-48ae-a10d-fc6f4c2e86ce,319d65cc-35fb-4fd2-8d36-0aaeae8c1599,0.7932460564432218,1.0,8.0,0.8457026186195042,0.2,0.3492163442071033,0.6358648613159886,0.3,1.0,6.0,0
1dbddff2-a064-48ae-a10d-fc6f4c2e86ce,f2d9a85b-88a4-4950-96c1-3a460d8c8fab,0.7932460564432218,1.0,8.0,0.8457026186195042,1.0,0.3746902350991088,0.34879260140220214,0.3,3.0,2.0,1
1dbddff2-a064-48ae-a10d-fc6f4c2e86ce,bf1c16a4-e182-4ecc-8023-e458da60daac,0.7932460564432218,1.0,8.0,0.8457026186195042,1.0,0.24964749169716674,0.6258043806862246,0.6,4.0,2.0,0
1dbddff2-a064-48ae-a10d-fc6f4c2e86ce,e02821d5-6c11-48d3-9e5a-ab797cf10dfd,0.7932460564432218,1.0,8.0,0.8457026186195042,0.2,0.30278131508958317,0.8518530351666224,0.6,1.0,0.0,1
1dbddff2-a064-48ae-a10d-fc6f4c2e86ce,7cae5725-f4a7-4615-ab21-00fad572f2f3,0.7932460564432218,1.0,8.0,0.8457026186195042,1.0,0.8991240703271256,0.15308566915688449,0.3,1.0,1.0,0
1dbddff2-a064-48ae-a10d-fc6f4c2e86ce,773cb37f-03e9-462d-9f7c-bb397a470391,0.7932460564432218,1.0,8.0,0.8457026186195042,1.0,0.138085119243381,0.17870489763614517,0.6,5.0,6.0,0
1dbddff2-a064-48ae-a10d-fc6f4c2e86ce,d62328c7-3c09-4bff-896a-238934dcedc8,0.7932460564432218,1.0,8.0,0.8457026186195042,0.2,0.5544033125310288,0.572254789610878,1.0,4.0,0.0,1
1dbddff2-a064-48ae-a10d-fc6f4c2e86ce,bbaf1fa3-f0d2-4cf1-a007-2ff9a73a4732,0.7932460564432218,1.0,8.0,0.8457026186195042,0.6,0.943547710035929,0.4668619140050845,1.0,1.0,4.0,1
1dbddff2-a064-48ae-a10d-fc6f4c2e86ce,290546aa-9a27-44b0-96cf-1cbe5de0ac63,0.7932460564432218,1.0,8.0,0.8457026186195042,0.2,0.8840031953521331,0.909469052204089,0.3,0.0,6.0,1
1dbddff2-a064-48ae-a10d-fc6f4c2e86ce,b404278c-bd4e-43f3-b805-2473f7c0eb3d,0.7932460564432218,1.0,8.0,0.8457026186195042,0.6,0.2463507248368063,0.8830515088702483,0.3,1.0,3.0,1
1dbddff2-a064-48ae-a10d-fc6f4c2e86ce,6a24fb3d-8584-44db-80ec-a8943d9d4953,0.7932460564432218,1.0,8.0,0.8457026186195042,0.2,0.7990830790974275,0.6468922285040184,0.6,0.0,6.0,1
1dbddff2-a064-48ae-a10d-fc6f4c2e86ce,5b598b97-310b-48b1-a31c-086e59102b7b,0.7932460564432218,1.0,8.0,0.8457026186195042,0.2,0.7003193052156396,0.8859898883469448,0.0,5.0,4.0,1
1dbddff2-a064-48ae-a10d-fc6f4c2e86ce,c192b11f-4447-40a2-80a6-390cd362dfa5,0.7932460564432218,1.0,8.0,0.8457026186195042,1.0,0.7363853294533637,0.9004772949138748,0.6,3.0,0.0,1
1dbddff2-a064-48ae-a10d-fc6f4c2e86ce,663e97bc-95a7-41b9-9e8e-0aaa991d7522,0.7932460564432218,1.0,8.0,0.8457026186195042,0.2,0.45979536292483636,0.25030114523410607,1.0,1.0,5.0,1
1dbddff2-a064-48ae-a10d-fc6f4c2e86ce,aaf45fe2-a218-49a4-8030-1b040505fcc2,0.7932460564432218,1.0,8.0,0.8457026186195042,0.2,0.36982601339710064,0.6947724975849392,0.3,0.0,4.0,1
1dbddff2-a064-48ae-a10d-fc6f4c2e86ce,897e2fd6-d062-4d6b-8350-be1ff289f7d2,0.7932460564432218,1.0,8.0,0.8457026186195042,1.0,0.27839323550003814,0.5426957391813381,1.0,4.0,0.0,0
1dbddff2-a064-48ae-a10d-fc6f4c2e86ce,3c045d5e-db0b-42a4-8b36-5a8f0192e0a9,0.7932460564432218,1.0,8.0,0.8457026186195042,0.6,0.9703557392871628,0.4741186336216032,0.3,2.0,2.0,1
1dbddff2-a064-48ae-a10d-fc6f4c2e86ce,f32bd05f-f328-4f1a-be52-e7eeae8d75e8,0.7932460564432218,1.0,8.0,0.8457026186195042,1.0,0.7522989076063284,0.09818661644669102,0.3,2.0,1.0,0
1dbddff2-a064-48ae-a10d-fc6f4c2e86ce,8c20762d-72fc-4a90-9284-b697f6205faa,0.7932460564432218,1.0,8.0,0.8457026186195042,0.2,0.809327370784988,0.46262162923016714,0.6,5.0,6.0,1
1dbddff2-a064-48ae-a10d-fc6f4c2e86ce,4df06409-5880-4fd2-840e-02e90385cc4e,0.7932460564432218,1.0,8.0,0.8457026186195042,1.0,0.19470747542775022,0.6843276576228667,0.0,2.0,6.0,0
1dbddff2-a064-48ae-a10d-fc6f4c2e86ce,dba04d24-2e37-4c46-ae54-9c34510dff1f,0.7932460564432218,1.0,8.0,0.8457026186195042,1.0,0.8419986133538263,0.7052929283686935,0.0,5.0,3.0,0
1dbddff2-a064-48ae-a10d-fc6f4c2e86ce,6a24fb3d-8584-44db-80ec-a8943d9d4953,0.7932460564432218,1.0,8.0,0.8457026186195042,0.2,0.7990830790974275,0.6468922285040184,0.6,5.0,6.0,1
1dbddff2-a064-48ae-a10d-fc6f4c2e86ce,9ef9ff12-8bfc-4d55-ba1e-d4fa03792c95,0.7932460564432218,1.0,8.0,0.8457026186195042,0.2,0.482599597367356,0.7341152293318791,0.0,0.0,6.0,1
1dbddff2-a064-48ae-a10d-fc6f4c2e86ce,020ff159-4271-4aa5-87f3-9295346f6563,0.7932460564432218,1.0,8.0,0.8457026186195042,0.6,0.31530071999913584,0.1616253953204818,0.0,4.0,3.0,1
1dbddff2-a064-48ae-a10d-fc6f4c2e86ce,0bc32369-5cc1-4c6e-9b9e-a0d6ad643532,0.7932460564432218,1.0,8.0,0.8457026186195042,0.6,0.6337720175795309,0.5219080741476771,1.0,0.0,6.0,1
1dbddff2-a064-48ae-a10d-fc6f4c2e86ce,b404278c-bd4e-43f3-b805-2473f7c0eb3d,0.7932460564432218,1.0,8.0,0.8457026186195042,0.6,0.2463507248368063,0.8830515088702483,0.3,5.0,2.0,0
5e035d5f-347d-4b45-a2e5-72fee60e8dde,5e05eec7-1e62-4d54-96f8-a536e832863a,0.7108122506856724,1.0,3.0,0.9784926111834966,0.2,0.99982637880827,0.7415351340320897,0.0,3.0,5.0,0
5e035d5f-347d-4b45-a2e5-72fee60e8dde,c3ccbfd0-fc33-4b81-bec0-7bb56f47c14f,0.7108122506856724,1.0,3.0,0.9784926111834966,1.0,0.7957102117424933,0.04996005462064468,1.0,1.0,3.0,1
5e035d5f-347d-4b45-a2e5-72fee60e8dde,c65f2822-55d3-4e67-b0e3-dcb7ed48c4fc,0.7108122506856724,1.0,3.0,0.9784926111834966,0.2,0.5969201348829377,0.6751594254540361,0.3,2.0,6.0,1
5e035d5f-347d-4b45-a2e5-72fee60e8dde,4fdb3305-ba7f-45fd-908f-aee1f36874a7,0.7108122506856724,1.0,3.0,0.9784926111834966,0.2,0.9186809012161644,0.8525202868433427,1.0,4.0,6.0,1
5e035d5f-347d-4b45-a2e5-72fee60e8dde,b8a59f9c-9152-4e9d-9227-81b450029be0,0.7108122506856724,1.0,3.0,0.9784926111834966,0.2,0.9082416607735994,0.8438860705844703,1.0,0.0,2.0,1
5e035d5f-347d-4b45-a2e5-72fee60e8dde,89df2650-7e95-4104-8f42-5cb62ffb481a,0.7108122506856724,1.0,3.0,0.9784926111834966,0.2,0.29630278019401196,0.3424606722909498,0.0,1.0,5.0,1
5e035d5f-347d-4b45-a2e5-72fee60e8dde,78815b00-b8cf-4b53-9b5c-0a0cc08481cf,0.7108122506856724,1.0,3.0,0.9784926111834966,0.6,0.9610158815047943,0.2578843936513069,0.0,4.0,3.0,0
5e035d5f-347d-4b45-a2e5-72fee60e8dde,4c734813-4a8a-4ce6-81e5-fc4a2a5db3a2,0.7108122506856724,1.0,3.0,0.9784926111834966,0.6,0.10056769438917118,0.5730262898413426,0.3,0.0,5.0,1
5e035d5f-347d-4b45-a2e5-72fee60e8dde,e033b700-4879-4d96-af09-314a42b40ec0,0.7108122506856724,1.0,3.0,0.9784926111834966,0.6,0.5265277997852419,0.306413896951497,1.0,0.0,1.0,0
5e035d5f-347d-4b45-a2e5-72fee60e8dde,72e21539-04f0-470f-b69d-9a418f7ff37b,0.7108122506856724,1.0,3.0,0.9784926111834966,0.2,0.6144010067276086,0.8682015664155024,0.6,0.0,1.0,0
5e035d5f-347d-4b45-a2e5-72fee60e8dde,85ca56ac-d00f-4985-9a10-09bdbdcf0764,0.7108122506856724,1.0,3.0,0.9784926111834966,1.0,0.7672921606674585,0.4762417440869502,0.3,2.0,3.0,1
5e035d5f-347d-4b45-a2e5-72fee60e8dde,18c8f5c0-62d6-4353-8121-04a82ac26ed8,0.7108122506856724,1.0,3.0,0.9784926111834966,1.0,0.14611128000847454,0.5869443165834576,0.3,5.0,3.0,1
5e035d5f-347d-4b45-a2e5-72fee60e8dde,f4511c0e-1907-4564-85be-6208646f9403,0.7108122506856724,1.0,3.0,0.9784926111834966,0.6,0.9737144331912416,0.8489993802384885,0.3,4.0,1.0,1
5e035d5f-347d-4b45-a2e5-72fee60e8dde,b76881f6-7f27-4c43-8ef9-41162752919f,0.7108122506856724,1.0,3.0,0.9784926111834966,1.0,0.440401152269174,0.05205596231391263,0.0,1.0,0.0,1
5e035d5f-347d-4b45-a2e5-72fee60e8dde,c65f2822-55d3-4e67-b0e3-dcb7ed48c4fc,0.7108122506856724,1.0,3.0,0.9784926111834966,0.2,0.5969201348829377,0.6751594254540361,0.3,3.0,4.0,0
5e035d5f-347d-4b45-a2e5-72fee60e8dde,b20bab7d-8fe1-4291-9511-746d551c6381,0.7108122506856724,1.0,3.0,0.9784926111834966,1.0,0.30803403606513613,0.290684856511908,0.0,1.0,4.0,0
5e035d5f-347d-4b45-a2e5-72fee60e8dde,694b0a7e-d4bd-489d-991e-0fc7e0b7eae9,0.7108122506856724,1.0,3.0,0.9784926111834966,0.6,0.3343722183141432,0.2359196929431705,1.0,1.0,0.0,1
5e035d5f-347d-4b45-a2e5-72fee60e8dde,b008e459-aec4-4940-b0b0-b9521473a99b,0.7108122506856724,1.0,3.0,0.9784926111834966,0.2,0.8465976222683373,0.22635650862391665,1.0,5.0,3.0,1
5e035d5f-347d-4b45-a2e5-72fee60e8dde,9102dfee-3ffe-4500-abcd-856f5c7ba81a,0.7108122506856724,1.0,3.0,0.9784926111834966,0.2,0.14792713695477017,0.6300659561232757,1.0,5.0,2.0,1
5e035d5f-347d-4b45-a2e5-72fee60e8dde,18d9fc90-579e-4041-988f-c2fa9da7d9f1,0.7108122506856724,1.0,3.0,0.9784926111834966,0.2,0.611318917479668,0.23509193379958115,0.3,2.0,6.0,1
5e035d5f-347d-4b45-a2e5-72fee60e8dde,03be5e2c-49dc-49c9-bf6c-bd633714d57c,0.7108122506856724,1.0,3.0,0.9784926111834966,0.2,0.23003808241798443,0.40233767223870887,0.0,2.0,4.0,0
5e035d5f-347d-4b45-a2e5-72fee60e8dde,ca05174e-a4f7-4654-890c-a2d577d622a4,0.7108122506856724,1.0,3.0,0.9784926111834966,0.6,0.2772344656929614,0.3717860192537389,1.0,1.0,6.0,1
5e035d5f-347d-4b45-a2e5-72fee60e8dde,8d8bd000-8a84-4c8b-bdc8-797008544155,0.7108122506856724,1.0,3.0,0.9784926111834966,1.0,0.14606305453676433,0.13377939697072627,0.0,2.0,3.0,0
5e035d5f-347d-4b45-a2e5-72fee60e8dde,29943de0-bf3c-49cd-84da-43ca10216d5a,0.7108122506856724,1.0,3.0,0.9784926111834966,1.0,0.24742902261843305,0.882207830248756,0.0,0.0,2.0,0
5e035d5f-347d-4b45-a2e5-72fee60e8dde,9ba51c49-9d6a-423a-905e-593237ec3ec2,0.7108122506856724,1.0,3.0,0.9784926111834966,0.2,0.5056427924137512,0.14164644156570538,1.0,4.0,3.0,0
5e035d5f-347d-4b45-a2e5-72fee60e8dde,3ceffdd1-05b8-4296-8ead-87aa963b9836,0.7108122506856724,1.0,3.0,0.9784926111834966,1.0,0.4937077765458606,0.9078087859837904,0.3,1.0,2.0,1
5e035d5f-347d-4b45-a2e5-72fee60e8dde,9e41ae98-3ee0-4c48-9029-b5642a7cc95d,0.7108122506856724,1.0,3.0,0.9784926111834966,1.0,0.7260508358588046,0.04490801776792286,0.6,2.0,1.0,0
5e035d5f-347d-4b45-a2e5-72fee60e8dde,b7c1594e-c23f-4a6c-b842-737b0c93b147,0.7108122506856724,1.0,3.0,0.9784926111834966,1.0,0.3323463750225212,0.10510906779710338,0.3,1.0,3.0,0
5e035d5f-347d-4b45-a2e5-72fee60e8dde,1448df8a-d98e-4341-b986-a8f8b8a384c2,0.7108122506856724,1.0,3.0,0.9784926111834966,1.0,0.1288249955168966,0.3673497152563451,0.6,4.0,1.0,1
5e035d5f-347d-4b45-a2e5-72fee60e8dde,35fc8989-8da0-422f-a619-1517d94a5ef1,0.7108122506856724,1.0,3.0,0.9784926111834966,0.6,0.53636942704019,0.22090661672949963,1.0,2.0,4.0,0
5e035d5f-347d-4b45-a2e5-72fee60e8dde,b30a4759-4017-4c73-a262-ebb3da889ea2,0.7108122506856724,1.0,3.0,0.9784926111834966,0.2,0.2824565624064378,0.9351062106319883,1.0,1.0,5.0,1
5e035d5f-347d-4b45-a2e5-72fee60e8dde,97ffd70a-47e9-4398-92a1-d66d4e4e7ac9,0.7108122506856724,1.0,3.0,0.9784926111834966,1.0,0.4738888800802551,0.7582398953411875,1.0,4.0,4.0,0
5e035d5f-347d-4b45-a2e5-72fee60e8dde,8c20762d-72fc-4a90-9284-b697f6205faa,0.7108122506856724,1.0,3.0,0.9784926111834966,0.2,0.809327370784988,0.46262162923016714,0.6,1.0,1.0,1
5e035d5f-347d-4b45-a2e5-72fee60e8dde,153e892c-7403-48b3-b3e5-7a4444a6af33,0.7108122506856724,1.0,3.0,0.9784926111834966,1.0,0.268440635924974,0.5517497858340187,0.3,4.0,0.0,1
5e035d5f-347d-4b45-a2e5-72fee60e8dde,0d91a5c8-4b22-4198-b963-be98907527f4,0.7108122506856724,1.0,3.0,0.9784926111834966,0.2,0.36811976533001634,0.7445398250927052,0.0,5.0,6.0,1
5e035d5f-347d-4b45-a2e5-72fee60e8dde,8618c927-9c33-4057-8bfe-9828bd93601a,0.7108122506856724,1.0,3.0,0.9784926111834966,0.6,0.22804722680585615,0.021203888490483047,0.6,3.0,4.0,1
5e035d5f-347d-4b45-a2e5-72fee60e8dde,4df06409-5880-4fd2-840e-02e90385cc4e,0.7108122506856724,1.0,3.0,0.9784926111834966,1.0,0.19470747542775022,0.6843276576228667,0.0,2.0,5.0,1
5e035d5f-347d-4b45-a2e5-72fee60e8dde,04b630df-e955-44a2-ba81-7807bb8bbf0e,0.7108122506856724,1.0,3.0,0.9784926111834966,0.6,0.26969467315661044,0.7945253868283686,1.0,2.0,3.0,1
5e035d5f-347d-4b45-a2e5-72fee60e8dde,d91ea030-edc5-4199-b235-b4f2746330e6,0.7108122506856724,1.0,3.0,0.9784926111834966,1.0,0.7413528687367448,0.2371548448306322,0.6,3.0,3.0,1
5e035d5f-347d-4b45-a2e5-72fee60e8dde,8ab6ed8b-51d4-454f-85f3-3f6b976bb994,0.7108122506856724,1.0,3.0,0.9784926111834966,1.0,0.28732703598303644,0.30524872168293893,0.3,2.0,6.0,0
408141dd-f151-4642-b0dd-4ea03031216b,1975da03-cf78-4c90-a916-3660a489f0dc,0.4649740640458474,1.0,9.0,0.863523731402396,0.6,0.4213481052285838,0.6693330773357604,0.6,3.0,1.0,1
408141dd-f151-4642-b0dd-4ea03031216b,fe560b2d-9461-419f-952d-3526d1d58cc6,0.4649740640458474,1.0,9.0,0.863523731402396,1.0,0.582611192457266,0.5549319795003286,0.0,2.0,1.0,1
408141dd-f151-4642-b0dd-4ea03031216b,1e9ac78a-0ad3-4758-94d2-679a7c60a672,0.4649740640458474,1.0,9.0,0.863523731402396,0.6,0.1486437037821284,0.8157193928134632,0.6,1.0,0.0,0
408141dd-f151-4642-b0dd-4ea03031216b,b7f3f687-720d-4c2e-b765-833d1f628763,0.4649740640458474,1.0,9.0,0.863523731402396,0.6,0.5040757896213439,0.7654432929579714,0.6,1.0,6.0,0
408141dd-f151-4642-b0dd-4ea03031216b,2f2c32fa-6e32-4764-b476-b6f9b3cc5cd7,0.4649740640458474,1.0,9.0,0.863523731402396,0.2,0.13396258547827183,0.29306867008666404,0.0,5.0,2.0,1
408141dd-f151-4642-b0dd-4ea03031216b,2fcb1115-b785-4e53-aef6-79c4dbe42cda,0.4649740640458474,1.0,9.0,0.863523731402396,0.2,0.9505514578919633,0.7971802886027384,0.6,3.0,3.0,1
408141dd-f151-4642-b0dd-4ea03031216b,34aadaae-a82c-41a6-b6ac-2ab4f11a8047,0.4649740640458474,1.0,9.0,0.863523731402396,0.2,0.11867463394112543,0.26611592959755015,0.6,3.0,4.0,1
408141dd-f151-4642-b0dd-4ea03031216b,db87c9f7-0d43-43e7-bfc8-10a75114f27b,0.4649740640458474,1.0,9.0,0.863523731402396,1.0,0.5554553024932305,0.03495342538664914,0.6,2.0,0.0,0
408141dd-f151-4642-b0dd-4ea03031216b,b08c5e45-1706-4711-993f-50cbf58e2335,0.4649740640458474,1.0,9.0,0.863523731402396,0.6,0.7901117853804409,0.22604311984039915,0.0,2.0,4.0,1
408141dd-f151-4642-b0dd-4ea03031216b,10061fb7-f1ca-4d39-a324-536b4bc6d836,0.4649740640458474,1.0,9.0,0.863523731402396,0.2,0.618739880361464,0.7410470610420968,1.0,2.0,5.0,1
408141dd-f151-4642-b0dd-4ea03031216b,0d91a5c8-4b22-4198-b963-be98907527f4,0.4649740640458474,1.0,9.0,0.863523731402396,0.2,0.36811976533001634,0.7445398250927052,0.0,3.0,0.0,1
408141dd-f151-4642-b0dd-4ea03031216b,cfaac6f7-b976-4661-8cd2-98f3a4e3a281,0.4649740640458474,1.0,9.0,0.863523731402396,0.2,0.17993656314318568,0.2972789514204549,0.3,2.0,0.0,1
408141dd-f151-4642-b0dd-4ea03031216b,f99793e2-bf1f-4652-b717-b380cf1b82d9,0.4649740640458474,1.0,9.0,0.863523731402396,1.0,0.3478973552809047,0.15349034844890785,0.0,2.0,6.0,0
408141dd-f151-4642-b0dd-4ea03031216b,2767a00e-73cb-4ec0-8f10-1f2685529dd8,0.4649740640458474,1.0,9.0,0.863523731402396,0.2,0.14774330715500755,0.17529814661096454,0.3,1.0,0.0,0
408141dd-f151-4642-b0dd-4ea03031216b,c3ccbfd0-fc33-4b81-bec0-7bb56f47c14f,0.4649740640458474,1.0,9.0,0.863523731402396,1.0,0.7957102117424933,0.04996005462064468,1.0,4.0,2.0,1
408141dd-f151-4642-b0dd-4ea03031216b,0c914be4-9a3f-42b1-9a0d-7b75e4458ea2,0.4649740640458474,1.0,9.0,0.863523731402396,0.2,0.6120270413649967,0.8895054166969376,0.3,3.0,4.0,1
408141dd-f151-4642-b0dd-4ea03031216b,e78aa463-4c6f-47dc-a5bb-968ac81532c7,0.4649740640458474,1.0,9.0,0.863523731402396,0.6,0.961259998425001,0.14413543131777729,0.6,3.0,4.0,0
408141dd-f151-4642-b0dd-4ea03031216b,2fcb1115-b785-4e53-aef6-79c4dbe42cda,0.4649740640458474,1.0,9.0,0.863523731402396,0.2,0.9505514578919633,0.7971802886027384,0.6,1.0,2.0,1
408141dd-f151-4642-b0dd-4ea03031216b,6670ddb8-85fa-45e6-9af6-91adbac350a8,0.4649740640458474,1.0,9.0,0.863523731402396,1.0,0.5273671033049591,0.12936862090556023,0.0,4.0,5.0,0
408141dd-f151-4642-b0dd-4ea03031216b,897e2fd6-d062-4d6b-8350-be1ff289f7d2,0.4649740640458474,1.0,9.0,0.863523731402396,1.0,0.27839323550003814,0.5426957391813381,1.0,4.0,4.0,0
408141dd-f151-4642-b0dd-4ea03031216b,bcc862ed-ee8c-4519-bd6f-df3684168181,0.4649740640458474,1.0,9.0,0.863523731402396,1.0,0.9327717807626915,0.3397410335113047,0.3,0.0,2.0,1
408141dd-f151-4642-b0dd-4ea03031216b,663e97bc-95a7-41b9-9e8e-0aaa991d7522,0.4649740640458474,1.0,9.0,0.863523731402396,0.2,0.45979536292483636,0.25030114523410607,1.0,4.0,2.0,0
408141dd-f151-4642-b0dd-4ea03031216b,9d28a4ed-19ea-45ff-8c87-cd755a39633c,0.4649740640458474,1.0,9.0,0.863523731402396,1.0,0.9699569764835101,0.3864034459374597,1.0,4.0,3.0,0
408141dd-f151-4642-b0dd-4ea03031216b,b5455ff3-4469-4b08-b2d0-3b4b8a9faa28,0.4649740640458474,1.0,9.0,0.863523731402396,0.2,0.8168045396107254,0.12498281746751883,0.3,4.0,1.0,1
408141dd-f151-4642-b0dd-4ea03031216b,f9e2c26a-8651-45e9-95ac-020bf84e5d87,0.4649740640458474,1.0,9.0,0.863523731402396,1.0,0.5925107460897749,0.3638178643767461,0.6,4.0,5.0,0
408141dd-f151-4642-b0dd-4ea03031216b,a32c33b9-2ae0-4565-b4cd-8c363bd2dbb1,0.4649740640458474,1.0,9.0,0.863523731402396,0.6,0.4675427346881219,0.5919389716094521,0.3,1.0,6.0,1
408141dd-f151-4642-b0dd-4ea03031216b,19e80ef1-4224-4720-a093-1f15d029cdae,0.4649740640458474,1.0,9.0,0.863523731402396,1.0,0.8175424886601043,0.7192671703216541,0.6,1.0,0.0,0
408141dd-f151-4642-b0dd-4ea03031216b,299e9ca4-b5a4-4951-88ff-3985383763f0,0.4649740640458474,1.0,9.0,0.863523731402396,0.2,0.7548560181125934,0.465904244394832,0.6,5.0,1.0,0
408141dd-f151-4642-b0dd-4ea03031216b,773cb37f-03e9-462d-9f7c-bb397a470391,0.4649740640458474,1.0,9.0,0.863523731402396,1.0,0.138085119243381,0.17870489763614517,0.6,5.0,5.0,1
408141dd-f151-4642-b0dd-4ea03031216b,8d5761d4-efd9-4f9b-a561-e385778a1505,0.4649740640458474,1.0,9.0,0.863523731402396,0.2,0.5667301021003356,0.19240837052962323,0.3,4.0,2.0,1
408141dd-f151-4642-b0dd-4ea03031216b,85930d8e-50d0-4f7b-acb8-caaac625dd0e,0.4649740640458474,1.0,9.0,0.863523731402396,1.0,0.718363556324442,0.8165727833244342,0.6,2.0,1.0,0
408141dd-f151-4642-b0dd-4ea03031216b,4df06409-5880-4fd2-840e-02e90385cc4e,0.4649740640458474,1.0,9.0,0.863523731402396,1.0,0.19470747542775022,0.6843276576228667,0.0,2.0,5.0,0
408141dd-f151-4642-b0dd-4ea03031216b,6e8ca283-10c7-434c-826a-837f38ec5444,0.4649740640458474,1.0,9.0,0.863523731402396,0.2,0.6513768543337128,0.6342982912007427,1.0,4.0,3.0,1
408141dd-f151-4642-b0dd-4ea03031216b,b675fdc1-c9db-4f65-ad76-cb5d41d88b8a,0.4649740640458474,1.0,9.0,0.863523731402396,0.2,0.6871950997280843,0.6183737144963264,0.0,2.0,1.0,0
408141dd-f151-4642-b0dd-4ea03031216b,5c628898-abde-4c5b-8dc9-253bfab0c323,0.4649740640458474,1.0,9.0,0.863523731402396,0.6,0.29562602483866546,0.8882279982692427,0.3,5.0,1.0,1
408141dd-f151-4642-b0dd-4ea03031216b,9ba51c49-9d6a-423a-905e-593237ec3ec2,0.4649740640458474,1.0,9.0,0.863523731402396,0.2,0.5056427924137512,0.14164644156570538,1.0,2.0,4.0,0
408141dd-f151-4642-b0dd-4ea03031216b,b306c2e8-e14e-48ab-ba50-0a1e2c26a1c9,0.4649740640458474,1.0,9.0,0.863523731402396,0.2,0.3501289126422822,0.7428895955658196,0.3,2.0,0.0,1
408141dd-f151-4642-b0dd-4ea03031216b,bf1c16a4-e182-4ecc-8023-e458da60daac,0.4649740640458474,1.0,9.0,0.863523731402396,1.0,0.24964749169716674,0.6258043806862246,0.6,2.0,6.0,1
408141dd-f151-4642-b0dd-4ea03031216b,5c628898-abde-4c5b-8dc9-253bfab0c323,0.4649740640458474,1.0,9.0,0.863523731402396,0.6,0.29562602483866546,0.8882279982692427,0.3,5.0,0.0,1
408141dd-f151-4642-b0dd-4ea03031216b,7d674302-c495-4faa-b60b-2f991e7f10b1,0.4649740640458474,1.0,9.0,0.863523731402396,0.6,0.6945598719886059,0.6688730857607941,1.0,5.0,3.0,0
eabaf5c8-58cc-4279-987a-e89e1f005a76,8155e67e-e6b6-4564-9fbc-a422dfbb4728,0.6329638266549722,0.6,18.0,0.35383087220532794,0.2,0.3282195111753295,0.7588859461800079,0.0,4.0,5.0,1
eabaf5c8-58cc-4279-987a-e89e1f005a76,27de15b7-4423-4163-9a52-27eba3556133,0.6329638266549722,0.6,18.0,0.35383087220532794,0.2,0.8025233861040034,0.45458734247358457,0.6,1.0,0.0,1
eabaf5c8-58cc-4279-987a-e89e1f005a76,5e04770f-4a25-48a2-ad93-cef1ed97d455,0.6329638266549722,0.6,18.0,0.35383087220532794,1.0,0.6810890391339975,0.862719881758954,0.3,0.0,0.0,0
eabaf5c8-58cc-4279-987a-e89e1f005a76,85a991a1-00c2-4f3b-a2f1-2edd3ed3c13b,0.6329638266549722,0.6,18.0,0.35383087220532794,0.6,0.885115810475927,0.053316349790826556,0.3,5.0,6.0,0
eabaf5c8-58cc-4279-987a-e89e1f005a76,f02458a6-6ff7-47a1-8e01-b8ff21f7812d,0.6329638266549722,0.6,18.0,0.35383087220532794,0.2,0.336680938116936,0.2620493339390677,0.6,3.0,5.0,0
eabaf5c8-58cc-4279-987a-e89e1f005a76,2f70d43e-6f07-4505-9201-cce02cbbe2f9,0.6329638266549722,0.6,18.0,0.35383087220532794,0.2,0.9098855720694773,0.2703699432968346,0.0,5.0,1.0,1
eabaf5c8-58cc-4279-987a-e89e1f005a76,e8df6458-6771-4ac9-9072-87c3e1750d40,0.6329638266549722,0.6,18.0,0.35383087220532794,0.2,0.43364799363262085,0.28863566461256474,0.0,5.0,0.0,1
eabaf5c8-58cc-4279-987a-e89e1f005a76,8d8bd000-8a84-4c8b-bdc8-797008544155,0.6329638266549722,0.6,18.0,0.35383087220532794,1.0,0.14606305453676433,0.13377939697072627,0.0,1.0,4.0,0
eabaf5c8-58cc-4279-987a-e89e1f005a76,547da744-4911-48fa-9b2f-1b550cf8ac17,0.6329638266549722,0.6,18.0,0.35383087220532794,1.0,0.45632620168229077,0.11858678619598295,1.0,1.0,3.0,1
eabaf5c8-58cc-4279-987a-e89e1f005a76,31a8a011-26d9-417f-9acd-2dc1aa620cb1,0.6329638266549722,0.6,18.0,0.35383087220532794,0.6,0.8578772412513512,0.31368145278296056,0.6,3.0,6.0,0
eabaf5c8-58cc-4279-987a-e89e1f005a76,18d9fc90-579e-4041-988f-c2fa9da7d9f1,0.6329638266549722,0.6,18.0,0.35383087220532794,0.2,0.611318917479668,0.23509193379958115,0.3,0.0,0.0,0
eabaf5c8-58cc-4279-987a-e89e1f005a76,7cae5725-f4a7-4615-ab21-00fad572f2f3,0.6329638266549722,0.6,18.0,0.35383087220532794,1.0,0.8991240703271256,0.15308566915688449,0.3,2.0,3.0,0
eabaf5c8-58cc-4279-987a-e89e1f005a76,e3e4e158-1e76-4fc3-a85b-e05b8b8a0ccb,0.6329638266549722,0.6,18.0,0.35383087220532794,0.6,0.639410932283415,0.2933005026004223,0.0,1.0,6.0,1
eabaf5c8-58cc-4279-987a-e89e1f005a76,dfb0809f-a08c-4519-85d0-1f790e6cd5d9,0.6329638266549722,0.6,18.0,0.35383087220532794,1.0,0.12996439027292325,0.8581884567519729,1.0,2.0,1.0,0
eabaf5c8-58cc-4279-987a-e89e1f005a76,8c822518-d0dc-460d-93c7-d9d033a078ba,0.6329638266549722,0.6,18.0,0.35383087220532794,1.0,0.5475099359609544,0.9553256935848943,1.0,0.0,5.0,1
eabaf5c8-58cc-4279-987a-e89e1f005a76,5c1d0582-adee-41cb-bbe3-230e78acd299,0.6329638266549722,0.6,18.0,0.35383087220532794,0.6,0.13442713841525677,0.8039132575143135,1.0,1.0,4.0,0
eabaf5c8-58cc-4279-987a-e89e1f005a76,89df2650-7e95-4104-8f42-5cb62ffb481a,0.6329638266549722,0.6,18.0,0.35383087220532794,0.2,0.29630278019401196,0.3424606722909498,0.0,4.0,2.0,0
eabaf5c8-58cc-4279-987a-e89e1f005a76,61f8b793-eb21-415f-be6a-1dace64c1dab,0.6329638266549722,0.6,18.0,0.35383087220532794,0.2,0.5789373941878594,0.5534783138488689,0.0,1.0,3.0,1
eabaf5c8-58cc-4279-987a-e89e1f005a76,3a71361b-e3e1-4223-b68a-ad50ca4dbe62,0.6329638266549722,0.6,18.0,0.35383087220532794,1.0,0.6047778022342388,0.49194088405803205,0.6,3.0,1.0,0
eabaf5c8-58cc-4279-987a-e89e1f005a76,666c606e-4a7f-4e66-9fac-fbc0339d13f8,0.6329638266549722,0.6,18.0,0.35383087220532794,1.0,0.9652102148867648,0.8330892916579566,0.3,2.0,4.0,1
eabaf5c8-58cc-4279-987a-e89e1f005a76,aaf45fe2-a218-49a4-8030-1b040505fcc2,0.6329638266549722,0.6,18.0,0.35383087220532794,0.2,0.36982601339710064,0.6947724975849392,0.3,5.0,1.0,1
eabaf5c8-58cc-4279-987a-e89e1f005a76,b939da7f-028e-4294-87a9-cae844ef2396,0.6329638266549722,0.6,18.0,0.35383087220532794,1.0,0.28159591151234475,0.3654017291850822,1.0,1.0,3.0,0
eabaf5c8-58cc-4279-987a-e89e1f005a76,5a34f357-525c-4e8c-9761-fca6c5ef4a54,0.6329638266549722,0.6,18.0,0.35383087220532794,1.0,0.32612342892093527,0.37000647225331373,0.3,5.0,0.0,0
eabaf5c8-58cc-4279-987a-e89e1f005a76,1f8de1f5-f4a5-410b-85f9-a2177b221fd0,0.6329638266549722,0.6,18.0,0.35383087220532794,0.2,0.9355406398663405,0.9993664824422813,1.0,4.0,1.0,1
eabaf5c8-58cc-4279-987a-e89e1f005a76,18c8f5c0-62d6-4353-8121-04a82ac26ed8,0.6329638266549722,0.6,18.0,0.35383087220532794,1.0,0.14611128000847454,0.5869443165834576,0.3,3.0,5.0,1
eabaf5c8-58cc-4279-987a-e89e1f005a76,f99793e2-bf1f-4652-b717-b380cf1b82d9,0.6329638266549722,0.6,18.0,0.35383087220532794,1.0,0.3478973552809047,0.15349034844890785,0.0,3.0,6.0,0
eabaf5c8-58cc-4279-987a-e89e1f005a76,9fbecf58-4b47-499b-af70-5be883e292d6,0.6329638266549722,0.6,18.0,0.35383087220532794,1.0,0.6813001709251447,0.40858971174533243,0.0,1.0,5.0,0
eabaf5c8-58cc-4279-987a-e89e1f005a76,6a40cbad-655b-4606-9b92-d053c779e9a1,0.6329638266549722,0.6,18.0,0.35383087220532794,0.2,0.7251468800412657,0.941344002350994,0.0,4.0,3.0,1
eabaf5c8-58cc-4279-987a-e89e1f005a76,a86f1d29-fc0a-43b2-a5f5-1c81ea61e113,0.6329638266549722,0.6,18.0,0.35383087220532794,0.2,0.5459412758711781,0.9929580634194145,0.6,0.0,0.0,0
eabaf5c8-58cc-4279-987a-e89e1f005a76,9ef9ff12-8bfc-4d55-ba1e-d4fa03792c95,0.6329638266549722,0.6,18.0,0.35383087220532794,0.2,0.482599597367356,0.7341152293318791,0.0,4.0,4.0,1
eabaf5c8-58cc-4279-987a-e89e1f005a76,ab31027b-1533-4573-87ee-591c4e74f603,0.6329638266549722,0.6,18.0,0.35383087220532794,0.2,0.13414284675556443,0.8188515466757538,1.0,3.0,0.0,0
eabaf5c8-58cc-4279-987a-e89e1f005a76,90b5993b-1b5d-4363-8738-1f1566b34091,0.6329638266549722,0.6,18.0,0.35383087220532794,0.2,0.20193175818065728,0.8491249460757495,1.0,0.0,4.0,1
eabaf5c8-58cc-4279-987a-e89e1f005a76,d8d30dac-fd61-48d1-8bf9-aa602ff08b1b,0.6329638266549722,0.6,18.0,0.35383087220532794,0.6,0.5193853910130869,0.5025270481245171,0.0,4.0,3.0,1
eabaf5c8-58cc-4279-987a-e89e1f005a76,c2aa2f4b-31d0-4751-b78b-9bc94a917dd3,0.6329638266549722,0.6,18.0,0.35383087220532794,0.2,0.9632839642542039,0.47862263242291936,0.3,5.0,6.0,1
eabaf5c8-58cc-4279-987a-e89e1f005a76,3e8780dc-c7a9-4934-8e6f-110d379812e4,0.6329638266549722,0.6,18.0,0.35383087220532794,1.0,0.5060570262278341,0.2300402347272693,0.6,0.0,5.0,1
eabaf5c8-58cc-4279-987a-e89e1f005a76,290546aa-9a27-44b0-96cf-1cbe5de0ac63,0.6329638266549722,0.6,18.0,0.35383087220532794,0.2,0.8840031953521331,0.909469052204089,0.3,2.0,5.0,0
eabaf5c8-58cc-4279-987a-e89e1f005a76,e4e6b795-9ea2-4e67-a482-101b379e3dd3,0.6329638266549722,0.6,18.0,0.35383087220532794,0.6,0.7178715876853263,0.49460864618565403,0.0,3.0,0.0,1
eabaf5c8-58cc-4279-987a-e89e1f005a76,8bf86bf8-6510-4e3c-a240-21e3b94e264e,0.6329638266549722,0.6,18.0,0.35383087220532794,0.6,0.9444299160166787,0.9759914132168259,0.0,5.0,5.0,1
eabaf5c8-58cc-4279-987a-e89e1f005a76,e33220eb-1aa5-4702-8b7f-82096cbf244c,0.6329638266549722,0.6,18.0,0.35383087220532794,0.2,0.8045091416614435,0.9303962480539164,0.0,3.0,6.0,1
eabaf5c8-58cc-4279-987a-e89e1f005a76,6a40cbad-655b-4606-9b92-d053c779e9a1,0.6329638266549722,0.6,18.0,0.35383087220532794,0.2,0.7251468800412657,0.941344002350994,0.0,5.0,5.0,1
320fc5c9-56dc-44a8-8df7-24455cb545f4,b9638733-3416-47d7-b548-7e0af0dbe65f,0.24868860417661864,1.0,7.0,0.8184546726309536,0.2,0.7200468573060492,0.4981514611185579,0.6,0.0,1.0,1
320fc5c9-56dc-44a8-8df7-24455cb545f4,78c12d9f-999b-460d-b319-9bd7627866b0,0.24868860417661864,1.0,7.0,0.8184546726309536,0.2,0.5225456025796394,0.35235373770664025,0.3,5.0,1.0,0
320fc5c9-56dc-44a8-8df7-24455cb545f4,0279e518-1bb2-4b7d-adb3-74104bab7995,0.24868860417661864,1.0,7.0,0.8184546726309536,1.0,0.48298817741352884,0.6867808649438274,0.6,3.0,5.0,0
320fc5c9-56dc-44a8-8df7-24455cb545f4,a32c33b9-2ae0-4565-b4cd-8c363bd2dbb1,0.24868860417661864,1.0,7.0,0.8184546726309536,0.6,0.4675427346881219,0.5919389716094521,0.3,1.0,1.0,1
320fc5c9-56dc-44a8-8df7-24455cb545f4,2e62bb91-bbcc-427c-86f2-60487a06e1ea,0.24868860417661864,1.0,7.0,0.8184546726309536,0.6,0.9970298553106509,0.5346422845071757,0.3,5.0,6.0,0
320fc5c9-56dc-44a8-8df7-24455cb545f4,b7f3f687-720d-4c2e-b765-833d1f628763,0.24868860417661864,1.0,7.0,0.8184546726309536,0.6,0.5040757896213439,0.7654432929579714,0.6,4.0,6.0,0
320fc5c9-56dc-44a8-8df7-24455cb545f4,01fe4a49-c1a0-4cc3-8dc8-8402e6b11064,0.24868860417661864,1.0,7.0,0.8184546726309536,1.0,0.6879754206461195,0.49287097672138225,0.3,1.0,0.0,1
320fc5c9-56dc-44a8-8df7-24455cb545f4,b404278c-bd4e-43f3-b805-2473f7c0eb3d,0.24868860417661864,1.0,7.0,0.8184546726309536,0.6,0.2463507248368063,0.8830515088702483,0.3,1.0,5.0,0
320fc5c9-56dc-44a8-8df7-24455cb545f4,015a673e-67b9-4560-949f-f0f29ba09691,0.24868860417661864,1.0,7.0,0.8184546726309536,0.6,0.772469818793257,0.851704139635052,0.0,1.0,6.0,1
320fc5c9-56dc-44a8-8df7-24455cb545f4,3fb0a35d-d0bf-4534-9f63-995064c4e8af,0.24868860417661864,1.0,7.0,0.8184546726309536,0.2,0.4877773325800844,0.17627426660923395,0.3,2.0,1.0,0
320fc5c9-56dc-44a8-8df7-24455cb545f4,9102dfee-3ffe-4500-abcd-856f5c7ba81a,0.24868860417661864,1.0,7.0,0.8184546726309536,0.2,0.14792713695477017,0.6300659561232757,1.0,4.0,4.0,0
320fc5c9-56dc-44a8-8df7-24455cb545f4,723b0875-2f5c-406d-91ef-1ef6768c21e1,0.24868860417661864,1.0,7.0,0.8184546726309536,0.6,0.5865033881557733,0.9546606431143135,0.6,2.0,1.0,1
320fc5c9-56dc-44a8-8df7-24455cb545f4,299e9ca4-b5a4-4951-88ff-3985383763f0,0.24868860417661864,1.0,7.0,0.8184546726309536,0.2,0.7548560181125934,0.465904244394832,0.6,2.0,2.0,0
320fc5c9-56dc-44a8-8df7-24455cb545f4,03be5e2c-49dc-49c9-bf6c-bd633714d57c,0.24868860417661864,1.0,7.0,0.8184546726309536,0.2,0.23003808241798443,0.40233767223870887,0.0,5.0,5.0,1
320fc5c9-56dc-44a8-8df7-24455cb545f4,1975da03-cf78-4c90-a916-3660a489f0dc,0.24868860417661864,1.0,7.0,0.8184546726309536,0.6,0.4213481052285838,0.6693330773357604,0.6,5.0,5.0,0
320fc5c9-56dc-44a8-8df7-24455cb545f4,663e97bc-95a7-41b9-9e8e-0aaa991d7522,0.24868860417661864,1.0,7.0,0.8184546726309536,0.2,0.45979536292483636,0.25030114523410607,1.0,3.0,1.0,1
320fc5c9-56dc-44a8-8df7-24455cb545f4,4a47a28f-ebfe-4e2c-b5a5-219b771c2344,0.24868860417661864,1.0,7.0,0.8184546726309536,1.0,0.886582543106834,0.6746693780314743,0.3,3.0,1.0,1
320fc5c9-56dc-44a8-8df7-24455cb545f4,8ab6ed8b-51d4-454f-85f3-3f6b976bb994,0.24868860417661864,1.0,7.0,0.8184546726309536,1.0,0.28732703598303644,0.30524872168293893,0.3,3.0,0.0,0
320fc5c9-56dc-44a8-8df7-24455cb545f4,b675fdc1-c9db-4f65-ad76-cb5d41d88b8a,0.24868860417661864,1.0,7.0,0.8184546726309536,0.2,0.6871950997280843,0.6183737144963264,0.0,4.0,1.0,1
320fc5c9-56dc-44a8-8df7-24455cb545f4,2fd06511-a2df-41a4-b9b8-72ad25edbef7,0.24868860417661864,1.0,7.0,0.8184546726309536,1.0,0.8121414643536927,0.9186858244934103,0.3,5.0,0.0,0
320fc5c9-56dc-44a8-8df7-24455cb545f4,4b297a66-3334-402c-af3b-f9ee2b621b0b,0.24868860417661864,1.0,7.0,0.8184546726309536,0.2,0.16180119098371584,0.2582859429792861,0.0,4.0,5.0,1
320fc5c9-56dc-44a8-8df7-24455cb545f4,87a7aeb8-bf34-460e-bb3c-fbe35cf1ef81,0.24868860417661864,1.0,7.0,0.8184546726309536,1.0,0.7885085605778664,0.825897641598029,0.6,5.0,4.0,0
320fc5c9-56dc-44a8-8df7-24455cb545f4,2e62bb91-bbcc-427c-86f2-60487a06e1ea,0.24868860417661864,1.0,7.0,0.8184546726309536,0.6,0.9970298553106509,0.5346422845071757,0.3,4.0,5.0,1
320fc5c9-56dc-44a8-8df7-24455cb545f4,8d5761d4-efd9-4f9b-a561-e385778a1505,0.24868860417661864,1.0,7.0,0.8184546726309536,0.2,0.5667301021003356,0.19240837052962323,0.3,2.0,2.0,1
320fc5c9-56dc-44a8-8df7-24455cb545f4,8a2b6b58-3f67-4179-b80b-643dade73512,0.24868860417661864,1.0,7.0,0.8184546726309536,0.6,0.31611651735255464,0.7525389528715243,1.0,5.0,0.0,0
320fc5c9-56dc-44a8-8df7-24455cb545f4,effc8e6d-3fa0-4ad0-84e0-49ceb18ecfdf,0.24868860417661864,1.0,7.0,0.8184546726309536,1.0,0.1753861576369154,0.018304751217713022,0.6,5.0,4.0,0
320fc5c9-56dc-44a8-8df7-24455cb545f4,27de15b7-4423-4163-9a52-27eba3556133,0.24868860417661864,1.0,7.0,0.8184546726309536,0.2,0.8025233861040034,0.45458734247358457,0.6,4.0,2.0,1
320fc5c9-56dc-44a8-8df7-24455cb545f4,42438319-d9cd-4491-91c4-7e8df4051b62,0.24868860417661864,1.0,7.0,0.8184546726309536,0.2,0.6023180626659986,0.9806347370894578,0.0,5.0,2.0,1
320fc5c9-56dc-44a8-8df7-24455cb545f4,1c71f507-dfea-4b96-86e6-8a12d5a0d8da,0.24868860417661864,1.0,7.0,0.8184546726309536,1.0,0.9354478790984506,0.6224732640307242,0.0,3.0,0.0,0
320fc5c9-56dc-44a8-8df7-24455cb545f4,9102dfee-3ffe-4500-abcd-856f5c7ba81a,0.24868860417661864,1.0,7.0,0.8184546726309536,0.2,0.14792713695477017,0.6300659561232757,1.0,1.0,2.0,1
320fc5c9-56dc-44a8-8df7-24455cb545f4,f2d9a85b-88a4-4950-96c1-3a460d8c8fab,0.24868860417661864,1.0,7.0,0.8184546726309536,1.0,0.3746902350991088,0.34879260140220214,0.3,5.0,1.0,0
320fc5c9-56dc-44a8-8df7-24455cb545f4,5939c634-d641-4ed7-8910-517780e88b75,0.24868860417661864,1.0,7.0,0.8184546726309536,0.6,0.7523652503478826,0.6850593430585846,0.3,4.0,5.0,1
320fc5c9-56dc-44a8-8df7-24455cb545f4,666c606e-4a7f-4e66-9fac-fbc0339d13f8,0.24868860417661864,1.0,7.0,0.8184546726309536,1.0,0.9652102148867648,0.8330892916579566,0.3,1.0,3.0,1
320fc5c9-56dc-44a8-8df7-24455cb545f4,f99793e2-bf1f-4652-b717-b380cf1b82d9,0.24868860417661864,1.0,7.0,0.8184546726309536,1.0,0.3478973552809047,0.15349034844890785,0.0,5.0,5.0,0
320fc5c9-56dc-44a8-8df7-24455cb545f4,90b5993b-1b5d-4363-8738-1f1566b34091,0.24868860417661864,1.0,7.0,0.8184546726309536,0.2,0.20193175818065728,0.8491249460757495,1.0,5.0,5.0,1
320fc5c9-56dc-44a8-8df7-24455cb545f4,78815b00-b8cf-4b53-9b5c-0a0cc08481cf,0.24868860417661864,1.0,7.0,0.8184546726309536,0.6,0.9610158815047943,0.2578843936513069,0.0,1.0,1.0,1
320fc5c9-56dc-44a8-8df7-24455cb545f4,69f0bb17-25d2-40ca-9934-1d66d65b38ec,0.24868860417661864,1.0,7.0,0.8184546726309536,1.0,0.5123580186270776,0.31857910523425825,0.6,5.0,0.0,0
320fc5c9-56dc-44a8-8df7-24455cb545f4,b1ecfa5c-68a1-4a8a-846a-dfb97027e1f6,0.24868860417661864,1.0,7.0,0.8184546726309536,0.6,0.47396075244655456,0.7794108057492125,1.0,5.0,0.0,1
320fc5c9-56dc-44a8-8df7-24455cb545f4,84c440d3-55ef-46aa-abeb-ca96e8632be9,0.24868860417661864,1.0,7.0,0.8184546726309536,0.6,0.5539423499120992,0.05768859541460958,0.6,0.0,5.0,1
320fc5c9-56dc-44a8-8df7-24455cb545f4,bfa4d06d-4c33-44f5-a582-6f5fc24bfd7f,0.24868860417661864,1.0,7.0,0.8184546726309536,0.2,0.6497798817429743,0.4331009496434778,1.0,2.0,0.0,0
633aa40c-5534-4ab1-8e20-9ca286d84342,1fca9427-3cae-42d5-bed5-488302ac2459,0.8896550644625303,0.2,3.0,0.504100980031333,0.6,0.396450442114459,0.6699625843471093,0.0,5.0,3.0,0
633aa40c-5534-4ab1-8e20-9ca286d84342,d72916bd-ef8f-4502-bba8-725c04f85a5f,0.8896550644625303,0.2,3.0,0.504100980031333,0.2,0.854828063402321,0.2603597878713769,0.0,0.0,0.0,1
633aa40c-5534-4ab1-8e20-9ca286d84342,e8df6458-6771-4ac9-9072-87c3e1750d40,0.8896550644625303,0.2,3.0,0.504100980031333,0.2,0.43364799363262085,0.28863566461256474,0.0,0.0,4.0,1
633aa40c-5534-4ab1-8e20-9ca286d84342,225af4bb-7dea-491a-b6ce-984e91ad99bf,0.8896550644625303,0.2,3.0,0.504100980031333,0.2,0.954287099322196,0.3931698082459284,0.3,0.0,0.0,1
633aa40c-5534-4ab1-8e20-9ca286d84342,c1dad211-ef14-4930-9fde-65d8d01eb8a2,0.8896550644625303,0.2,3.0,0.504100980031333,1.0,0.2775989588417923,0.19963019650413683,0.3,2.0,6.0,0
633aa40c-5534-4ab1-8e20-9ca286d84342,bb149053-41e0-46bd-ae04-d392610b827f,0.8896550644625303,0.2,3.0,0.504100980031333,1.0,0.9892289095536471,0.5376980874726343,0.3,2.0,3.0,1
633aa40c-5534-4ab1-8e20-9ca286d84342,35fc8989-8da0-422f-a619-1517d94a5ef1,0.8896550644625303,0.2,3.0,0.504100980031333,0.6,0.53636942704019,0.22090661672949963,1.0,2.0,5.0,1
633aa40c-5534-4ab1-8e20-9ca286d84342,86df6ab5-0a91-4c31-ae77-b6a97acaa3b6,0.8896550644625303,0.2,3.0,0.504100980031333,0.2,0.6626325512293207,0.22621734088053103,1.0,0.0,3.0,1
633aa40c-5534-4ab1-8e20-9ca286d84342,8977ae1e-0308-44ae-a8c8-f83ca0744d63,0.8896550644625303,0.2,3.0,0.504100980031333,0.6,0.8507600711322102,0.25582976206381436,0.6,5.0,0.0,1
633aa40c-5534-4ab1-8e20-9ca286d84342,fda140a2-2654-463e-a825-e101e2f7921b,0.8896550644625303,0.2,3.0,0.504100980031333,0.2,0.3998020556294877,0.9744658783076392,0.0,5.0,6.0,0
633aa40c-5534-4ab1-8e20-9ca286d84342,9913533d-faae-4d19-b26f-7d58e0c13607,0.8896550644625303,0.2,3.0,0.504100980031333,0.6,0.8682957247821264,0.11927861507246895,0.3,4.0,0.0,0
633aa40c-5534-4ab1-8e20-9ca286d84342,06deada8-30c5-413b-9c3c-714dac3f16dc,0.8896550644625303,0.2,3.0,0.504100980031333,1.0,0.35763710304451657,0.8208832504363414,1.0,3.0,2.0,1
633aa40c-5534-4ab1-8e20-9ca286d84342,74e91ec2-7e97-4477-a254-e11129eee045,0.8896550644625303,0.2,3.0,0.504100980031333,1.0,0.4127752338799551,0.9613455666412534,0.3,4.0,4.0,1
633aa40c-5534-4ab1-8e20-9ca286d84342,7b512031-30a6-4d3c-8e53-4acf4b15efd9,0.8896550644625303,0.2,3.0,0.504100980031333,0.6,0.20961141822392887,0.22555703805048077,1.0,0.0,1.0,0
633aa40c-5534-4ab1-8e20-9ca286d84342,61ae4cd0-4feb-4315-9993-55959a8ab125,0.8896550644625303,0.2,3.0,0.504100980031333,0.6,0.5247340762216478,0.34315624408831924,0.0,0.0,2.0,1
633aa40c-5534-4ab1-8e20-9ca286d84342,3e875754-69cd-4fee-94a5-57d6da42ef91,0.8896550644625303,0.2,3.0,0.504100980031333,0.2,0.2450411346868676,0.8598019829721676,0.3,5.0,4.0,0
633aa40c-5534-4ab1-8e20-9ca286d84342,ca05174e-a4f7-4654-890c-a2d577d622a4,0.8896550644625303,0.2,3.0,0.504100980031333,0.6,0.2772344656929614,0.3717860192537389,1.0,5.0,5.0,0
633aa40c-5534-4ab1-8e20-9ca286d84342,dbb00897-88a6-4e66-bf2b-d540c730bdb9,0.8896550644625303,0.2,3.0,0.504100980031333,0.6,0.9518329178984374,0.4047620165937216,0.0,0.0,0.0,0
633aa40c-5534-4ab1-8e20-9ca286d84342,09a8b01c-9886-431b-860f-484d959f9fd8,0.8896550644625303,0.2,3.0,0.504100980031333,0.2,0.7949409365509817,0.650881327422057,0.0,4.0,6.0,1
633aa40c-5534-4ab1-8e20-9ca286d84342,1e4deb48-10af-482d-89be-a40b3cfa6237,0.8896550644625303,0.2,3.0,0.504100980031333,0.2,0.45812006017454143,0.5670116153989458,0.0,0.0,5.0,0
633aa40c-5534-4ab1-8e20-9ca286d84342,694b0a7e-d4bd-489d-991e-0fc7e0b7eae9,0.8896550644625303,0.2,3.0,0.504100980031333,0.6,0.3343722183141432,0.2359196929431705,1.0,1.0,2.0,1
633aa40c-5534-4ab1-8e20-9ca286d84342,8c822518-d0dc-460d-93c7-d9d033a078ba,0.8896550644625303,0.2,3.0,0.504100980031333,1.0,0.5475099359609544,0.9553256935848943,1.0,5.0,4.0,1
633aa40c-5534-4ab1-8e20-9ca286d84342,786a081e-bed1-4dd5-af8f-b24a2969db27,0.8896550644625303,0.2,3.0,0.504100980031333,1.0,0.2204606202831086,0.8790686327551894,0.6,1.0,5.0,1
633aa40c-5534-4ab1-8e20-9ca286d84342,a32c33b9-2ae0-4565-b4cd-8c363bd2dbb1,0.8896550644625303,0.2,3.0,0.504100980031333,0.6,0.4675427346881219,0.5919389716094521,0.3,5.0,6.0,0
633aa40c-5534-4ab1-8e20-9ca286d84342,a38cc35a-c8b1-493c-ad3e-67dba34f85e7,0.8896550644625303,0.2,3.0,0.504100980031333,0.6,0.41036269496507194,0.08761541400278205,0.0,2.0,0.0,0
633aa40c-5534-4ab1-8e20-9ca286d84342,15ffb6f4-0363-4611-afec-93fefe2ffd83,0.8896550644625303,0.2,3.0,0.504100980031333,0.2,0.9223427256162328,0.7798431272433336,0.3,2.0,6.0,1
633aa40c-5534-4ab1-8e20-9ca286d84342,8c822518-d0dc-460d-93c7-d9d033a078ba,0.8896550644625303,0.2,3.0,0.504100980031333,1.0,0.5475099359609544,0.9553256935848943,1.0,3.0,3.0,0
633aa40c-5534-4ab1-8e20-9ca286d84342,b8a59f9c-9152-4e9d-9227-81b450029be0,0.8896550644625303,0.2,3.0,0.504100980031333,0.2,0.9082416607735994,0.8438860705844703,1.0,0.0,0.0,1
633aa40c-5534-4ab1-8e20-9ca286d84342,4590aaee-b789-46de-a082-c6807a962ec2,0.8896550644625303,0.2,3.0,0.504100980031333,1.0,0.9792453221449127,0.1694110619506124,1.0,3.0,0.0,0
633aa40c-5534-4ab1-8e20-9ca286d84342,d879a756-cb6b-4026-a00a-656051801b5f,0.8896550644625303,0.2,3.0,0.504100980031333,1.0,0.19670829855613808,0.6495454402345533,1.0,5.0,4.0,0
633aa40c-5534-4ab1-8e20-9ca286d84342,8618c927-9c33-4057-8bfe-9828bd93601a,0.8896550644625303,0.2,3.0,0.504100980031333,0.6,0.22804722680585615,0.021203888490483047,0.6,4.0,1.0,1
633aa40c-5534-4ab1-8e20-9ca286d84342,ae260348-9d86-49fc-b010-b38655f0aa4c,0.8896550644625303,0.2,3.0,0.504100980031333,0.6,0.6156726777562007,0.7631540220976764,0.3,2.0,2.0,1
633aa40c-5534-4ab1-8e20-9ca286d84342,fda140a2-2654-463e-a825-e101e2f7921b,0.8896550644625303,0.2,3.0,0.504100980031333,0.2,0.3998020556294877,0.9744658783076392,0.0,2.0,3.0,0
633aa40c-5534-4ab1-8e20-9ca286d84342,aaf45fe2-a218-49a4-8030-1b040505fcc2,0.8896550644625303,0.2,3.0,0.504100980031333,0.2,0.36982601339710064,0.6947724975849392,0.3,2.0,1.0,1
633aa40c-5534-4ab1-8e20-9ca286d84342,6720ccab-682e-40ac-9103-5e1a7cedc597,0.8896550644625303,0.2,3.0,0.504100980031333,1.0,0.34528416725327743,0.5038671262185984,1.0,3.0,0.0,1
633aa40c-5534-4ab1-8e20-9ca286d84342,bf1c16a4-e182-4ecc-8023-e458da60daac,0.8896550644625303,0.2,3.0,0.504100980031333,1.0,0.24964749169716674,0.6258043806862246,0.6,2.0,6.0,0
633aa40c-5534-4ab1-8e20-9ca286d84342,666c606e-4a7f-4e66-9fac-fbc0339d13f8,0.8896550644625303,0.2,3.0,0.504100980031333,1.0,0.9652102148867648,0.8330892916579566,0.3,3.0,2.0,0
633aa40c-5534-4ab1-8e20-9ca286d84342,8bf86bf8-6510-4e3c-a240-21e3b94e264e,0.8896550644625303,0.2,3.0,0.504100980031333,0.6,0.9444299160166787,0.9759914132168259,0.0,2.0,2.0,0
633aa40c-5534-4ab1-8e20-9ca286d84342,9ba51c49-9d6a-423a-905e-593237ec3ec2,0.8896550644625303,0.2,3.0,0.504100980031333,0.2,0.5056427924137512,0.14164644156570538,1.0,2.0,1.0,0
633aa40c-5534-4ab1-8e20-9ca286d84342,c192b11f-4447-40a2-80a6-390cd362dfa5,0.8896550644625303,0.2,3.0,0.504100980031333,1.0,0.7363853294533637,0.9004772949138748,0.6,5.0,5.0,0
d1aad974-e64f-43b4-bb4d-bce69d5dd3c8,effc8e6d-3fa0-4ad0-84e0-49ceb18ecfdf,0.5173872116579048,0.6,5.0,0.4961447736935061,1.0,0.1753861576369154,0.018304751217713022,0.6,2.0,3.0,0
d1aad974-e64f-43b4-bb4d-bce69d5dd3c8,15b5cdd7-9aed-490f-9cb8-4f9a900eb398,0.5173872116579048,0.6,5.0,0.4961447736935061,0.2,0.17789822129463906,0.6431782959777482,0.0,0.0,4.0,0
d1aad974-e64f-43b4-bb4d-bce69d5dd3c8,ad90952f-caf0-425d-8039-7263f702df91,0.5173872116579048,0.6,5.0,0.4961447736935061,0.2,0.9254823202465832,0.36840241779614114,0.0,5.0,6.0,0
d1aad974-e64f-43b4-bb4d-bce69d5dd3c8,c2aa2f4b-31d0-4751-b78b-9bc94a917dd3,0.5173872116579048,0.6,5.0,0.4961447736935061,0.2,0.9632839642542039,0.47862263242291936,0.3,5.0,1.0,1
d1aad974-e64f-43b4-bb4d-bce69d5dd3c8,e4e6b795-9ea2-4e67-a482-101b379e3dd3,0.5173872116579048,0.6,5.0,0.4961447736935061,0.6,0.7178715876853263,0.49460864618565403,0.0,3.0,5.0,0
d1aad974-e64f-43b4-bb4d-bce69d5dd3c8,01fe4a49-c1a0-4cc3-8dc8-8402e6b11064,0.5173872116579048,0.6,5.0,0.4961447736935061,1.0,0.6879754206461195,0.49287097672138225,0.3,2.0,5.0,0
d1aad974-e64f-43b4-bb4d-bce69d5dd3c8,87a7aeb8-bf34-460e-bb3c-fbe35cf1ef81,0.5173872116579048,0.6,5.0,0.4961447736935061,1.0,0.7885085605778664,0.825897641598029,0.6,0.0,3.0,0
d1aad974-e64f-43b4-bb4d-bce69d5dd3c8,5145c478-0b39-4ab7-a906-e1b9735ba3ce,0.5173872116579048,0.6,5.0,0.4961447736935061,0.6,0.8786936977058606,0.9587100682359623,1.0,4.0,4.0,0
d1aad974-e64f-43b4-bb4d-bce69d5dd3c8,b7f3f687-720d-4c2e-b765-833d1f628763,0.5173872116579048,0.6,5.0,0.4961447736935061,0.6,0.5040757896213439,0.7654432929579714,0.6,4.0,0.0,1
d1aad974-e64f-43b4-bb4d-bce69d5dd3c8,79cb3b8e-aafa-418e-97aa-f7fdcb3d6c58,0.5173872116579048,0.6,5.0,0.4961447736935061,0.2,0.3730266808058288,0.7752357696427774,0.3,4.0,5.0,1
d1aad974-e64f-43b4-bb4d-bce69d5dd3c8,122cf437-7436-42ed-ba9f-fd1238cad94f,0.5173872116579048,0.6,5.0,0.4961447736935061,0.6,0.7296624097080157,0.24684751428984442,0.6,5.0,5.0,0
d1aad974-e64f-43b4-bb4d-bce69d5dd3c8,a17bf541-effa-44fe-bb93-e99cb560a113,0.5173872116579048,0.6,5.0,0.4961447736935061,0.6,0.6843407970867683,0.1004271940167254,0.6,4.0,5.0,1
d1aad974-e64f-43b4-bb4d-bce69d5dd3c8,2fd06511-a2df-41a4-b9b8-72ad25edbef7,0.5173872116579048,0.6,5.0,0.4961447736935061,1.0,0.8121414643536927,0.9186858244934103,0.3,3.0,0.0,0
d1aad974-e64f-43b4-bb4d-bce69d5dd3c8,6cef895f-06aa-4942-bedd-72fff31eb379,0.5173872116579048,0.6,5.0,0.4961447736935061,0.2,0.8773089936408774,0.6446474280251517,1.0,5.0,4.0,0
d1aad974-e64f-43b4-bb4d-bce69d5dd3c8,f2d9a85b-88a4-4950-96c1-3a460d8c8fab,0.5173872116579048,0.6,5.0,0.4961447736935061,1.0,0.3746902350991088,0.34879260140220214,0.3,3.0,2.0,0
d1aad974-e64f-43b4-bb4d-bce69d5dd3c8,e4db18b0-d91a-4fe4-b05f-eda25f38ea0d,0.5173872116579048,0.6,5.0,0.4961447736935061,0.2,0.5776591949487476,0.19019373944895102,0.3,1.0,2.0,1
d1aad974-e64f-43b4-bb4d-bce69d5dd3c8,786a081e-bed1-4dd5-af8f-b24a2969db27,0.5173872116579048,0.6,5.0,0.4961447736935061,1.0,0.2204606202831086,0.8790686327551894,0.6,3.0,0.0,0
d1aad974-e64f-43b4-bb4d-bce69d5dd3c8,21197103-286c-4e08-8f2e-e1f0c1aa4b65,0.5173872116579048,0.6,5.0,0.4961447736935061,0.2,0.974231980237957,0.8883695246489081,0.6,2.0,2.0,0
d1aad974-e64f-43b4-bb4d-bce69d5dd3c8,ab31027b-1533-4573-87ee-591c4e74f603,0.5173872116579048,0.6,5.0,0.4961447736935061,0.2,0.13414284675556443,0.8188515466757538,1.0,3.0,2.0,1
d1aad974-e64f-43b4-bb4d-bce69d5dd3c8,74148153-f45d-4239-a353-bd87a356743e,0.5173872116579048,0.6,5.0,0.4961447736935061,0.6,0.6999994035333063,0.6902791079691951,0.6,2.0,0.0,0
d1aad974-e64f-43b4-bb4d-bce69d5dd3c8,7c817b5c-6572-44b4-8692-fb0a6e6339be,0.5173872116579048,0.6,5.0,0.4961447736935061,1.0,0.5648788196988385,0.6966139096390322,0.6,0.0,6.0,1
d1aad974-e64f-43b4-bb4d-bce69d5dd3c8,686e3aa2-fafa-49b8-ae04-90315babb1d4,0.5173872116579048,0.6,5.0,0.4961447736935061,0.2,0.2485402182633587,0.3567460645487345,1.0,5.0,1.0,1
d1aad974-e64f-43b4-bb4d-bce69d5dd3c8,2fd06511-a2df-41a4-b9b8-72ad25edbef7,0.5173872116579048,0.6,5.0,0.4961447736935061,1.0,0.8121414643536927,0.9186858244934103,0.3,4.0,3.0,1
d1aad974-e64f-43b4-bb4d-bce69d5dd3c8,04b630df-e955-44a2-ba81-7807bb8bbf0e,0.5173872116579048,0.6,5.0,0.4961447736935061,0.6,0.26969467315661044,0.7945253868283686,1.0,5.0,1.0,0
d1aad974-e64f-43b4-bb4d-bce69d5dd3c8,bf1c16a4-e182-4ecc-8023-e458da60daac,0.5173872116579048,0.6,5.0,0.4961447736935061,1.0,0.24964749169716674,0.6258043806862246,0.6,0.0,5.0,1
d1aad974-e64f-43b4-bb4d-bce69d5dd3c8,4eda28e3-9d9e-4f06-badb-0cb04245ce38,0.5173872116579048,0.6,5.0,0.4961447736935061,0.6,0.2524816678776829,0.7419096525240588,0.6,3.0,0.0,1
d1aad974-e64f-43b4-bb4d-bce69d5dd3c8,6a24fb3d-8584-44db-80ec-a8943d9d4953,0.5173872116579048,0.6,5.0,0.4961447736935061,0.2,0.7990830790974275,0.6468922285040184,0.6,4.0,0.0,1
d1aad974-e64f-43b4-bb4d-bce69d5dd3c8,85ca56ac-d00f-4985-9a10-09bdbdcf0764,0.5173872116579048,0.6,5.0,0.4961447736935061,1.0,0.7672921606674585,0.4762417440869502,0.3,2.0,1.0,1
d1aad974-e64f-43b4-bb4d-bce69d5dd3c8,90b5993b-1b5d-4363-8738-1f1566b34091,0.5173872116579048,0.6,5.0,0.4961447736935061,0.2,0.20193175818065728,0.8491249460757495,1.0,4.0,5.0,1
d1aad974-e64f-43b4-bb4d-bce69d5dd3c8,f2b47773-ae1a-4e1a-83d1-6e1190805e45,0.5173872116579048,0.6,5.0,0.4961447736935061,0.2,0.47451581704366996,0.8941437054017293,0.0,4.0,0.0,0
d1aad974-e64f-43b4-bb4d-bce69d5dd3c8,b008e459-aec4-4940-b0b0-b9521473a99b,0.5173872116579048,0.6,5.0,0.4961447736935061,0.2,0.8465976222683373,0.22635650862391665,1.0,5.0,5.0,0
d1aad974-e64f-43b4-bb4d-bce69d5dd3c8,d879a756-cb6b-4026-a00a-656051801b5f,0.5173872116579048,0.6,5.0,0.4961447736935061,1.0,0.19670829855613808,0.6495454402345533,1.0,5.0,1.0,0
d1aad974-e64f-43b4-bb4d-bce69d5dd3c8,1f1d5ce2-33eb-44b8-b139-1507fb4718cc,0.5173872116579048,0.6,5.0,0.4961447736935061,1.0,0.5291681488699617,0.6223076451667475,0.0,1.0,2.0,0
d1aad974-e64f-43b4-bb4d-bce69d5dd3c8,b7f3f687-720d-4c2e-b765-833d1f628763,0.5173872116579048,0.6,5.0,0.4961447736935061,0.6,0.5040757896213439,0.7654432929579714,0.6,4.0,1.0,1
d1aad974-e64f-43b4-bb4d-bce69d5dd3c8,3feb240a-54de-4548-9d6d-6b68da72c588,0.5173872116579048,0.6,5.0,0.4961447736935061,0.6,0.3534939575862086,0.46875086538360267,0.6,5.0,4.0,0
d1aad974-e64f-43b4-bb4d-bce69d5dd3c8,b008e459-aec4-4940-b0b0-b9521473a99b,0.5173872116579048,0.6,5.0,0.4961447736935061,0.2,0.8465976222683373,0.22635650862391665,1.0,4.0,1.0,1
d1aad974-e64f-43b4-bb4d-bce69d5dd3c8,7b512031-30a6-4d3c-8e53-4acf4b15efd9,0.5173872116579048,0.6,5.0,0.4961447736935061,0.6,0.20961141822392887,0.22555703805048077,1.0,3.0,4.0,1
d1aad974-e64f-43b4-bb4d-bce69d5dd3c8,b972f906-99a3-4c64-8a3c-52215d80d34b,0.5173872116579048,0.6,5.0,0.4961447736935061,0.2,0.7557609477960204,0.33890958121625947,0.3,3.0,1.0,1
d1aad974-e64f-43b4-bb4d-bce69d5dd3c8,b08e025f-b00e-487d-9769-6e771d335fcd,0.5173872116579048,0.6,5.0,0.4961447736935061,0.6,0.35587631985892465,0.5051778789164922,0.3,4.0,5.0,0
d1aad974-e64f-43b4-bb4d-bce69d5dd3c8,9f019ca3-6a4d-4f1c-8cfd-4fc983011cd8,0.5173872116579048,0.6,5.0,0.4961447736935061,0.6,0.8592879525285462,0.4771610349793223,0.6,5.0,6.0,1
dfda0648-996d-499e-973c-33aba317d10a,2a4e6f6f-8a97-4b0f-8706-b5b5c9a3506e,0.3466549215400414,0.6,20.0,0.25712200766283866,1.0,0.508305717299449,0.5779541132057853,1.0,0.0,6.0,1
dfda0648-996d-499e-973c-33aba317d10a,b306c2e8-e14e-48ab-ba50-0a1e2c26a1c9,0.3466549215400414,0.6,20.0,0.25712200766283866,0.2,0.3501289126422822,0.7428895955658196,0.3,1.0,4.0,0
dfda0648-996d-499e-973c-33aba317d10a,2a4e6f6f-8a97-4b0f-8706-b5b5c9a3506e,0.3466549215400414,0.6,20.0,0.25712200766283866,1.0,0.508305717299449,0.5779541132057853,1.0,5.0,6.0,0
dfda0648-996d-499e-973c-33aba317d10a,dfb0809f-a08c-4519-85d0-1f790e6cd5d9,0.3466549215400414,0.6,20.0,0.25712200766283866,1.0,0.12996439027292325,0.8581884567519729,1.0,4.0,0.0,0
dfda0648-996d-499e-973c-33aba317d10a,85ca56ac-d00f-4985-9a10-09bdbdcf0764,0.3466549215400414,0.6,20.0,0.25712200766283866,1.0,0.7672921606674585,0.4762417440869502,0.3,4.0,6.0,0
dfda0648-996d-499e-973c-33aba317d10a,d91ea030-edc5-4199-b235-b4f2746330e6,0.3466549215400414,0.6,20.0,0.25712200766283866,1.0,0.7413528687367448,0.2371548448306322,0.6,4.0,1.0,1
dfda0648-996d-499e-973c-33aba317d10a,1e9ac78a-0ad3-4758-94d2-679a7c60a672,0.3466549215400414,0.6,20.0,0.25712200766283866,0.6,0.1486437037821284,0.8157193928134632,0.6,2.0,6.0,1
dfda0648-996d-499e-973c-33aba317d10a,b9638733-3416-47d7-b548-7e0af0dbe65f,0.3466549215400414,0.6,20.0,0.25712200766283866,0.2,0.7200468573060492,0.4981514611185579,0.6,0.0,3.0,1
dfda0648-996d-499e-973c-33aba317d10a,723b0875-2f5c-406d-91ef-1ef6768c21e1,0.3466549215400414,0.6,20.0,0.25712200766283866,0.6,0.5865033881557733,0.9546606431143135,0.6,1.0,6.0,0
dfda0648-996d-499e-973c-33aba317d10a,4eda28e3-9d9e-4f06-badb-0cb04245ce38,0.3466549215400414,0.6,20.0,0.25712200766283866,0.6,0.2524816678776829,0.7419096525240588,0.6,1.0,4.0,1
dfda0648-996d-499e-973c-33aba317d10a,4e038b59-7940-4187-89a4-aa8900eb4584,0.3466549215400414,0.6,20.0,0.25712200766283866,0.6,0.8162686834681103,0.09548613580741361,0.3,0.0,4.0,1
dfda0648-996d-499e-973c-33aba317d10a,4a47a28f-ebfe-4e2c-b5a5-219b771c2344,0.3466549215400414,0.6,20.0,0.25712200766283866,1.0,0.886582543106834,0.6746693780314743,0.3,1.0,2.0,1
dfda0648-996d-499e-973c-33aba317d10a,8d8bd000-8a84-4c8b-bdc8-797008544155,0.3466549215400414,0.6,20.0,0.25712200766283866,1.0,0.14606305453676433,0.13377939697072627,0.0,2.0,6.0,0
dfda0648-996d-499e-973c-33aba317d10a,9913533d-faae-4d19-b26f-7d58e0c13607,0.3466549215400414,0.6,20.0,0.25712200766283866,0.6,0.8682957247821264,0.11927861507246895,0.3,1.0,6.0,0
dfda0648-996d-499e-973c-33aba317d10a,775861d5-545e-4ddf-b332-3aabb9bd0e76,0.3466549215400414,0.6,20.0,0.25712200766283866,1.0,0.8513642364331833,0.05300666587800451,0.6,5.0,1.0,1
dfda0648-996d-499e-973c-33aba317d10a,ef4564ad-37cb-422e-9258-c0dd09e686d8,0.3466549215400414,0.6,20.0,0.25712200766283866,0.6,0.7134305197216956,0.4952020834976343,0.0,5.0,2.0,0
dfda0648-996d-499e-973c-33aba317d10a,6670ddb8-85fa-45e6-9af6-91adbac350a8,0.3466549215400414,0.6,20.0,0.25712200766283866,1.0,0.5273671033049591,0.12936862090556023,0.0,3.0,1.0,0
dfda0648-996d-499e-973c-33aba317d10a,9f019ca3-6a4d-4f1c-8cfd-4fc983011cd8,0.3466549215400414,0.6,20.0,0.25712200766283866,0.6,0.8592879525285462,0.4771610349793223,0.6,3.0,3.0,0
dfda0648-996d-499e-973c-33aba317d10a,4b297a66-3334-402c-af3b-f9ee2b621b0b,0.3466549215400414,0.6,20.0,0.25712200766283866,0.2,0.16180119098371584,0.2582859429792861,0.0,3.0,4.0,0
dfda0648-996d-499e-973c-33aba317d10a,1f8de1f5-f4a5-410b-85f9-a2177b221fd0,0.3466549215400414,0.6,20.0,0.25712200766283866,0.2,0.9355406398663405,0.9993664824422813,1.0,3.0,3.0,1
dfda0648-996d-499e-973c-33aba317d10a,4b297a66-3334-402c-af3b-f9ee2b621b0b,0.3466549215400414,0.6,20.0,0.25712200766283866,0.2,0.16180119098371584,0.2582859429792861,0.0,5.0,3.0,0
dfda0648-996d-499e-973c-33aba317d10a,6a24fb3d-8584-44db-80ec-a8943d9d4953,0.3466549215400414,0.6,20.0,0.25712200766283866,0.2,0.7990830790974275,0.6468922285040184,0.6,4.0,3.0,1
dfda0648-996d-499e-973c-33aba317d10a,7e095f22-5248-4ba3-b91c-aefd7470fd6a,0.3466549215400414,0.6,20.0,0.25712200766283866,0.6,0.520298671705361,0.6766771512956176,0.3,3.0,2.0,1
dfda0648-996d-499e-973c-33aba317d10a,e45bd99d-504e-4e64-83b1-c517b6b084cf,0.3466549215400414,0.6,20.0,0.25712200766283866,1.0,0.2973675063752232,0.26685392748809267,0.0,4.0,1.0,0
dfda0648-996d-499e-973c-33aba317d10a,e44b9013-f4a8-49bf-9379-87dcbb2e8e53,0.3466549215400414,0.6,20.0,0.25712200766283866,1.0,0.36258242224859283,0.32306846386650134,0.3,5.0,6.0,1
dfda0648-996d-499e-973c-33aba317d10a,fb36e3d1-7446-45e0-9d41-48f394b60fa9,0.3466549215400414,0.6,20.0,0.25712200766283866,0.6,0.6937735815060089,0.32932384475875576,0.0,0.0,0.0,1
dfda0648-996d-499e-973c-33aba317d10a,bfa4d06d-4c33-44f5-a582-6f5fc24bfd7f,0.3466549215400414,0.6,20.0,0.25712200766283866,0.2,0.6497798817429743,0.4331009496434778,1.0,0.0,3.0,0
dfda0648-996d-499e-973c-33aba317d10a,d8d30dac-fd61-48d1-8bf9-aa602ff08b1b,0.3466549215400414,0.6,20.0,0.25712200766283866,0.6,0.5193853910130869,0.5025270481245171,0.0,5.0,2.0,0
dfda0648-996d-499e-973c-33aba317d10a,b306c2e8-e14e-48ab-ba50-0a1e2c26a1c9,0.3466549215400414,0.6,20.0,0.25712200766283866,0.2,0.3501289126422822,0.7428895955658196,0.3,0.0,5.0,1
dfda0648-996d-499e-973c-33aba317d10a,686e3aa2-fafa-49b8-ae04-90315babb1d4,0.3466549215400414,0.6,20.0,0.25712200766283866,0.2,0.2485402182633587,0.3567460645487345,1.0,0.0,3.0,0
dfda0648-996d-499e-973c-33aba317d10a,5e04770f-4a25-48a2-ad93-cef1ed97d455,0.3466549215400414,0.6,20.0,0.25712200766283866,1.0,0.6810890391339975,0.862719881758954,0.3,3.0,5.0,1
dfda0648-996d-499e-973c-33aba317d10a,b67ddff0-7385-4797-a300-4a5924cf13c8,0.3466549215400414,0.6,20.0,0.25712200766283866,1.0,0.3295857149138473,0.12338020427621188,1.0,3.0,0.0,0
dfda0648-996d-499e-973c-33aba317d10a,15ffb6f4-0363-4611-afec-93fefe2ffd83,0.3466549215400414,0.6,20.0,0.25712200766283866,0.2,0.9223427256162328,0.7798431272433336,0.3,0.0,0.0,0
dfda0648-996d-499e-973c-33aba317d10a,290546aa-9a27-44b0-96cf-1cbe5de0ac63,0.3466549215400414,0.6,20.0,0.25712200766283866,0.2,0.8840031953521331,0.909469052204089,0.3,5.0,1.0,1
dfda0648-996d-499e-973c-33aba317d10a,f62e1330-1cf0-425f-9f10-6ddf9042abcd,0.3466549215400414,0.6,20.0,0.25712200766283866,1.0,0.9321622696421319,0.2356252848280802,1.0,5.0,6.0,0
dfda0648-996d-499e-973c-33aba317d10a,be7b953b-bf68-42e7-957e-b6f8f29af69d,0.3466549215400414,0.6,20.0,0.25712200766283866,1.0,0.6945243897343877,0.4669732371344246,1.0,1.0,3.0,0
dfda0648-996d-499e-973c-33aba317d10a,10061fb7-f1ca-4d39-a324-536b4bc6d836,0.3466549215400414,0.6,20.0,0.25712200766283866,0.2,0.618739880361464,0.7410470610420968,1.0,5.0,5.0,0
dfda0648-996d-499e-973c-33aba317d10a,b972f906-99a3-4c64-8a3c-52215d80d34b,0.3466549215400414,0.6,20.0,0.25712200766283866,0.2,0.7557609477960204,0.33890958121625947,0.3,4.0,5.0,1
dfda0648-996d-499e-973c-33aba317d10a,b67ddff0-7385-4797-a300-4a5924cf13c8,0.3466549215400414,0.6,20.0,0.25712200766283866,1.0,0.3295857149138473,0.12338020427621188,1.0,5.0,5.0,0
dfda0648-996d-499e-973c-33aba317d10a,cd408280-465f-4896-b05f-85290441236d,0.3466549215400414,0.6,20.0,0.25712200766283866,1.0,0.22129010421141973,0.167964745667194,0.6,1.0,0.0,1
7b3989ae-ebd6-4159-8a8e-bfeedc26516a,1448df8a-d98e-4341-b986-a8f8b8a384c2,0.6444848017379421,1.0,7.0,0.3307219950095427,1.0,0.1288249955168966,0.3673497152563451,0.6,4.0,5.0,0
7b3989ae-ebd6-4159-8a8e-bfeedc26516a,7b512031-30a6-4d3c-8e53-4acf4b15efd9,0.6444848017379421,1.0,7.0,0.3307219950095427,0.6,0.20961141822392887,0.22555703805048077,1.0,1.0,1.0,1
7b3989ae-ebd6-4159-8a8e-bfeedc26516a,cfaac6f7-b976-4661-8cd2-98f3a4e3a281,0.6444848017379421,1.0,7.0,0.3307219950095427,0.2,0.17993656314318568,0.2972789514204549,0.3,4.0,4.0,1
7b3989ae-ebd6-4159-8a8e-bfeedc26516a,9d28a4ed-19ea-45ff-8c87-cd755a39633c,0.6444848017379421,1.0,7.0,0.3307219950095427,1.0,0.9699569764835101,0.3864034459374597,1.0,5.0,2.0,0
7b3989ae-ebd6-4159-8a8e-bfeedc26516a,2e62bb91-bbcc-427c-86f2-60487a06e1ea,0.6444848017379421,1.0,7.0,0.3307219950095427,0.6,0.9970298553106509,0.5346422845071757,0.3,5.0,3.0,1
7b3989ae-ebd6-4159-8a8e-bfeedc26516a,27de15b7-4423-4163-9a52-27eba3556133,0.6444848017379421,1.0,7.0,0.3307219950095427,0.2,0.8025233861040034,0.45458734247358457,0.6,3.0,3.0,1
7b3989ae-ebd6-4159-8a8e-bfeedc26516a,a26f3aa1-8131-40eb-8610-e57f92d60b1d,0.6444848017379421,1.0,7.0,0.3307219950095427,0.6,0.5405955324673002,0.22788898669340596,0.3,4.0,0.0,0
7b3989ae-ebd6-4159-8a8e-bfeedc26516a,d8d30dac-fd61-48d1-8bf9-aa602ff08b1b,0.6444848017379421,1.0,7.0,0.3307219950095427,0.6,0.5193853910130869,0.5025270481245171,0.0,3.0,6.0,1
7b3989ae-ebd6-4159-8a8e-bfeedc26516a,4df06409-5880-4fd2-840e-02e90385cc4e,0.6444848017379421,1.0,7.0,0.3307219950095427,1.0,0.19470747542775022,0.6843276576228667,0.0,5.0,1.0,0
7b3989ae-ebd6-4159-8a8e-bfeedc26516a,3ceffdd1-05b8-4296-8ead-87aa963b9836,0.6444848017379421,1.0,7.0,0.3307219950095427,1.0,0.4937077765458606,0.9078087859837904,0.3,0.0,4.0,0
7b3989ae-ebd6-4159-8a8e-bfeedc26516a,06f5b296-916f-4c42-aec7-d6f62bba9d9b,0.6444848017379421,1.0,7.0,0.3307219950095427,0.2,0.3223108679637023,0.4183220717622109,1.0,0.0,6.0,1
7b3989ae-ebd6-4159-8a8e-bfeedc26516a,e4db18b0-d91a-4fe4-b05f-eda25f38ea0d,0.6444848017379421,1.0,7.0,0.3307219950095427,0.2,0.5776591949487476,0.19019373944895102,0.3,3.0,3.0,1
7b3989ae-ebd6-4159-8a8e-bfeedc26516a,79cb3b8e-aafa-418e-97aa-f7fdcb3d6c58,0.6444848017379421,1.0,7.0,0.3307219950095427,0.2,0.3730266808058288,0.7752357696427774,0.3,4.0,4.0,1
7b3989ae-ebd6-4159-8a8e-bfeedc26516a,bb149053-41e0-46bd-ae04-d392610b827f,0.6444848017379421,1.0,7.0,0.3307219950095427,1.0,0.9892289095536471,0.5376980874726343,0.3,4.0,1.0,1
7b3989ae-ebd6-4159-8a8e-bfeedc26516a,1e4deb48-10af-482d-89be-a40b3cfa6237,0.6444848017379421,1.0,7.0,0.3307219950095427,0.2,0.45812006017454143,0.5670116153989458,0.0,3.0,4.0,0
7b3989ae-ebd6-4159-8a8e-bfeedc26516a,94f447d1-ce40-4abc-9492-1b4fa652cdf8,0.6444848017379421,1.0,7.0,0.3307219950095427,0.2,0.7747992350688047,0.24068147068829215,1.0,2.0,5.0,0
7b3989ae-ebd6-4159-8a8e-bfeedc26516a,27de15b7-4423-4163-9a52-27eba3556133,0.6444848017379421,1.0,7.0,0.3307219950095427,0.2,0.8025233861040034,0.45458734247358457,0.6,0.0,1.0,1
7b3989ae-ebd6-4159-8a8e-bfeedc26516a,06497e85-86a1-47f4-bbdd-a5f778924253,0.6444848017379421,1.0,7.0,0.3307219950095427,0.2,0.19052222599951962,0.20137632619118384,0.3,4.0,4.0,0
7b3989ae-ebd6-4159-8a8e-bfeedc26516a,03be5e2c-49dc-49c9-bf6c-bd633714d57c,0.6444848017379421,1.0,7.0,0.3307219950095427,0.2,0.23003808241798443,0.40233767223870887,0.0,0.0,0.0,0
7b3989ae-ebd6-4159-8a8e-bfeedc26516a,a8daf424-06ed-42c5-99ea-74a1e01591a9,0.6444848017379421,1.0,7.0,0.3307219950095427,0.6,0.6995840419204985,0.5852213104701965,0.0,3.0,2.0,0
7b3989ae-ebd6-4159-8a8e-bfeedc26516a,4923fb26-e583-4c24-ac52-8838a0ed3a98,0.6444848017379421,1.0,7.0,0.3307219950095427,1.0,0.553388277838538,0.7019544741283528,1.0,1.0,2.0,0
7b3989ae-ebd6-4159-8a8e-bfeedc26516a,ae260348-9d86-49fc-b010-b38655f0aa4c,0.6444848017379421,1.0,7.0,0.3307219950095427,0.6,0.6156726777562007,0.7631540220976764,0.3,5.0,0.0,1
7b3989ae-ebd6-4159-8a8e-bfeedc26516a,4eda28e3-9d9e-4f06-badb-0cb04245ce38,0.6444848017379421,1.0,7.0,0.3307219950095427,0.6,0.2524816678776829,0.7419096525240588,0.6,2.0,4.0,0
7b3989ae-ebd6-4159-8a8e-bfeedc26516a,2f2c32fa-6e32-4764-b476-b6f9b3cc5cd7,0.6444848017379421,1.0,7.0,0.3307219950095427,0.2,0.13396258547827183,0.29306867008666404,0.0,5.0,0.0,1
7b3989ae-ebd6-4159-8a8e-bfeedc26516a,8977ae1e-0308-44ae-a8c8-f83ca0744d63,0.6444848017379421,1.0,7.0,0.3307219950095427,0.6,0.8507600711322102,0.25582976206381436,0.6,3.0,6.0,1
7b3989ae-ebd6-4159-8a8e-bfeedc26516a,3e8780dc-c7a9-4934-8e6f-110d379812e4,0.6444848017379421,1.0,7.0,0.3307219950095427,1.0,0.5060570262278341,0.2300402347272693,0.6,0.0,4.0,1
7b3989ae-ebd6-4159-8a8e-bfeedc26516a,0c914be4-9a3f-42b1-9a0d-7b75e4458ea2,0.6444848017379421,1.0,7.0,0.3307219950095427,0.2,0.6120270413649967,0.8895054166969376,0.3,0.0,0.0,1
7b3989ae-ebd6-4159-8a8e-bfeedc26516a,0d91a5c8-4b22-4198-b963-be98907527f4,0.6444848017379421,1.0,7.0,0.3307219950095427,0.2,0.36811976533001634,0.7445398250927052,0.0,3.0,2.0,1
7b3989ae-ebd6-4159-8a8e-bfeedc26516a,31a8a011-26d9-417f-9acd-2dc1aa620cb1,0.6444848017379421,1.0,7.0,0.3307219950095427,0.6,0.8578772412513512,0.31368145278296056,0.6,4.0,6.0,0
7b3989ae-ebd6-4159-8a8e-bfeedc26516a,b7f3f687-720d-4c2e-b765-833d1f628763,0.6444848017379421,1.0,7.0,0.3307219950095427,0.6,0.5040757896213439,0.7654432929579714,0.6,1.0,2.0,0
7b3989ae-ebd6-4159-8a8e-bfeedc26516a,9102dfee-3ffe-4500-abcd-856f5c7ba81a,0.6444848017379421,1.0,7.0,0.3307219950095427,0.2,0.14792713695477017,0.6300659561232757,1.0,2.0,6.0,1
7b3989ae-ebd6-4159-8a8e-bfeedc26516a,3fb0a35d-d0bf-4534-9f63-995064c4e8af,0.6444848017379421,1.0,7.0,0.3307219950095427,0.2,0.4877773325800844,0.17627426660923395,0.3,5.0,0.0,0
7b3989ae-ebd6-4159-8a8e-bfeedc26516a,0d91a5c8-4b22-4198-b963-be98907527f4,0.6444848017379421,1.0,7.0,0.3307219950095427,0.2,0.36811976533001634,0.7445398250927052,0.0,3.0,0.0,0
7b3989ae-ebd6-4159-8a8e-bfeedc26516a,5a34f357-525c-4e8c-9761-fca6c5ef4a54,0.6444848017379421,1.0,7.0,0.3307219950095427,1.0,0.32612342892093527,0.37000647225331373,0.3,2.0,0.0,1
7b3989ae-ebd6-4159-8a8e-bfeedc26516a,6bc2f168-7233-41b6-b378-1e91e4060318,0.6444848017379421,1.0,7.0,0.3307219950095427,0.6,0.8903489988595626,0.4493952204847722,0.6,2.0,4.0,0
7b3989ae-ebd6-4159-8a8e-bfeedc26516a,effc8e6d-3fa0-4ad0-84e0-49ceb18ecfdf,0.6444848017379421,1.0,7.0,0.3307219950095427,1.0,0.1753861576369154,0.018304751217713022,0.6,3.0,2.0,0
7b3989ae-ebd6-4159-8a8e-bfeedc26516a,6720ccab-682e-40ac-9103-5e1a7cedc597,0.6444848017379421,1.0,7.0,0.3307219950095427,1.0,0.34528416725327743,0.5038671262185984,1.0,5.0,4.0,1
7b3989ae-ebd6-4159-8a8e-bfeedc26516a,b8f55e48-9d55-4d28-bc80-497a7d36ac53,0.6444848017379421,1.0,7.0,0.3307219950095427,0.6,0.5364632049642664,0.9010207096938249,0.6,3.0,0.0,1
7b3989ae-ebd6-4159-8a8e-bfeedc26516a,b972f906-99a3-4c64-8a3c-52215d80d34b,0.6444848017379421,1.0,7.0,0.3307219950095427,0.2,0.7557609477960204,0.33890958121625947,0.3,2.0,0.0,1
7b3989ae-ebd6-4159-8a8e-bfeedc26516a,b939da7f-028e-4294-87a9-cae844ef2396,0.6444848017379421,1.0,7.0,0.3307219950095427,1.0,0.28159591151234475,0.3654017291850822,1.0,0.0,1.0,1
2ca6387a-82b1-48a6-9e12-85a51f165a2d,694b0a7e-d4bd-489d-991e-0fc7e0b7eae9,0.4656188092303534,1.0,17.0,0.3756921391762152,0.6,0.3343722183141432,0.2359196929431705,1.0,0.0,1.0,1
2ca6387a-82b1-48a6-9e12-85a51f165a2d,84c440d3-55ef-46aa-abeb-ca96e8632be9,0.4656188092303534,1.0,17.0,0.3756921391762152,0.6,0.5539423499120992,0.05768859541460958,0.6,4.0,3.0,1
2ca6387a-82b1-48a6-9e12-85a51f165a2d,d879a756-cb6b-4026-a00a-656051801b5f,0.4656188092303534,1.0,17.0,0.3756921391762152,1.0,0.19670829855613808,0.6495454402345533,1.0,4.0,0.0,0
2ca6387a-82b1-48a6-9e12-85a51f165a2d,6670ddb8-85fa-45e6-9af6-91adbac350a8,0.4656188092303534,1.0,17.0,0.3756921391762152,1.0,0.5273671033049591,0.12936862090556023,0.0,0.0,4.0,0
2ca6387a-82b1-48a6-9e12-85a51f165a2d,7e5fb408-a839-4c94-af31-f8f846c10b16,0.4656188092303534,1.0,17.0,0.3756921391762152,0.6,0.3750883081968893,0.7913034251586659,1.0,1.0,2.0,1
2ca6387a-82b1-48a6-9e12-85a51f165a2d,6670ddb8-85fa-45e6-9af6-91adbac350a8,0.4656188092303534,1.0,17.0,0.3756921391762152,1.0,0.5273671033049591,0.12936862090556023,0.0,5.0,6.0,0
2ca6387a-82b1-48a6-9e12-85a51f165a2d,4ba8e189-dadf-4dd5-b53d-7c4e20e6a1b9,0.4656188092303534,1.0,17.0,0.3756921391762152,1.0,0.4261308026245366,0.5885791737632688,0.3,1.0,0.0,1
2ca6387a-82b1-48a6-9e12-85a51f165a2d,5939c634-d641-4ed7-8910-517780e88b75,0.4656188092303534,1.0,17.0,0.3756921391762152,0.6,0.7523652503478826,0.6850593430585846,0.3,0.0,1.0,0
2ca6387a-82b1-48a6-9e12-85a51f165a2d,0764c1e1-84c4-4344-814b-56f447356699,0.4656188092303534,1.0,17.0,0.3756921391762152,0.2,0.36478434898577183,0.31372887152086304,0.3,3.0,0.0,0
2ca6387a-82b1-48a6-9e12-85a51f165a2d,8d5761d4-efd9-4f9b-a561-e385778a1505,0.4656188092303534,1.0,17.0,0.3756921391762152,0.2,0.5667301021003356,0.19240837052962323,0.3,3.0,2.0,0
2ca6387a-82b1-48a6-9e12-85a51f165a2d,34aadaae-a82c-41a6-b6ac-2ab4f11a8047,0.4656188092303534,1.0,17.0,0.3756921391762152,0.2,0.11867463394112543,0.26611592959755015,0.6,1.0,6.0,0
2ca6387a-82b1-48a6-9e12-85a51f165a2d,06f5b296-916f-4c42-aec7-d6f62bba9d9b,0.4656188092303534,1.0,17.0,0.3756921391762152,0.2,0.3223108679637023,0.4183220717622109,1.0,1.0,6.0,1
2ca6387a-82b1-48a6-9e12-85a51f165a2d,122cf437-7436-42ed-ba9f-fd1238cad94f,0.4656188092303534,1.0,17.0,0.3756921391762152,0.6,0.7296624097080157,0.24684751428984442,0.6,2.0,3.0,0
2ca6387a-82b1-48a6-9e12-85a51f165a2d,3a71361b-e3e1-4223-b68a-ad50ca4dbe62,0.4656188092303534,1.0,17.0,0.3756921391762152,1.0,0.6047778022342388,0.49194088405803205,0.6,1.0,0.0,0
2ca6387a-82b1-48a6-9e12-85a51f165a2d,1e7d8873-b56a-4886-a1ad-5de73c350f8e,0.4656188092303534,1.0,17.0,0.3756921391762152,0.6,0.39376459292746124,0.062329554128436215,0.6,5.0,4.0,0
2ca6387a-82b1-48a6-9e12-85a51f165a2d,ca05174e-a4f7-4654-890c-a2d577d622a4,0.4656188092303534,1.0,17.0,0.3756921391762152,0.6,0.2772344656929614,0.3717860192537389,1.0,0.0,0.0,0
2ca6387a-82b1-48a6-9e12-85a51f165a2d,f2d9a85b-88a4-4950-96c1-3a460d8c8fab,0.4656188092303534,1.0,17.0,0.3756921391762152,1.0,0.3746902350991088,0.34879260140220214,0.3,1.0,1.0,0
2ca6387a-82b1-48a6-9e12-85a51f165a2d,d879a756-cb6b-4026-a00a-656051801b5f,0.4656188092303534,1.0,17.0,0.3756921391762152,1.0,0.19670829855613808,0.6495454402345533,1.0,4.0,4.0,0
2ca6387a-82b1-48a6-9e12-85a51f165a2d,bc2b645f-2327-4ce9-a2d2-c4dfb4c037a4,0.4656188092303534,1.0,17.0,0.3756921391762152,0.6,0.565732669170513,0.9898859782322003,1.0,0.0,1.0,1
2ca6387a-82b1-48a6-9e12-85a51f165a2d,78c12d9f-999b-460d-b319-9bd7627866b0,0.4656188092303534,1.0,17.0,0.3756921391762152,0.2,0.5225456025796394,0.35235373770664025,0.3,0.0,6.0,1
2ca6387a-82b1-48a6-9e12-85a51f165a2d,6c5eaa38-0652-4762-8f1b-fcb80dbf8936,0.4656188092303534,1.0,17.0,0.3756921391762152,0.6,0.23950518641691337,0.7304636636619138,0.6,3.0,0.0,0
2ca6387a-82b1-48a6-9e12-85a51f165a2d,bf1c16a4-e182-4ecc-8023-e458da60daac,0.4656188092303534,1.0,17.0,0.3756921391762152,1.0,0.24964749169716674,0.6258043806862246,0.6,3.0,0.0,0
2ca6387a-82b1-48a6-9e12-85a51f165a2d,3586835a-4f05-4964-8ca1-2138cebf95a6,0.4656188092303534,1.0,17.0,0.3756921391762152,1.0,0.6521758610516846,0.9475221766685487,0.0,1.0,1.0,0
2ca6387a-82b1-48a6-9e12-85a51f165a2d,ad581338-27d8-4935-86c9-5f785bf435c2,0.4656188092303534,1.0,17.0,0.3756921391762152,1.0,0.3943185155107163,0.2811618959132587,0.3,0.0,4.0,1
2ca6387a-82b1-48a6-9e12-85a51f165a2d,786a081e-bed1-4dd5-af8f-b24a2969db27,0.4656188092303534,1.0,17.0,0.3756921391762152,1.0,0.2204606202831086,0.8790686327551894,0.6,3.0,3.0,0
2ca6387a-82b1-48a6-9e12-85a51f165a2d,29943de0-bf3c-49cd-84da-43ca10216d5a,0.4656188092303534,1.0,17.0,0.3756921391762152,1.0,0.24742902261843305,0.882207830248756,0.0,2.0,3.0,1
2ca6387a-82b1-48a6-9e12-85a51f165a2d,c1dad211-ef14-4930-9fde-65d8d01eb8a2,0.4656188092303534,1.0,17.0,0.3756921391762152,1.0,0.2775989588417923,0.19963019650413683,0.3,1.0,5.0,0
2ca6387a-82b1-48a6-9e12-85a51f165a2d,dd77c881-c04d-4f99-9177-d94ef20adb4f,0.4656188092303534,1.0,17.0,0.3756921391762152,0.6,0.616612541041993,0.6647291139113415,0.0,3.0,6.0,1
2ca6387a-82b1-48a6-9e12-85a51f165a2d,16aa6851-6f56-441d-b1e3-84c8e2b58887,0.4656188092303534,1.0,17.0,0.3756921391762152,1.0,0.7017944767412314,0.7875435396564088,0.3,2.0,4.0,0
2ca6387a-82b1-48a6-9e12-85a51f165a2d,ad90952f-caf0-425d-8039-7263f702df91,0.4656188092303534,1.0,17.0,0.3756921391762152,0.2,0.9254823202465832,0.36840241779614114,0.0,0.0,2.0,1
2ca6387a-82b1-48a6-9e12-85a51f165a2d,74e91ec2-7e97-4477-a254-e11129eee045,0.4656188092303534,1.0,17.0,0.3756921391762152,1.0,0.4127752338799551,0.9613455666412534,0.3,0.0,6.0,0
2ca6387a-82b1-48a6-9e12-85a51f165a2d,5939c634-d641-4ed7-8910-517780e88b75,0.4656188092303534,1.0,17.0,0.3756921391762152,0.6,0.7523652503478826,0.6850593430585846,0.3,1.0,1.0,0
2ca6387a-82b1-48a6-9e12-85a51f165a2d,2e56c0c7-a2d4-4606-8362-ead47ba989cf,0.4656188092303534,1.0,17.0,0.3756921391762152,1.0,0.9838404823093492,0.5555768002260758,0.0,4.0,6.0,0
2ca6387a-82b1-48a6-9e12-85a51f165a2d,85f2c72b-1210-493c-bae7-744c4b2353fc,0.4656188092303534,1.0,17.0,0.3756921391762152,0.6,0.5307520434712122,0.17871782093842026,1.0,4.0,6.0,1
2ca6387a-82b1-48a6-9e12-85a51f165a2d,b008e459-aec4-4940-b0b0-b9521473a99b,0.4656188092303534,1.0,17.0,0.3756921391762152,0.2,0.8465976222683373,0.22635650862391665,1.0,1.0,1.0,0
2ca6387a-82b1-48a6-9e12-85a51f165a2d,68ffa0bd-b298-4476-a51a-141035550fd6,0.4656188092303534,1.0,17.0,0.3756921391762152,1.0,0.7873450415195071,0.20198131932556307,0.3,4.0,0.0,0
2ca6387a-82b1-48a6-9e12-85a51f165a2d,06deada8-30c5-413b-9c3c-714dac3f16dc,0.4656188092303534,1.0,17.0,0.3756921391762152,1.0,0.35763710304451657,0.8208832504363414,1.0,4.0,1.0,1
2ca6387a-82b1-48a6-9e12-85a51f165a2d,e3e4e158-1e76-4fc3-a85b-e05b8b8a0ccb,0.4656188092303534,1.0,17.0,0.3756921391762152,0.6,0.639410932283415,0.2933005026004223,0.0,4.0,2.0,1
2ca6387a-82b1-48a6-9e12-85a51f165a2d,8977ae1e-0308-44ae-a8c8-f83ca0744d63,0.4656188092303534,1.0,17.0,0.3756921391762152,0.6,0.8507600711322102,0.25582976206381436,0.6,1.0,4.0,0
2ca6387a-82b1-48a6-9e12-85a51f165a2d,bf54fdb0-6d82-479e-a9d5-78fc64767a17,0.4656188092303534,1.0,17.0,0.3756921391762152,0.2,0.17614837616217327,0.6505421545039386,1.0,2.0,4.0,1
0387d2f2-056d-4d72-ba31-5442a1a5e4ac,7a3805f8-637d-41ce-ac78-d79938def8ea,0.4269979140907253,0.2,7.0,0.8574420752054468,0.2,0.6005977206832448,0.609661198171549,0.0,2.0,0.0,0
0387d2f2-056d-4d72-ba31-5442a1a5e4ac,21197103-286c-4e08-8f2e-e1f0c1aa4b65,0.4269979140907253,0.2,7.0,0.8574420752054468,0.2,0.974231980237957,0.8883695246489081,0.6,0.0,6.0,1
0387d2f2-056d-4d72-ba31-5442a1a5e4ac,3ceffdd1-05b8-4296-8ead-87aa963b9836,0.4269979140907253,0.2,7.0,0.8574420752054468,1.0,0.4937077765458606,0.9078087859837904,0.3,2.0,5.0,1
0387d2f2-056d-4d72-ba31-5442a1a5e4ac,85a991a1-00c2-4f3b-a2f1-2edd3ed3c13b,0.4269979140907253,0.2,7.0,0.8574420752054468,0.6,0.885115810475927,0.053316349790826556,0.3,2.0,2.0,0
0387d2f2-056d-4d72-ba31-5442a1a5e4ac,5e05eec7-1e62-4d54-96f8-a536e832863a,0.4269979140907253,0.2,7.0,0.8574420752054468,0.2,0.99982637880827,0.7415351340320897,0.0,5.0,3.0,1
0387d2f2-056d-4d72-ba31-5442a1a5e4ac,b08e025f-b00e-487d-9769-6e771d335fcd,0.4269979140907253,0.2,7.0,0.8574420752054468,0.6,0.35587631985892465,0.5051778789164922,0.3,5.0,4.0,1
0387d2f2-056d-4d72-ba31-5442a1a5e4ac,03be5e2c-49dc-49c9-bf6c-bd633714d57c,0.4269979140907253,0.2,7.0,0.8574420752054468,0.2,0.23003808241798443,0.40233767223870887,0.0,3.0,2.0,1
0387d2f2-056d-4d72-ba31-5442a1a5e4ac,7a3805f8-637d-41ce-ac78-d79938def8ea,0.4269979140907253,0.2,7.0,0.8574420752054468,0.2,0.6005977206832448,0.609661198171549,0.0,5.0,0.0,0
0387d2f2-056d-4d72-ba31-5442a1a5e4ac,f2b47773-ae1a-4e1a-83d1-6e1190805e45,0.4269979140907253,0.2,7.0,0.8574420752054468,0.2,0.47451581704366996,0.8941437054017293,0.0,4.0,0.0,1
0387d2f2-056d-4d72-ba31-5442a1a5e4ac,f2d9a85b-88a4-4950-96c1-3a460d8c8fab,0.4269979140907253,0.2,7.0,0.8574420752054468,1.0,0.3746902350991088,0.34879260140220214,0.3,5.0,4.0,0
0387d2f2-056d-4d72-ba31-5442a1a5e4ac,2fd06511-a2df-41a4-b9b8-72ad25edbef7,0.4269979140907253,0.2,7.0,0.8574420752054468,1.0,0.8121414643536927,0.9186858244934103,0.3,5.0,0.0,0
0387d2f2-056d-4d72-ba31-5442a1a5e4ac,768074f2-fa60-4a87-b7e9-0fe45c042ba8,0.4269979140907253,0.2,7.0,0.8574420752054468,0.6,0.44816631031351084,0.885378023796285,0.0,5.0,0.0,0
0387d2f2-056d-4d72-ba31-5442a1a5e4ac,7cae5725-f4a7-4615-ab21-00fad572f2f3,0.4269979140907253,0.2,7.0,0.8574420752054468,1.0,0.8991240703271256,0.15308566915688449,0.3,3.0,0.0,1
0387d2f2-056d-4d72-ba31-5442a1a5e4ac,f32bd05f-f328-4f1a-be52-e7eeae8d75e8,0.4269979140907253,0.2,7.0,0.8574420752054468,1.0,0.7522989076063284,0.09818661644669102,0.3,2.0,2.0,0
0387d2f2-056d-4d72-ba31-5442a1a5e4ac,b404278c-bd4e-43f3-b805-2473f7c0eb3d,0.4269979140907253,0.2,7.0,0.8574420752054468,0.6,0.2463507248368063,0.8830515088702483,0.3,3.0,3.0,0
0387d2f2-056d-4d72-ba31-5442a1a5e4ac,299e9ca4-b5a4-4951-88ff-3985383763f0,0.4269979140907253,0.2,7.0,0.8574420752054468,0.2,0.7548560181125934,0.465904244394832,0.6,3.0,3.0,1
0387d2f2-056d-4d72-ba31-5442a1a5e4ac,9ba51c49-9d6a-423a-905e-593237ec3ec2,0.4269979140907253,0.2,7.0,0.8574420752054468,0.2,0.5056427924137512,0.14164644156570538,1.0,4.0,5.0,1
0387d2f2-056d-4d72-ba31-5442a1a5e4ac,74148153-f45d-4239-a353-bd87a356743e,0.4269979140907253,0.2,7.0,0.8574420752054468,0.6,0.6999994035333063,0.6902791079691951,0.6,0.0,6.0,1
0387d2f2-056d-4d72-ba31-5442a1a5e4ac,9102dfee-3ffe-4500-abcd-856f5c7ba81a,0.4269979140907253,0.2,7.0,0.8574420752054468,0.2,0.14792713695477017,0.6300659561232757,1.0,2.0,0.0,1
0387d2f2-056d-4d72-ba31-5442a1a5e4ac,85930d8e-50d0-4f7b-acb8-caaac625dd0e,0.4269979140907253,0.2,7.0,0.8574420752054468,1.0,0.718363556324442,0.8165727833244342,0.6,1.0,5.0,0
0387d2f2-056d-4d72-ba31-5442a1a5e4ac,4b297a66-3334-402c-af3b-f9ee2b621b0b,0.4269979140907253,0.2,7.0,0.8574420752054468,0.2,0.16180119098371584,0.2582859429792861,0.0,2.0,4.0,0
0387d2f2-056d-4d72-ba31-5442a1a5e4ac,c4200dd0-0628-49ac-a3d4-9cafb23a3f7c,0.4269979140907253,0.2,7.0,0.8574420752054468,0.6,0.23204019132352335,0.14567973078804342,0.3,3.0,5.0,0
0387d2f2-056d-4d72-ba31-5442a1a5e4ac,f02458a6-6ff7-47a1-8e01-b8ff21f7812d,0.4269979140907253,0.2,7.0,0.8574420752054468,0.2,0.336680938116936,0.2620493339390677,0.6,0.0,0.0,0
0387d2f2-056d-4d72-ba31-5442a1a5e4ac,1e0eed17-c905-405d-992d-8f226b5d3e6b,0.4269979140907253,0.2,7.0,0.8574420752054468,0.6,0.4397816989523534,0.9351795022685058,0.0,5.0,4.0,0
0387d2f2-056d-4d72-ba31-5442a1a5e4ac,6e8ca283-10c7-434c-826a-837f38ec5444,0.4269979140907253,0.2,7.0,0.8574420752054468,0.2,0.6513768543337128,0.6342982912007427,1.0,5.0,2.0,1
0387d2f2-056d-4d72-ba31-5442a1a5e4ac,6670ddb8-85fa-45e6-9af6-91adbac350a8,0.4269979140907253,0.2,7.0,0.8574420752054468,1.0,0.5273671033049591,0.12936862090556023,0.0,4.0,4.0,1
0387d2f2-056d-4d72-ba31-5442a1a5e4ac,aaf45fe2-a218-49a4-8030-1b040505fcc2,0.4269979140907253,0.2,7.0,0.8574420752054468,0.2,0.36982601339710064,0.6947724975849392,0.3,0.0,3.0,0
0387d2f2-056d-4d72-ba31-5442a1a5e4ac,9ba51c49-9d6a-423a-905e-593237ec3ec2,0.4269979140907253,0.2,7.0,0.8574420752054468,0.2,0.5056427924137512,0.14164644156570538,1.0,1.0,0.0,1
0387d2f2-056d-4d72-ba31-5442a1a5e4ac,c192b11f-4447-40a2-80a6-390cd362dfa5,0.4269979140907253,0.2,7.0,0.8574420752054468,1.0,0.7363853294533637,0.9004772949138748,0.6,0.0,3.0,1
0387d2f2-056d-4d72-ba31-5442a1a5e4ac,61ae4cd0-4feb-4315-9993-55959a8ab125,0.4269979140907253,0.2,7.0,0.8574420752054468,0.6,0.5247340762216478,0.34315624408831924,0.0,3.0,3.0,1
0387d2f2-056d-4d72-ba31-5442a1a5e4ac,425b9a2c-d3c2-418b-8da0-71ea5c07dd63,0.4269979140907253,0.2,7.0,0.8574420752054468,0.2,0.5351171693089606,0.9651204126148089,0.0,3.0,1.0,1
0387d2f2-056d-4d72-ba31-5442a1a5e4ac,8c822518-d0dc-460d-93c7-d9d033a078ba,0.4269979140907253,0.2,7.0,0.8574420752054468,1.0,0.5475099359609544,0.9553256935848943,1.0,3.0,0.0,0
0387d2f2-056d-4d72-ba31-5442a1a5e4ac,35fc8989-8da0-422f-a619-1517d94a5ef1,0.4269979140907253,0.2,7.0,0.8574420752054468,0.6,0.53636942704019,0.22090661672949963,1.0,2.0,4.0,0
0387d2f2-056d-4d72-ba31-5442a1a5e4ac,4df46fb7-f407-42f6-a653-9d8438903f61,0.4269979140907253,0.2,7.0,0.8574420752054468,1.0,0.9723558352169928,0.2356344975085155,1.0,0.0,5.0,0
0387d2f2-056d-4d72-ba31-5442a1a5e4ac,139389de-ef52-4a31-a3a6-711cb26f1f6a,0.4269979140907253,0.2,7.0,0.8574420752054468,0.2,0.6569353768626665,0.927362807810403,1.0,4.0,0.0,0
0387d2f2-056d-4d72-ba31-5442a1a5e4ac,b7f3f687-720d-4c2e-b765-833d1f628763,0.4269979140907253,0.2,7.0,0.8574420752054468,0.6,0.5040757896213439,0.7654432929579714,0.6,4.0,5.0,1
0387d2f2-056d-4d72-ba31-5442a1a5e4ac,230352f2-770a-46c0-abe4-d7625139ab5e,0.4269979140907253,0.2,7.0,0.8574420752054468,0.2,0.6004574087726475,0.5930492421524886,0.0,3.0,2.0,0
0387d2f2-056d-4d72-ba31-5442a1a5e4ac,4b00903d-63e9-4414-b21a-341b0a8b4f74,0.4269979140907253,0.2,7.0,0.8574420752054468,0.2,0.6633655398442496,0.5256274218571385,0.0,4.0,4.0,0
0387d2f2-056d-4d72-ba31-5442a1a5e4ac,5ac7df38-e13e-4ddf-ac1d-8bd8825c2903,0.4269979140907253,0.2,7.0,0.8574420752054468,0.2,0.5606417702241059,0.9155246766150124,0.0,0.0,6.0,0
0387d2f2-056d-4d72-ba31-5442a1a5e4ac,768074f2-fa60-4a87-b7e9-0fe45c042ba8,0.4269979140907253,0.2,7.0,0.8574420752054468,0.6,0.44816631031351084,0.885378023796285,0.0,1.0,6.0,1
617b3642-4ae3-4a70-aaaa-41f772ffbc9b,bb149053-41e0-46bd-ae04-d392610b827f,0.7635320605398501,0.6,8.0,0.25295088416923783,1.0,0.9892289095536471,0.5376980874726343,0.3,5.0,3.0,0
617b3642-4ae3-4a70-aaaa-41f772ffbc9b,5ac7df38-e13e-4ddf-ac1d-8bd8825c2903,0.7635320605398501,0.6,8.0,0.25295088416923783,0.2,0.5606417702241059,0.9155246766150124,0.0,4.0,2.0,0
617b3642-4ae3-4a70-aaaa-41f772ffbc9b,f32bd05f-f328-4f1a-be52-e7eeae8d75e8,0.7635320605398501,0.6,8.0,0.25295088416923783,1.0,0.7522989076063284,0.09818661644669102,0.3,0.0,3.0,0
617b3642-4ae3-4a70-aaaa-41f772ffbc9b,775861d5-545e-4ddf-b332-3aabb9bd0e76,0.7635320605398501,0.6,8.0,0.25295088416923783,1.0,0.8513642364331833,0.05300666587800451,0.6,4.0,3.0,1
617b3642-4ae3-4a70-aaaa-41f772ffbc9b,90e0e36e-2a3f-4349-b92f-d283a363e309,0.7635320605398501,0.6,8.0,0.25295088416923783,0.6,0.37903438078382046,0.7659731746919894,0.6,3.0,0.0,1
617b3642-4ae3-4a70-aaaa-41f772ffbc9b,db87c9f7-0d43-43e7-bfc8-10a75114f27b,0.7635320605398501,0.6,8.0,0.25295088416923783,1.0,0.5554553024932305,0.03495342538664914,0.6,0.0,0.0,1
617b3642-4ae3-4a70-aaaa-41f772ffbc9b,e8df6458-6771-4ac9-9072-87c3e1750d40,0.7635320605398501,0.6,8.0,0.25295088416923783,0.2,0.43364799363262085,0.28863566461256474,0.0,4.0,2.0,1
617b3642-4ae3-4a70-aaaa-41f772ffbc9b,16aa6851-6f56-441d-b1e3-84c8e2b58887,0.7635320605398501,0.6,8.0,0.25295088416923783,1.0,0.7017944767412314,0.7875435396564088,0.3,4.0,4.0,1
617b3642-4ae3-4a70-aaaa-41f772ffbc9b,153d2d46-4437-4840-90a1-e5308394b291,0.7635320605398501,0.6,8.0,0.25295088416923783,0.6,0.8859430875649702,0.004809331333315514,0.6,1.0,4.0,0
617b3642-4ae3-4a70-aaaa-41f772ffbc9b,547da744-4911-48fa-9b2f-1b550cf8ac17,0.7635320605398501,0.6,8.0,0.25295088416923783,1.0,0.45632620168229077,0.11858678619598295,1.0,3.0,2.0,1
617b3642-4ae3-4a70-aaaa-41f772ffbc9b,bcc862ed-ee8c-4519-bd6f-df3684168181,0.7635320605398501,0.6,8.0,0.25295088416923783,1.0,0.9327717807626915,0.3397410335113047,0.3,2.0,2.0,0
617b3642-4ae3-4a70-aaaa-41f772ffbc9b,97ffd70a-47e9-4398-92a1-d66d4e4e7ac9,0.7635320605398501,0.6,8.0,0.25295088416923783,1.0,0.4738888800802551,0.7582398953411875,1.0,2.0,2.0,0
617b3642-4ae3-4a70-aaaa-41f772ffbc9b,a7da2f9e-cfe5-4f9b-a2a9-83b121e1b3a8,0.7635320605398501,0.6,8.0,0.25295088416923783,1.0,0.8629090312240775,0.8986309655053686,0.3,1.0,1.0,0
617b3642-4ae3-4a70-aaaa-41f772ffbc9b,667e3056-15dd-4db1-8e1b-b615cf4a3827,0.7635320605398501,0.6,8.0,0.25295088416923783,0.6,0.15606825708589728,0.7606037779959967,0.0,2.0,5.0,0
617b3642-4ae3-4a70-aaaa-41f772ffbc9b,2e62bb91-bbcc-427c-86f2-60487a06e1ea,0.7635320605398501,0.6,8.0,0.25295088416923783,0.6,0.9970298553106509,0.5346422845071757,0.3,3.0,1.0,1
617b3642-4ae3-4a70-aaaa-41f772ffbc9b,16aa6851-6f56-441d-b1e3-84c8e2b58887,0.7635320605398501,0.6,8.0,0.25295088416923783,1.0,0.7017944767412314,0.7875435396564088,0.3,4.0,6.0,1
617b3642-4ae3-4a70-aaaa-41f772ffbc9b,e033b700-4879-4d96-af09-314a42b40ec0,0.7635320605398501,0.6,8.0,0.25295088416923783,0.6,0.5265277997852419,0.306413896951497,1.0,0.0,2.0,1
617b3642-4ae3-4a70-aaaa-41f772ffbc9b,172d7aba-b1e9-40bf-b1cb-cf4e91d5184a,0.7635320605398501,0.6,8.0,0.25295088416923783,1.0,0.8526659690466724,0.6328103281975677,0.6,4.0,0.0,0
617b3642-4ae3-4a70-aaaa-41f772ffbc9b,6bc2f168-7233-41b6-b378-1e91e4060318,0.7635320605398501,0.6,8.0,0.25295088416923783,0.6,0.8903489988595626,0.4493952204847722,0.6,0.0,1.0,1
617b3642-4ae3-4a70-aaaa-41f772ffbc9b,aaf45fe2-a218-49a4-8030-1b040505fcc2,0.7635320605398501,0.6,8.0,0.25295088416923783,0.2,0.36982601339710064,0.6947724975849392,0.3,5.0,1.0,0
617b3642-4ae3-4a70-aaaa-41f772ffbc9b,0b449292-cc57-4b11-94d1-9d0d6fdf931d,0.7635320605398501,0.6,8.0,0.25295088416923783,0.2,0.24562239677446035,0.4286144615110886,0.6,3.0,5.0,1
617b3642-4ae3-4a70-aaaa-41f772ffbc9b,01fe4a49-c1a0-4cc3-8dc8-8402e6b11064,0.7635320605398501,0.6,8.0,0.25295088416923783,1.0,0.6879754206461195,0.49287097672138225,0.3,2.0,3.0,1
617b3642-4ae3-4a70-aaaa-41f772ffbc9b,8ed783a1-387d-4717-b5f7-15de4d9164c0,0.7635320605398501,0.6,8.0,0.25295088416923783,1.0,0.6957695377284588,0.9476351583956032,0.0,4.0,4.0,1
617b3642-4ae3-4a70-aaaa-41f772ffbc9b,4923fb26-e583-4c24-ac52-8838a0ed3a98,0.7635320605398501,0.6,8.0,0.25295088416923783,1.0,0.553388277838538,0.7019544741283528,1.0,5.0,6.0,1
617b3642-4ae3-4a70-aaaa-41f772ffbc9b,c5beb2bc-7876-4318-b66a-dab1f0815f72,0.7635320605398501,0.6,8.0,0.25295088416923783,0.6,0.40881718791361676,0.5939586390142232,0.0,0.0,1.0,0
617b3642-4ae3-4a70-aaaa-41f772ffbc9b,b67ddff0-7385-4797-a300-4a5924cf13c8,0.7635320605398501,0.6,8.0,0.25295088416923783,1.0,0.3295857149138473,0.12338020427621188,1.0,1.0,5.0,1
617b3642-4ae3-4a70-aaaa-41f772ffbc9b,1e0eed17-c905-405d-992d-8f226b5d3e6b,0.7635320605398501,0.6,8.0,0.25295088416923783,0.6,0.4397816989523534,0.9351795022685058,0.0,4.0,0.0,0
617b3642-4ae3-4a70-aaaa-41f772ffbc9b,b972f906-99a3-4c64-8a3c-52215d80d34b,0.7635320605398501,0.6,8.0,0.25295088416923783,0.2,0.7557609477960204,0.33890958121625947,0.3,3.0,1.0,1
617b3642-4ae3-4a70-aaaa-41f772ffbc9b,b972f906-99a3-4c64-8a3c-52215d80d34b,0.7635320605398501,0.6,8.0,0.25295088416923783,0.2,0.7557609477960204,0.33890958121625947,0.3,1.0,2.0,0
617b3642-4ae3-4a70-aaaa-41f772ffbc9b,b306c2e8-e14e-48ab-ba50-0a1e2c26a1c9,0.7635320605398501,0.6,8.0,0.25295088416923783,0.2,0.3501289126422822,0.7428895955658196,0.3,3.0,3.0,1
617b3642-4ae3-4a70-aaaa-41f772ffbc9b,9fbecf58-4b47-499b-af70-5be883e292d6,0.7635320605398501,0.6,8.0,0.25295088416923783,1.0,0.6813001709251447,0.40858971174533243,0.0,3.0,2.0,0
617b3642-4ae3-4a70-aaaa-41f772ffbc9b,61ae4cd0-4feb-4315-9993-55959a8ab125,0.7635320605398501,0.6,8.0,0.25295088416923783,0.6,0.5247340762216478,0.34315624408831924,0.0,4.0,0.0,0
617b3642-4ae3-4a70-aaaa-41f772ffbc9b,e02821d5-6c11-48d3-9e5a-ab797cf10dfd,0.7635320605398501,0.6,8.0,0.25295088416923783,0.2,0.30278131508958317,0.8518530351666224,0.6,4.0,5.0,1
617b3642-4ae3-4a70-aaaa-41f772ffbc9b,d96815d9-4db7-48f0-85a0-eddc3b7b916f,0.7635320605398501,0.6,8.0,0.25295088416923783,0.6,0.4536278778772145,0.0754688004112799,1.0,3.0,0.0,1
617b3642-4ae3-4a70-aaaa-41f772ffbc9b,4590aaee-b789-46de-a082-c6807a962ec2,0.7635320605398501,0.6,8.0,0.25295088416923783,1.0,0.9792453221449127,0.1694110619506124,1.0,2.0,2.0,0
617b3642-4ae3-4a70-aaaa-41f772ffbc9b,0279e518-1bb2-4b7d-adb3-74104bab7995,0.7635320605398501,0.6,8.0,0.25295088416923783,1.0,0.48298817741352884,0.6867808649438274,0.6,1.0,1.0,1
617b3642-4ae3-4a70-aaaa-41f772ffbc9b,4c734813-4a8a-4ce6-81e5-fc4a2a5db3a2,0.7635320605398501,0.6,8.0,0.25295088416923783,0.6,0.10056769438917118,0.5730262898413426,0.3,4.0,3.0,0
617b3642-4ae3-4a70-aaaa-41f772ffbc9b,9d28a4ed-19ea-45ff-8c87-cd755a39633c,0.7635320605398501,0.6,8.0,0.25295088416923783,1.0,0.9699569764835101,0.3864034459374597,1.0,5.0,3.0,1
617b3642-4ae3-4a70-aaaa-41f772ffbc9b,b7f3f687-720d-4c2e-b765-833d1f628763,0.7635320605398501,0.6,8.0,0.25295088416923783,0.6,0.5040757896213439,0.7654432929579714,0.6,3.0,3.0,0
617b3642-4ae3-4a70-aaaa-41f772ffbc9b,8618c927-9c33-4057-8bfe-9828bd93601a,0.7635320605398501,0.6,8.0,0.25295088416923783,0.6,0.22804722680585615,0.021203888490483047,0.6,1.0,2.0,1
2b736fac-2872-4d79-9364-acb725ac2949,42438319-d9cd-4491-91c4-7e8df4051b62,0.8391952869298815,1.0,10.0,0.3701012352433125,0.2,0.6023180626659986,0.9806347370894578,0.0,5.0,6.0,0
2b736fac-2872-4d79-9364-acb725ac2949,68ffa0bd-b298-4476-a51a-141035550fd6,0.8391952869298815,1.0,10.0,0.3701012352433125,1.0,0.7873450415195071,0.20198131932556307,0.3,4.0,2.0,0
2b736fac-2872-4d79-9364-acb725ac2949,b675fdc1-c9db-4f65-ad76-cb5d41d88b8a,0.8391952869298815,1.0,10.0,0.3701012352433125,0.2,0.6871950997280843,0.6183737144963264,0.0,1.0,2.0,1
2b736fac-2872-4d79-9364-acb725ac2949,4923fb26-e583-4c24-ac52-8838a0ed3a98,0.8391952869298815,1.0,10.0,0.3701012352433125,1.0,0.553388277838538,0.7019544741283528,1.0,5.0,6.0,0
2b736fac-2872-4d79-9364-acb725ac2949,7cae5725-f4a7-4615-ab21-00fad572f2f3,0.8391952869298815,1.0,10.0,0.3701012352433125,1.0,0.8991240703271256,0.15308566915688449,0.3,5.0,0.0,1
2b736fac-2872-4d79-9364-acb725ac2949,b939da7f-028e-4294-87a9-cae844ef2396,0.8391952869298815,1.0,10.0,0.3701012352433125,1.0,0.28159591151234475,0.3654017291850822,1.0,3.0,6.0,1
2b736fac-2872-4d79-9364-acb725ac2949,5939c634-d641-4ed7-8910-517780e88b75,0.8391952869298815,1.0,10.0,0.3701012352433125,0.6,0.7523652503478826,0.6850593430585846,0.3,2.0,3.0,1
2b736fac-2872-4d79-9364-acb725ac2949,db87c9f7-0d43-43e7-bfc8-10a75114f27b,0.8391952869298815,1.0,10.0,0.3701012352433125,1.0,0.5554553024932305,0.03495342538664914,0.6,4.0,4.0,0
2b736fac-2872-4d79-9364-acb725ac2949,e4db18b0-d91a-4fe4-b05f-eda25f38ea0d,0.8391952869298815,1.0,10.0,0.3701012352433125,0.2,0.5776591949487476,0.19019373944895102,0.3,0.0,6.0,1
2b736fac-2872-4d79-9364-acb725ac2949,299e9ca4-b5a4-4951-88ff-3985383763f0,0.8391952869298815,1.0,10.0,0.3701012352433125,0.2,0.7548560181125934,0.465904244394832,0.6,0.0,6.0,1
2b736fac-2872-4d79-9364-acb725ac2949,6bc2f168-7233-41b6-b378-1e91e4060318,0.8391952869298815,1.0,10.0,0.3701012352433125,0.6,0.8903489988595626,0.4493952204847722,0.6,2.0,3.0,0
2b736fac-2872-4d79-9364-acb725ac2949,8d3c9344-6c45-43f7-a583-eb49f1bd7c4b,0.8391952869298815,1.0,10.0,0.3701012352433125,1.0,0.32697303710818776,0.18910296519857916,0.6,1.0,2.0,1
2b736fac-2872-4d79-9364-acb725ac2949,6a40cbad-655b-4606-9b92-d053c779e9a1,0.8391952869298815,1.0,10.0,0.3701012352433125,0.2,0.7251468800412657,0.941344002350994,0.0,3.0,2.0,1
2b736fac-2872-4d79-9364-acb725ac2949,4c734813-4a8a-4ce6-81e5-fc4a2a5db3a2,0.8391952869298815,1.0,10.0,0.3701012352433125,0.6,0.10056769438917118,0.5730262898413426,0.3,0.0,3.0,0
2b736fac-2872-4d79-9364-acb725ac2949,43b70bae-10ef-4dc3-9f9b-b39a1eacb2d1,0.8391952869298815,1.0,10.0,0.3701012352433125,1.0,0.6227481543871835,0.008705213531018718,1.0,4.0,6.0,0
2b736fac-2872-4d79-9364-acb725ac2949,f62e1330-1cf0-425f-9f10-6ddf9042abcd,0.8391952869298815,1.0,10.0,0.3701012352433125,1.0,0.9321622696421319,0.2356252848280802,1.0,1.0,4.0,0
2b736fac-2872-4d79-9364-acb725ac2949,4eda28e3-9d9e-4f06-badb-0cb04245ce38,0.8391952869298815,1.0,10.0,0.3701012352433125,0.6,0.2524816678776829,0.7419096525240588,0.6,3.0,3.0,0
2b736fac-2872-4d79-9364-acb725ac2949,e02821d5-6c11-48d3-9e5a-ab797cf10dfd,0.8391952869298815,1.0,10.0,0.3701012352433125,0.2,0.30278131508958317,0.8518530351666224,0.6,0.0,2.0,1
2b736fac-2872-4d79-9364-acb725ac2949,dd77c881-c04d-4f99-9177-d94ef20adb4f,0.8391952869298815,1.0,10.0,0.3701012352433125,0.6,0.616612541041993,0.6647291139113415,0.0,5.0,0.0,1
2b736fac-2872-4d79-9364-acb725ac2949,1975da03-cf78-4c90-a916-3660a489f0dc,0.8391952869298815,1.0,10.0,0.3701012352433125,0.6,0.4213481052285838,0.6693330773357604,0.6,2.0,1.0,0
2b736fac-2872-4d79-9364-acb725ac2949,b7334163-6b0b-4be1-b584-94370f17d451,0.8391952869298815,1.0,10.0,0.3701012352433125,1.0,0.6214743123780008,0.24793030815786732,0.6,1.0,0.0,1
2b736fac-2872-4d79-9364-acb725ac2949,18d9fc90-579e-4041-988f-c2fa9da7d9f1,0.8391952869298815,1.0,10.0,0.3701012352433125,0.2,0.611318917479668,0.23509193379958115,0.3,3.0,5.0,1
2b736fac-2872-4d79-9364-acb725ac2949,fda140a2-2654-463e-a825-e101e2f7921b,0.8391952869298815,1.0,10.0,0.3701012352433125,0.2,0.3998020556294877,0.9744658783076392,0.0,5.0,1.0,0
2b736fac-2872-4d79-9364-acb725ac2949,68ffa0bd-b298-4476-a51a-141035550fd6,0.8391952869298815,1.0,10.0,0.3701012352433125,1.0,0.7873450415195071,0.20198131932556307,0.3,1.0,1.0,0
2b736fac-2872-4d79-9364-acb725ac2949,153d2d46-4437-4840-90a1-e5308394b291,0.8391952869298815,1.0,10.0,0.3701012352433125,0.6,0.8859430875649702,0.004809331333315514,0.6,0.0,1.0,0
2b736fac-2872-4d79-9364-acb725ac2949,7e095f22-5248-4ba3-b91c-aefd7470fd6a,0.8391952869298815,1.0,10.0,0.3701012352433125,0.6,0.520298671705361,0.6766771512956176,0.3,5.0,0.0,1
2b736fac-2872-4d79-9364-acb725ac2949,85ca56ac-d00f-4985-9a10-09bdbdcf0764,0.8391952869298815,1.0,10.0,0.3701012352433125,1.0,0.7672921606674585,0.4762417440869502,0.3,5.0,5.0,1
2b736fac-2872-4d79-9364-acb725ac2949,3e8780dc-c7a9-4934-8e6f-110d379812e4,0.8391952869298815,1.0,10.0,0.3701012352433125,1.0,0.5060570262278341,0.2300402347272693,0.6,4.0,4.0,0
2b736fac-2872-4d79-9364-acb725ac2949,d96815d9-4db7-48f0-85a0-eddc3b7b916f,0.8391952869298815,1.0,10.0,0.3701012352433125,0.6,0.4536278778772145,0.0754688004112799,1.0,5.0,6.0,0
2b736fac-2872-4d79-9364-acb725ac2949,663e97bc-95a7-41b9-9e8e-0aaa991d7522,0.8391952869298815,1.0,10.0,0.3701012352433125,0.2,0.45979536292483636,0.25030114523410607,1.0,3.0,3.0,1
2b736fac-2872-4d79-9364-acb725ac2949,18c8f5c0-62d6-4353-8121-04a82ac26ed8,0.8391952869298815,1.0,10.0,0.3701012352433125,1.0,0.14611128000847454,0.5869443165834576,0.3,1.0,5.0,1
2b736fac-2872-4d79-9364-acb725ac2949,10fa412c-7efe-46f7-89b0-c6aa11d87532,0.8391952869298815,1.0,10.0,0.3701012352433125,1.0,0.911960789245008,0.6298188715387788,0.3,5.0,0.0,1
2b736fac-2872-4d79-9364-acb725ac2949,34df5d01-15ed-49be-beaf-1edba5ce73f3,0.8391952869298815,1.0,10.0,0.3701012352433125,0.2,0.570771685431961,0.8647552667165631,0.3,3.0,6.0,1
2b736fac-2872-4d79-9364-acb725ac2949,2767a00e-73cb-4ec0-8f10-1f2685529dd8,0.8391952869298815,1.0,10.0,0.3701012352433125,0.2,0.14774330715500755,0.17529814661096454,0.3,2.0,0.0,1
2b736fac-2872-4d79-9364-acb725ac2949,6bc2f168-7233-41b6-b378-1e91e4060318,0.8391952869298815,1.0,10.0,0.3701012352433125,0.6,0.8903489988595626,0.4493952204847722,0.6,2.0,6.0,1
2b736fac-2872-4d79-9364-acb725ac2949,1e0eed17-c905-405d-992d-8f226b5d3e6b,0.8391952869298815,1.0,10.0,0.3701012352433125,0.6,0.4397816989523534,0.9351795022685058,0.0,2.0,1.0,0
2b736fac-2872-4d79-9364-acb725ac2949,8d5761d4-efd9-4f9b-a561-e385778a1505,0.8391952869298815,1.0,10.0,0.3701012352433125,0.2,0.5667301021003356,0.19240837052962323,0.3,5.0,3.0,1
2b736fac-2872-4d79-9364-acb725ac2949,f62e1330-1cf0-425f-9f10-6ddf9042abcd,0.8391952869298815,1.0,10.0,0.3701012352433125,1.0,0.9321622696421319,0.2356252848280802,1.0,0.0,6.0,0
2b736fac-2872-4d79-9364-acb725ac2949,34aadaae-a82c-41a6-b6ac-2ab4f11a8047,0.8391952869298815,1.0,10.0,0.3701012352433125,0.2,0.11867463394112543,0.26611592959755015,0.6,4.0,0.0,1
2b736fac-2872-4d79-9364-acb725ac2949,7d674302-c495-4faa-b60b-2f991e7f10b1,0.8391952869298815,1.0,10.0,0.3701012352433125,0.6,0.6945598719886059,0.6688730857607941,1.0,5.0,1.0,0
326af65c-7932-4879-8d7b-857b8f105eab,6e8ca283-10c7-434c-826a-837f38ec5444,0.5494618816445941,1.0,14.0,0.3142972723536501,0.2,0.6513768543337128,0.6342982912007427,1.0,3.0,0.0,1
326af65c-7932-4879-8d7b-857b8f105eab,06f5b296-916f-4c42-aec7-d6f62bba9d9b,0.5494618816445941,1.0,14.0,0.3142972723536501,0.2,0.3223108679637023,0.4183220717622109,1.0,2.0,2.0,1
326af65c-7932-4879-8d7b-857b8f105eab,1f1d5ce2-33eb-44b8-b139-1507fb4718cc,0.5494618816445941,1.0,14.0,0.3142972723536501,1.0,0.5291681488699617,0.6223076451667475,0.0,0.0,6.0,1
326af65c-7932-4879-8d7b-857b8f105eab,34df5d01-15ed-49be-beaf-1edba5ce73f3,0.5494618816445941,1.0,14.0,0.3142972723536501,0.2,0.570771685431961,0.8647552667165631,0.3,5.0,5.0,1
326af65c-7932-4879-8d7b-857b8f105eab,72e21539-04f0-470f-b69d-9a418f7ff37b,0.5494618816445941,1.0,14.0,0.3142972723536501,0.2,0.6144010067276086,0.8682015664155024,0.6,4.0,2.0,1
326af65c-7932-4879-8d7b-857b8f105eab,e44b9013-f4a8-49bf-9379-87dcbb2e8e53,0.5494618816445941,1.0,14.0,0.3142972723536501,1.0,0.36258242224859283,0.32306846386650134,0.3,1.0,0.0,0
326af65c-7932-4879-8d7b-857b8f105eab,4ba8e189-dadf-4dd5-b53d-7c4e20e6a1b9,0.5494618816445941,1.0,14.0,0.3142972723536501,1.0,0.4261308026245366,0.5885791737632688,0.3,3.0,5.0,0
326af65c-7932-4879-8d7b-857b8f105eab,768074f2-fa60-4a87-b7e9-0fe45c042ba8,0.5494618816445941,1.0,14.0,0.3142972723536501,0.6,0.44816631031351084,0.885378023796285,0.0,0.0,1.0,1
326af65c-7932-4879-8d7b-857b8f105eab,e033b700-4879-4d96-af09-314a42b40ec0,0.5494618816445941,1.0,14.0,0.3142972723536501,0.6,0.5265277997852419,0.306413896951497,1.0,0.0,3.0,1
326af65c-7932-4879-8d7b-857b8f105eab,6df290df-6194-497e-9997-fd6713e1435f,0.5494618816445941,1.0,14.0,0.3142972723536501,1.0,0.7637061762371852,0.8809980926459479,0.6,5.0,3.0,0
326af65c-7932-4879-8d7b-857b8f105eab,68ffa0bd-b298-4476-a51a-141035550fd6,0.5494618816445941,1.0,14.0,0.3142972723536501,1.0,0.7873450415195071,0.20198131932556307,0.3,4.0,0.0,0
326af65c-7932-4879-8d7b-857b8f105eab,7e5fb408-a839-4c94-af31-f8f846c10b16,0.5494618816445941,1.0,14.0,0.3142972723536501,0.6,0.3750883081968893,0.7913034251586659,1.0,3.0,3.0,0
326af65c-7932-4879-8d7b-857b8f105eab,0d91a5c8-4b22-4198-b963-be98907527f4,0.5494618816445941,1.0,14.0,0.3142972723536501,0.2,0.36811976533001634,0.7445398250927052,0.0,0.0,2.0,1
326af65c-7932-4879-8d7b-857b8f105eab,172d7aba-b1e9-40bf-b1cb-cf4e91d5184a,0.5494618816445941,1.0,14.0,0.3142972723536501,1.0,0.8526659690466724,0.6328103281975677,0.6,5.0,4.0,1
326af65c-7932-4879-8d7b-857b8f105eab,c3ccbfd0-fc33-4b81-bec0-7bb56f47c14f,0.5494618816445941,1.0,14.0,0.3142972723536501,1.0,0.7957102117424933,0.04996005462064468,1.0,4.0,4.0,0
326af65c-7932-4879-8d7b-857b8f105eab,cf67b867-661f-4761-aa9e-bd64b50cabad,0.5494618816445941,1.0,14.0,0.3142972723536501,0.6,0.9775452477834666,0.8291857681957223,0.6,5.0,5.0,1
326af65c-7932-4879-8d7b-857b8f105eab,c5beb2bc-7876-4318-b66a-dab1f0815f72,0.5494618816445941,1.0,14.0,0.3142972723536501,0.6,0.40881718791361676,0.5939586390142232,0.0,1.0,6.0,0
326af65c-7932-4879-8d7b-857b8f105eab,c777c23f-b2f3-4f1d-bbea-1e7286fac786,0.5494618816445941,1.0,14.0,0.3142972723536501,0.2,0.9597491309827612,0.04607692524933382,0.0,0.0,5.0,1
326af65c-7932-4879-8d7b-857b8f105eab,b08c5e45-1706-4711-993f-50cbf58e2335,0.5494618816445941,1.0,14.0,0.3142972723536501,0.6,0.7901117853804409,0.22604311984039915,0.0,3.0,6.0,0
326af65c-7932-4879-8d7b-857b8f105eab,667e3056-15dd-4db1-8e1b-b615cf4a3827,0.5494618816445941,1.0,14.0,0.3142972723536501,0.6,0.15606825708589728,0.7606037779959967,0.0,1.0,2.0,1
326af65c-7932-4879-8d7b-857b8f105eab,fc4acfb5-647c-49b2-9c8c-e8b0e4b17239,0.5494618816445941,1.0,14.0,0.3142972723536501,0.6,0.9661698956227394,0.22641288621518874,0.0,4.0,5.0,0
326af65c-7932-4879-8d7b-857b8f105eab,bb149053-41e0-46bd-ae04-d392610b827f,0.5494618816445941,1.0,14.0,0.3142972723536501,1.0,0.9892289095536471,0.5376980874726343,0.3,3.0,3.0,0
326af65c-7932-4879-8d7b-857b8f105eab,6059807a-e497-4a84-9074-8799b7986611,0.5494618816445941,1.0,14.0,0.3142972723536501,0.6,0.4781895633511416,0.7748754537301457,0.0,3.0,2.0,0
326af65c-7932-4879-8d7b-857b8f105eab,dd77c881-c04d-4f99-9177-d94ef20adb4f,0.5494618816445941,1.0,14.0,0.3142972723536501,0.6,0.616612541041993,0.6647291139113415,0.0,0.0,3.0,0
326af65c-7932-4879-8d7b-857b8f105eab,bf54fdb0-6d82-479e-a9d5-78fc64767a17,0.5494618816445941,1.0,14.0,0.3142972723536501,0.2,0.17614837616217327,0.6505421545039386,1.0,0.0,6.0,1
326af65c-7932-4879-8d7b-857b8f105eab,97ffd70a-47e9-4398-92a1-d66d4e4e7ac9,0.5494618816445941,1.0,14.0,0.3142972723536501,1.0,0.4738888800802551,0.7582398953411875,1.0,4.0,4.0,0
326af65c-7932-4879-8d7b-857b8f105eab,09a8b01c-9886-431b-860f-484d959f9fd8,0.5494618816445941,1.0,14.0,0.3142972723536501,0.2,0.7949409365509817,0.650881327422057,0.0,2.0,6.0,1
326af65c-7932-4879-8d7b-857b8f105eab,06497e85-86a1-47f4-bbdd-a5f778924253,0.5494618816445941,1.0,14.0,0.3142972723536501,0.2,0.19052222599951962,0.20137632619118384,0.3,2.0,4.0,1
326af65c-7932-4879-8d7b-857b8f105eab,15b5cdd7-9aed-490f-9cb8-4f9a900eb398,0.5494618816445941,1.0,14.0,0.3142972723536501,0.2,0.17789822129463906,0.6431782959777482,0.0,5.0,3.0,0
326af65c-7932-4879-8d7b-857b8f105eab,f2d9a85b-88a4-4950-96c1-3a460d8c8fab,0.5494618816445941,1.0,14.0,0.3142972723536501,1.0,0.3746902350991088,0.34879260140220214,0.3,0.0,2.0,0
326af65c-7932-4879-8d7b-857b8f105eab,c192b11f-4447-40a2-80a6-390cd362dfa5,0.5494618816445941,1.0,14.0,0.3142972723536501,1.0,0.7363853294533637,0.9004772949138748,0.6,4.0,4.0,1
326af65c-7932-4879-8d7b-857b8f105eab,686e3aa2-fafa-49b8-ae04-90315babb1d4,0.5494618816445941,1.0,14.0,0.3142972723536501,0.2,0.2485402182633587,0.3567460645487345,1.0,3.0,1.0,0
326af65c-7932-4879-8d7b-857b8f105eab,1e0eed17-c905-405d-992d-8f226b5d3e6b,0.5494618816445941,1.0,14.0,0.3142972723536501,0.6,0.4397816989523534,0.9351795022685058,0.0,0.0,2.0,1
326af65c-7932-4879-8d7b-857b8f105eab,6670ddb8-85fa-45e6-9af6-91adbac350a8,0.5494618816445941,1.0,14.0,0.3142972723536501,1.0,0.5273671033049591,0.12936862090556023,0.0,1.0,3.0,1
326af65c-7932-4879-8d7b-857b8f105eab,c3ccbfd0-fc33-4b81-bec0-7bb56f47c14f,0.5494618816445941,1.0,14.0,0.3142972723536501,1.0,0.7957102117424933,0.04996005462064468,1.0,0.0,6.0,0
326af65c-7932-4879-8d7b-857b8f105eab,1448df8a-d98e-4341-b986-a8f8b8a384c2,0.5494618816445941,1.0,14.0,0.3142972723536501,1.0,0.1288249955168966,0.3673497152563451,0.6,3.0,3.0,0
326af65c-7932-4879-8d7b-857b8f105eab,10061fb7-f1ca-4d39-a324-536b4bc6d836,0.5494618816445941,1.0,14.0,0.3142972723536501,0.2,0.618739880361464,0.7410470610420968,1.0,3.0,0.0,1
326af65c-7932-4879-8d7b-857b8f105eab,cf67b867-661f-4761-aa9e-bd64b50cabad,0.5494618816445941,1.0,14.0,0.3142972723536501,0.6,0.9775452477834666,0.8291857681957223,0.6,4.0,3.0,0
326af65c-7932-4879-8d7b-857b8f105eab,7a3805f8-637d-41ce-ac78-d79938def8ea,0.5494618816445941,1.0,14.0,0.3142972723536501,0.2,0.6005977206832448,0.609661198171549,0.0,5.0,4.0,0
326af65c-7932-4879-8d7b-857b8f105eab,ff0af660-6a5f-4fd7-b2e1-c43344816514,0.5494618816445941,1.0,14.0,0.3142972723536501,1.0,0.5024161230527904,0.7433967816161681,0.3,3.0,5.0,0
fc02c5e1-d352-45a8-a44f-639144a32bc3,0b449292-cc57-4b11-94d1-9d0d6fdf931d,0.29774122366785444,1.0,17.0,0.6311818317338324,0.2,0.24562239677446035,0.4286144615110886,0.6,3.0,3.0,0
fc02c5e1-d352-45a8-a44f-639144a32bc3,122cf437-7436-42ed-ba9f-fd1238cad94f,0.29774122366785444,1.0,17.0,0.6311818317338324,0.6,0.7296624097080157,0.24684751428984442,0.6,2.0,3.0,0
fc02c5e1-d352-45a8-a44f-639144a32bc3,74148153-f45d-4239-a353-bd87a356743e,0.29774122366785444,1.0,17.0,0.6311818317338324,0.6,0.6999994035333063,0.6902791079691951,0.6,1.0,1.0,0
fc02c5e1-d352-45a8-a44f-639144a32bc3,319d65cc-35fb-4fd2-8d36-0aaeae8c1599,0.29774122366785444,1.0,17.0,0.6311818317338324,0.2,0.3492163442071033,0.6358648613159886,0.3,2.0,6.0,0
fc02c5e1-d352-45a8-a44f-639144a32bc3,cfaac6f7-b976-4661-8cd2-98f3a4e3a281,0.29774122366785444,1.0,17.0,0.6311818317338324,0.2,0.17993656314318568,0.2972789514204549,0.3,5.0,1.0,0
fc02c5e1-d352-45a8-a44f-639144a32bc3,18d9fc90-579e-4041-988f-c2fa9da7d9f1,0.29774122366785444,1.0,17.0,0.6311818317338324,0.2,0.611318917479668,0.23509193379958115,0.3,5.0,2.0,1
fc02c5e1-d352-45a8-a44f-639144a32bc3,225af4bb-7dea-491a-b6ce-984e91ad99bf,0.29774122366785444,1.0,17.0,0.6311818317338324,0.2,0.954287099322196,0.3931698082459284,0.3,4.0,4.0,1
fc02c5e1-d352-45a8-a44f-639144a32bc3,1f1d5ce2-33eb-44b8-b139-1507fb4718cc,0.29774122366785444,1.0,17.0,0.6311818317338324,1.0,0.5291681488699617,0.6223076451667475,0.0,2.0,4.0,0
fc02c5e1-d352-45a8-a44f-639144a32bc3,663e97bc-95a7-41b9-9e8e-0aaa991d7522,0.29774122366785444,1.0,17.0,0.6311818317338324,0.2,0.45979536292483636,0.25030114523410607,1.0,5.0,5.0,1
fc02c5e1-d352-45a8-a44f-639144a32bc3,290546aa-9a27-44b0-96cf-1cbe5de0ac63,0.29774122366785444,1.0,17.0,0.6311818317338324,0.2,0.8840031953521331,0.909469052204089,0.3,0.0,4.0,1
fc02c5e1-d352-45a8-a44f-639144a32bc3,c777c23f-b2f3-4f1d-bbea-1e7286fac786,0.29774122366785444,1.0,17.0,0.6311818317338324,0.2,0.9597491309827612,0.04607692524933382,0.0,5.0,0.0,0
fc02c5e1-d352-45a8-a44f-639144a32bc3,684277da-f62a-49f6-b09e-1b7e786c463b,0.29774122366785444,1.0,17.0,0.6311818317338324,1.0,0.457984105173436,0.7791379129900283,0.6,2.0,5.0,0
fc02c5e1-d352-45a8-a44f-639144a32bc3,786a081e-bed1-4dd5-af8f-b24a2969db27,0.29774122366785444,1.0,17.0,0.6311818317338324,1.0,0.2204606202831086,0.8790686327551894,0.6,1.0,6.0,0
fc02c5e1-d352-45a8-a44f-639144a32bc3,74148153-f45d-4239-a353-bd87a356743e,0.29774122366785444,1.0,17.0,0.6311818317338324,0.6,0.6999994035333063,0.6902791079691951,0.6,0.0,4.0,0
fc02c5e1-d352-45a8-a44f-639144a32bc3,fc4acfb5-647c-49b2-9c8c-e8b0e4b17239,0.29774122366785444,1.0,17.0,0.6311818317338324,0.6,0.9661698956227394,0.22641288621518874,0.0,5.0,5.0,1
fc02c5e1-d352-45a8-a44f-639144a32bc3,5c628898-abde-4c5b-8dc9-253bfab0c323,0.29774122366785444,1.0,17.0,0.6311818317338324,0.6,0.29562602483866546,0.8882279982692427,0.3,5.0,5.0,0
fc02c5e1-d352-45a8-a44f-639144a32bc3,663e97bc-95a7-41b9-9e8e-0aaa991d7522,0.29774122366785444,1.0,17.0,0.6311818317338324,0.2,0.45979536292483636,0.25030114523410607,1.0,5.0,2.0,1
fc02c5e1-d352-45a8-a44f-639144a32bc3,b30a4759-4017-4c73-a262-ebb3da889ea2,0.29774122366785444,1.0,17.0,0.6311818317338324,0.2,0.2824565624064378,0.9351062106319883,1.0,1.0,4.0,0
fc02c5e1-d352-45a8-a44f-639144a32bc3,cd408280-465f-4896-b05f-85290441236d,0.29774122366785444,1.0,17.0,0.6311818317338324,1.0,0.22129010421141973,0.167964745667194,0.6,1.0,5.0,0
fc02c5e1-d352-45a8-a44f-639144a32bc3,4df06409-5880-4fd2-840e-02e90385cc4e,0.29774122366785444,1.0,17.0,0.6311818317338324,1.0,0.19470747542775022,0.6843276576228667,0.0,5.0,4.0,0
fc02c5e1-d352-45a8-a44f-639144a32bc3,059f7915-4179-4fab-ab9a-979f2ce6e218,0.29774122366785444,1.0,17.0,0.6311818317338324,1.0,0.9507761192432672,0.14440395180459542,0.6,2.0,3.0,0
fc02c5e1-d352-45a8-a44f-639144a32bc3,8c822518-d0dc-460d-93c7-d9d033a078ba,0.29774122366785444,1.0,17.0,0.6311818317338324,1.0,0.5475099359609544,0.9553256935848943,1.0,1.0,5.0,0
fc02c5e1-d352-45a8-a44f-639144a32bc3,4eda28e3-9d9e-4f06-badb-0cb04245ce38,0.29774122366785444,1.0,17.0,0.6311818317338324,0.6,0.2524816678776829,0.7419096525240588,0.6,2.0,4.0,1
fc02c5e1-d352-45a8-a44f-639144a32bc3,3e8780dc-c7a9-4934-8e6f-110d379812e4,0.29774122366785444,1.0,17.0,0.6311818317338324,1.0,0.5060570262278341,0.2300402347272693,0.6,0.0,2.0,0
fc02c5e1-d352-45a8-a44f-639144a32bc3,06f5b296-916f-4c42-aec7-d6f62bba9d9b,0.29774122366785444,1.0,17.0,0.6311818317338324,0.2,0.3223108679637023,0.4183220717622109,1.0,1.0,2.0,0
fc02c5e1-d352-45a8-a44f-639144a32bc3,6194ece5-783c-4da7-bdc5-d5536c904afd,0.29774122366785444,1.0,17.0,0.6311818317338324,0.6,0.6048572623235224,0.928472011746639,0.3,3.0,6.0,1
fc02c5e1-d352-45a8-a44f-639144a32bc3,a38cc35a-c8b1-493c-ad3e-67dba34f85e7,0.29774122366785444,1.0,17.0,0.6311818317338324,0.6,0.41036269496507194,0.08761541400278205,0.0,4.0,1.0,0
fc02c5e1-d352-45a8-a44f-639144a32bc3,0b449292-cc57-4b11-94d1-9d0d6fdf931d,0.29774122366785444,1.0,17.0,0.6311818317338324,0.2,0.24562239677446035,0.4286144615110886,0.6,1.0,3.0,1
fc02c5e1-d352-45a8-a44f-639144a32bc3,b9638733-3416-47d7-b548-7e0af0dbe65f,0.29774122366785444,1.0,17.0,0.6311818317338324,0.2,0.7200468573060492,0.4981514611185579,0.6,1.0,1.0,1
fc02c5e1-d352-45a8-a44f-639144a32bc3,de80c064-1511-4251-84a5-ba1187978d32,0.29774122366785444,1.0,17.0,0.6311818317338324,1.0,0.37359855622088356,0.32543416209529763,0.0,1.0,6.0,0
fc02c5e1-d352-45a8-a44f-639144a32bc3,b08e025f-b00e-487d-9769-6e771d335fcd,0.29774122366785444,1.0,17.0,0.6311818317338324,0.6,0.35587631985892465,0.5051778789164922,0.3,5.0,0.0,0
fc02c5e1-d352-45a8-a44f-639144a32bc3,01fe4a49-c1a0-4cc3-8dc8-8402e6b11064,0.29774122366785444,1.0,17.0,0.6311818317338324,1.0,0.6879754206461195,0.49287097672138225,0.3,5.0,4.0,1
fc02c5e1-d352-45a8-a44f-639144a32bc3,06f5b296-916f-4c42-aec7-d6f62bba9d9b,0.29774122366785444,1.0,17.0,0.6311818317338324,0.2,0.3223108679637023,0.4183220717622109,1.0,5.0,2.0,0
fc02c5e1-d352-45a8-a44f-639144a32bc3,7c817b5c-6572-44b4-8692-fb0a6e6339be,0.29774122366785444,1.0,17.0,0.6311818317338324,1.0,0.5648788196988385,0.6966139096390322,0.6,3.0,2.0,1
fc02c5e1-d352-45a8-a44f-639144a32bc3,9e41ae98-3ee0-4c48-9029-b5642a7cc95d,0.29774122366785444,1.0,17.0,0.6311818317338324,1.0,0.7260508358588046,0.04490801776792286,0.6,2.0,4.0,0
fc02c5e1-d352-45a8-a44f-639144a32bc3,a17bf541-effa-44fe-bb93-e99cb560a113,0.29774122366785444,1.0,17.0,0.6311818317338324,0.6,0.6843407970867683,0.1004271940167254,0.6,2.0,5.0,0
fc02c5e1-d352-45a8-a44f-639144a32bc3,4df46fb7-f407-42f6-a653-9d8438903f61,0.29774122366785444,1.0,17.0,0.6311818317338324,1.0,0.9723558352169928,0.2356344975085155,1.0,1.0,6.0,1
fc02c5e1-d352-45a8-a44f-639144a32bc3,94f447d1-ce40-4abc-9492-1b4fa652cdf8,0.29774122366785444,1.0,17.0,0.6311818317338324,0.2,0.7747992350688047,0.24068147068829215,1.0,1.0,5.0,1
fc02c5e1-d352-45a8-a44f-639144a32bc3,b85c5447-3934-4a5f-a2ea-5cf406ba1386,0.29774122366785444,1.0,17.0,0.6311818317338324,0.2,0.7359215878835874,0.20471404262800852,1.0,0.0,1.0,0
fc02c5e1-d352-45a8-a44f-639144a32bc3,fda140a2-2654-463e-a825-e101e2f7921b,0.29774122366785444,1.0,17.0,0.6311818317338324,0.2,0.3998020556294877,0.9744658783076392,0.0,5.0,6.0,0
c50cb0e6-4687-474a-8ebf-2c8fdf9c4e6d,18c8f5c0-62d6-4353-8121-04a82ac26ed8,0.7229096681565805,0.6,18.0,0.5195204041123178,1.0,0.14611128000847454,0.5869443165834576,0.3,0.0,3.0,1
c50cb0e6-4687-474a-8ebf-2c8fdf9c4e6d,3ceffdd1-05b8-4296-8ead-87aa963b9836,0.7229096681565805,0.6,18.0,0.5195204041123178,1.0,0.4937077765458606,0.9078087859837904,0.3,0.0,1.0,0
c50cb0e6-4687-474a-8ebf-2c8fdf9c4e6d,8e97dadb-1a1b-42b9-ab2b-901aa2169415,0.7229096681565805,0.6,18.0,0.5195204041123178,0.6,0.4258214568056816,0.9395878832020562,1.0,1.0,2.0,1
c50cb0e6-4687-474a-8ebf-2c8fdf9c4e6d,04b630df-e955-44a2-ba81-7807bb8bbf0e,0.7229096681565805,0.6,18.0,0.5195204041123178,0.6,0.26969467315661044,0.7945253868283686,1.0,3.0,2.0,0
c50cb0e6-4687-474a-8ebf-2c8fdf9c4e6d,42438319-d9cd-4491-91c4-7e8df4051b62,0.7229096681565805,0.6,18.0,0.5195204041123178,0.2,0.6023180626659986,0.9806347370894578,0.0,0.0,5.0,1
c50cb0e6-4687-474a-8ebf-2c8fdf9c4e6d,5939c634-d641-4ed7-8910-517780e88b75,0.7229096681565805,0.6,18.0,0.5195204041123178,0.6,0.7523652503478826,0.6850593430585846,0.3,0.0,5.0,1
c50cb0e6-4687-474a-8ebf-2c8fdf9c4e6d,3fb0a35d-d0bf-4534-9f63-995064c4e8af,0.7229096681565805,0.6,18.0,0.5195204041123178,0.2,0.4877773325800844,0.17627426660923395,0.3,0.0,2.0,1
c50cb0e6-4687-474a-8ebf-2c8fdf9c4e6d,29943de0-bf3c-49cd-84da-43ca10216d5a,0.7229096681565805,0.6,18.0,0.5195204041123178,1.0,0.24742902261843305,0.882207830248756,0.0,2.0,6.0,1
c50cb0e6-4687-474a-8ebf-2c8fdf9c4e6d,c4200dd0-0628-49ac-a3d4-9cafb23a3f7c,0.7229096681565805,0.6,18.0,0.5195204041123178,0.6,0.23204019132352335,0.14567973078804342,0.3,3.0,1.0,1
c50cb0e6-4687-474a-8ebf-2c8fdf9c4e6d,f2b47773-ae1a-4e1a-83d1-6e1190805e45,0.7229096681565805,0.6,18.0,0.5195204041123178,0.2,0.47451581704366996,0.8941437054017293,0.0,4.0,2.0,1
c50cb0e6-4687-474a-8ebf-2c8fdf9c4e6d,e02821d5-6c11-48d3-9e5a-ab797cf10dfd,0.7229096681565805,0.6,18.0,0.5195204041123178,0.2,0.30278131508958317,0.8518530351666224,0.6,0.0,4.0,1
c50cb0e6-4687-474a-8ebf-2c8fdf9c4e6d,6c5eaa38-0652-4762-8f1b-fcb80dbf8936,0.7229096681565805,0.6,18.0,0.5195204041123178,0.6,0.23950518641691337,0.7304636636619138,0.6,0.0,4.0,1
c50cb0e6-4687-474a-8ebf-2c8fdf9c4e6d,d879a756-cb6b-4026-a00a-656051801b5f,0.7229096681565805,0.6,18.0,0.5195204041123178,1.0,0.19670829855613808,0.6495454402345533,1.0,2.0,1.0,0
c50cb0e6-4687-474a-8ebf-2c8fdf9c4e6d,1975da03-cf78-4c90-a916-3660a489f0dc,0.7229096681565805,0.6,18.0,0.5195204041123178,0.6,0.4213481052285838,0.6693330773357604,0.6,1.0,3.0,0
c50cb0e6-4687-474a-8ebf-2c8fdf9c4e6d,21197103-286c-4e08-8f2e-e1f0c1aa4b65,0.7229096681565805,0.6,18.0,0.5195204041123178,0.2,0.974231980237957,0.8883695246489081,0.6,1.0,1.0,0
c50cb0e6-4687-474a-8ebf-2c8fdf9c4e6d,059f7915-4179-4fab-ab9a-979f2ce6e218,0.7229096681565805,0.6,18.0,0.5195204041123178,1.0,0.9507761192432672,0.14440395180459542,0.6,0.0,1.0,0
c50cb0e6-4687-474a-8ebf-2c8fdf9c4e6d,c777c23f-b2f3-4f1d-bbea-1e7286fac786,0.7229096681565805,0.6,18.0,0.5195204041123178,0.2,0.9597491309827612,0.04607692524933382,0.0,4.0,3.0,1
c50cb0e6-4687-474a-8ebf-2c8fdf9c4e6d,f32bd05f-f328-4f1a-be52-e7eeae8d75e8,0.7229096681565805,0.6,18.0,0.5195204041123178,1.0,0.7522989076063284,0.09818661644669102,0.3,2.0,0.0,0
c50cb0e6-4687-474a-8ebf-2c8fdf9c4e6d,2fd06511-a2df-41a4-b9b8-72ad25edbef7,0.7229096681565805,0.6,18.0,0.5195204041123178,1.0,0.8121414643536927,0.9186858244934103,0.3,2.0,1.0,1
c50cb0e6-4687-474a-8ebf-2c8fdf9c4e6d,65c54c61-8bed-4502-891f-54207581973c,0.7229096681565805,0.6,18.0,0.5195204041123178,0.6,0.5609694251913983,0.4769640187588726,1.0,4.0,0.0,1
c50cb0e6-4687-474a-8ebf-2c8fdf9c4e6d,0b680785-5c4e-4ff3-90da-a95bdb6ddea3,0.7229096681565805,0.6,18.0,0.5195204041123178,1.0,0.9476882864447816,0.37902629176285674,0.0,2.0,4.0,0
c50cb0e6-4687-474a-8ebf-2c8fdf9c4e6d,18c8f5c0-62d6-4353-8121-04a82ac26ed8,0.7229096681565805,0.6,18.0,0.5195204041123178,1.0,0.14611128000847454,0.5869443165834576,0.3,4.0,4.0,1
c50cb0e6-4687-474a-8ebf-2c8fdf9c4e6d,4eda28e3-9d9e-4f06-badb-0cb04245ce38,0.7229096681565805,0.6,18.0,0.5195204041123178,0.6,0.2524816678776829,0.7419096525240588,0.6,1.0,0.0,0
c50cb0e6-4687-474a-8ebf-2c8fdf9c4e6d,5e05eec7-1e62-4d54-96f8-a536e832863a,0.7229096681565805,0.6,18.0,0.5195204041123178,0.2,0.99982637880827,0.7415351340320897,0.0,2.0,6.0,0
c50cb0e6-4687-474a-8ebf-2c8fdf9c4e6d,2fd06511-a2df-41a4-b9b8-72ad25edbef7,0.7229096681565805,0.6,18.0,0.5195204041123178,1.0,0.8121414643536927,0.9186858244934103,0.3,3.0,3.0,0
c50cb0e6-4687-474a-8ebf-2c8fdf9c4e6d,3feb240a-54de-4548-9d6d-6b68da72c588,0.7229096681565805,0.6,18.0,0.5195204041123178,0.6,0.3534939575862086,0.46875086538360267,0.6,4.0,0.0,0
c50cb0e6-4687-474a-8ebf-2c8fdf9c4e6d,74e91ec2-7e97-4477-a254-e11129eee045,0.7229096681565805,0.6,18.0,0.5195204041123178,1.0,0.4127752338799551,0.9613455666412534,0.3,1.0,4.0,0
c50cb0e6-4687-474a-8ebf-2c8fdf9c4e6d,f4511c0e-1907-4564-85be-6208646f9403,0.7229096681565805,0.6,18.0,0.5195204041123178,0.6,0.9737144331912416,0.8489993802384885,0.3,5.0,0.0,0
c50cb0e6-4687-474a-8ebf-2c8fdf9c4e6d,c4200dd0-0628-49ac-a3d4-9cafb23a3f7c,0.7229096681565805,0.6,18.0,0.5195204041123178,0.6,0.23204019132352335,0.14567973078804342,0.3,4.0,4.0,0
c50cb0e6-4687-474a-8ebf-2c8fdf9c4e6d,31a8a011-26d9-417f-9acd-2dc1aa620cb1,0.7229096681565805,0.6,18.0,0.5195204041123178,0.6,0.8578772412513512,0.31368145278296056,0.6,4.0,2.0,0
c50cb0e6-4687-474a-8ebf-2c8fdf9c4e6d,773cb37f-03e9-462d-9f7c-bb397a470391,0.7229096681565805,0.6,18.0,0.5195204041123178,1.0,0.138085119243381,0.17870489763614517,0.6,5.0,6.0,0
c50cb0e6-4687-474a-8ebf-2c8fdf9c4e6d,18d9fc90-579e-4041-988f-c2fa9da7d9f1,0.7229096681565805,0.6,18.0,0.5195204041123178,0.2,0.611318917479668,0.23509193379958115,0.3,1.0,3.0,1
c50cb0e6-4687-474a-8ebf-2c8fdf9c4e6d,15b5cdd7-9aed-490f-9cb8-4f9a900eb398,0.7229096681565805,0.6,18.0,0.5195204041123178,0.2,0.17789822129463906,0.6431782959777482,0.0,4.0,0.0,0
c50cb0e6-4687-474a-8ebf-2c8fdf9c4e6d,686e3aa2-fafa-49b8-ae04-90315babb1d4,0.7229096681565805,0.6,18.0,0.5195204041123178,0.2,0.2485402182633587,0.3567460645487345,1.0,4.0,1.0,1
c50cb0e6-4687-474a-8ebf-2c8fdf9c4e6d,2a4e6f6f-8a97-4b0f-8706-b5b5c9a3506e,0.7229096681565805,0.6,18.0,0.5195204041123178,1.0,0.508305717299449,0.5779541132057853,1.0,5.0,6.0,0
c50cb0e6-4687-474a-8ebf-2c8fdf9c4e6d,1fca9427-3cae-42d5-bed5-488302ac2459,0.7229096681565805,0.6,18.0,0.5195204041123178,0.6,0.396450442114459,0.6699625843471093,0.0,2.0,0.0,0
c50cb0e6-4687-474a-8ebf-2c8fdf9c4e6d,6a24fb3d-8584-44db-80ec-a8943d9d4953,0.7229096681565805,0.6,18.0,0.5195204041123178,0.2,0.7990830790974275,0.6468922285040184,0.6,2.0,2.0,0
c50cb0e6-4687-474a-8ebf-2c8fdf9c4e6d,c65f2822-55d3-4e67-b0e3-dcb7ed48c4fc,0.7229096681565805,0.6,18.0,0.5195204041123178,0.2,0.5969201348829377,0.6751594254540361,0.3,2.0,3.0,1
c50cb0e6-4687-474a-8ebf-2c8fdf9c4e6d,0d91a5c8-4b22-4198-b963-be98907527f4,0.7229096681565805,0.6,18.0,0.5195204041123178,0.2,0.36811976533001634,0.7445398250927052,0.0,0.0,5.0,0
c50cb0e6-4687-474a-8ebf-2c8fdf9c4e6d,ab31027b-1533-4573-87ee-591c4e74f603,0.7229096681565805,0.6,18.0,0.5195204041123178,0.2,0.13414284675556443,0.8188515466757538,1.0,5.0,6.0,0
85bd6cd4-9725-49ad-97e2-205818ab6fb0,b5455ff3-4469-4b08-b2d0-3b4b8a9faa28,0.3535245314100983,0.2,16.0,0.5948126679117048,0.2,0.8168045396107254,0.12498281746751883,0.3,4.0,4.0,0
85bd6cd4-9725-49ad-97e2-205818ab6fb0,85ca56ac-d00f-4985-9a10-09bdbdcf0764,0.3535245314100983,0.2,16.0,0.5948126679117048,1.0,0.7672921606674585,0.4762417440869502,0.3,4.0,5.0,1
85bd6cd4-9725-49ad-97e2-205818ab6fb0,b30a4759-4017-4c73-a262-ebb3da889ea2,0.3535245314100983,0.2,16.0,0.5948126679117048,0.2,0.2824565624064378,0.9351062106319883,1.0,3.0,1.0,1
85bd6cd4-9725-49ad-97e2-205818ab6fb0,1975da03-cf78-4c90-a916-3660a489f0dc,0.3535245314100983,0.2,16.0,0.5948126679117048,0.6,0.4213481052285838,0.6693330773357604,0.6,3.0,6.0,0
85bd6cd4-9725-49ad-97e2-205818ab6fb0,e4db18b0-d91a-4fe4-b05f-eda25f38ea0d,0.3535245314100983,0.2,16.0,0.5948126679117048,0.2,0.5776591949487476,0.19019373944895102,0.3,1.0,3.0,1
85bd6cd4-9725-49ad-97e2-205818ab6fb0,74e91ec2-7e97-4477-a254-e11129eee045,0.3535245314100983,0.2,16.0,0.5948126679117048,1.0,0.4127752338799551,0.9613455666412534,0.3,1.0,1.0,0
85bd6cd4-9725-49ad-97e2-205818ab6fb0,2767a00e-73cb-4ec0-8f10-1f2685529dd8,0.3535245314100983,0.2,16.0,0.5948126679117048,0.2,0.14774330715500755,0.17529814661096454,0.3,5.0,1.0,1
85bd6cd4-9725-49ad-97e2-205818ab6fb0,7c817b5c-6572-44b4-8692-fb0a6e6339be,0.3535245314100983,0.2,16.0,0.5948126679117048,1.0,0.5648788196988385,0.6966139096390322,0.6,3.0,5.0,1
85bd6cd4-9725-49ad-97e2-205818ab6fb0,684277da-f62a-49f6-b09e-1b7e786c463b,0.3535245314100983,0.2,16.0,0.5948126679117048,1.0,0.457984105173436,0.7791379129900283,0.6,5.0,6.0,1
85bd6cd4-9725-49ad-97e2-205818ab6fb0,78c12d9f-999b-460d-b319-9bd7627866b0,0.3535245314100983,0.2,16.0,0.5948126679117048,0.2,0.5225456025796394,0.35235373770664025,0.3,4.0,4.0,0
85bd6cd4-9725-49ad-97e2-205818ab6fb0,06f5b296-916f-4c42-aec7-d6f62bba9d9b,0.3535245314100983,0.2,16.0,0.5948126679117048,0.2,0.3223108679637023,0.4183220717622109,1.0,4.0,1.0,1
85bd6cd4-9725-49ad-97e2-205818ab6fb0,ad90952f-caf0-425d-8039-7263f702df91,0.3535245314100983,0.2,16.0,0.5948126679117048,0.2,0.9254823202465832,0.36840241779614114,0.0,4.0,3.0,1
85bd6cd4-9725-49ad-97e2-205818ab6fb0,dd77c881-c04d-4f99-9177-d94ef20adb4f,0.3535245314100983,0.2,16.0,0.5948126679117048,0.6,0.616612541041993,0.6647291139113415,0.0,5.0,5.0,1
85bd6cd4-9725-49ad-97e2-205818ab6fb0,d879a756-cb6b-4026-a00a-656051801b5f,0.3535245314100983,0.2,16.0,0.5948126679117048,1.0,0.19670829855613808,0.6495454402345533,1.0,1.0,3.0,0
85bd6cd4-9725-49ad-97e2-205818ab6fb0,cd43d020-95b3-4fce-8795-f8fd1c5756af,0.3535245314100983,0.2,16.0,0.5948126679117048,0.6,0.5573941486973442,0.11632937988922598,0.3,1.0,1.0,0
85bd6cd4-9725-49ad-97e2-205818ab6fb0,db87c9f7-0d43-43e7-bfc8-10a75114f27b,0.3535245314100983,0.2,16.0,0.5948126679117048,1.0,0.5554553024932305,0.03495342538664914,0.6,1.0,4.0,1
85bd6cd4-9725-49ad-97e2-205818ab6fb0,e44b9013-f4a8-49bf-9379-87dcbb2e8e53,0.3535245314100983,0.2,16.0,0.5948126679117048,1.0,0.36258242224859283,0.32306846386650134,0.3,3.0,4.0,1
85bd6cd4-9725-49ad-97e2-205818ab6fb0,c5beb2bc-7876-4318-b66a-dab1f0815f72,0.3535245314100983,0.2,16.0,0.5948126679117048,0.6,0.40881718791361676,0.5939586390142232,0.0,1.0,0.0,0
85bd6cd4-9725-49ad-97e2-205818ab6fb0,0b449292-cc57-4b11-94d1-9d0d6fdf931d,0.3535245314100983,0.2,16.0,0.5948126679117048,0.2,0.24562239677446035,0.4286144615110886,0.6,5.0,3.0,1
85bd6cd4-9725-49ad-97e2-205818ab6fb0,7a3805f8-637d-41ce-ac78-d79938def8ea,0.3535245314100983,0.2,16.0,0.5948126679117048,0.2,0.6005977206832448,0.609661198171549,0.0,3.0,4.0,0
85bd6cd4-9725-49ad-97e2-205818ab6fb0,88e79e28-8590-4873-baf3-158ade3d3e32,0.3535245314100983,0.2,16.0,0.5948126679117048,1.0,0.9148647291612199,0.12864998776038128,0.0,4.0,6.0,0
85bd6cd4-9725-49ad-97e2-205818ab6fb0,7e5fb408-a839-4c94-af31-f8f846c10b16,0.3535245314100983,0.2,16.0,0.5948126679117048,0.6,0.3750883081968893,0.7913034251586659,1.0,4.0,4.0,0
85bd6cd4-9725-49ad-97e2-205818ab6fb0,4fdb3305-ba7f-45fd-908f-aee1f36874a7,0.3535245314100983,0.2,16.0,0.5948126679117048,0.2,0.9186809012161644,0.8525202868433427,1.0,4.0,3.0,1
85bd6cd4-9725-49ad-97e2-205818ab6fb0,be9d36c1-5645-43bf-b29e-f59fe75b58fc,0.3535245314100983,0.2,16.0,0.5948126679117048,0.2,0.9631836571803765,0.9302866275169228,1.0,3.0,1.0,1
85bd6cd4-9725-49ad-97e2-205818ab6fb0,e33220eb-1aa5-4702-8b7f-82096cbf244c,0.3535245314100983,0.2,16.0,0.5948126679117048,0.2,0.8045091416614435,0.9303962480539164,0.0,2.0,4.0,0
85bd6cd4-9725-49ad-97e2-205818ab6fb0,8e97dadb-1a1b-42b9-ab2b-901aa2169415,0.3535245314100983,0.2,16.0,0.5948126679117048,0.6,0.4258214568056816,0.9395878832020562,1.0,0.0,3.0,0
85bd6cd4-9725-49ad-97e2-205818ab6fb0,5e04770f-4a25-48a2-ad93-cef1ed97d455,0.3535245314100983,0.2,16.0,0.5948126679117048,1.0,0.6810890391339975,0.862719881758954,0.3,0.0,2.0,0
85bd6cd4-9725-49ad-97e2-205818ab6fb0,7d674302-c495-4faa-b60b-2f991e7f10b1,0.3535245314100983,0.2,16.0,0.5948126679117048,0.6,0.6945598719886059,0.6688730857607941,1.0,1.0,0.0,0
85bd6cd4-9725-49ad-97e2-205818ab6fb0,2f2c32fa-6e32-4764-b476-b6f9b3cc5cd7,0.3535245314100983,0.2,16.0,0.5948126679117048,0.2,0.13396258547827183,0.29306867008666404,0.0,4.0,0.0,1
85bd6cd4-9725-49ad-97e2-205818ab6fb0,4e038b59-7940-4187-89a4-aa8900eb4584,0.3535245314100983,0.2,16.0,0.5948126679117048,0.6,0.8162686834681103,0.09548613580741361,0.3,5.0,6.0,1
85bd6cd4-9725-49ad-97e2-205818ab6fb0,b02c207c-3d8f-47d1-94d5-ea09db74e5c8,0.3535245314100983,0.2,16.0,0.5948126679117048,0.6,0.3575527172065134,0.7990422256936793,0.3,3.0,5.0,1
85bd6cd4-9725-49ad-97e2-205818ab6fb0,79cb3b8e-aafa-418e-97aa-f7fdcb3d6c58,0.3535245314100983,0.2,16.0,0.5948126679117048,0.2,0.3730266808058288,0.7752357696427774,0.3,3.0,4.0,1
85bd6cd4-9725-49ad-97e2-205818ab6fb0,61ae4cd0-4feb-4315-9993-55959a8ab125,0.3535245314100983,0.2,16.0,0.5948126679117048,0.6,0.5247340762216478,0.34315624408831924,0.0,1.0,3.0,0
85bd6cd4-9725-49ad-97e2-205818ab6fb0,225af4bb-7dea-491a-b6ce-984e91ad99bf,0.3535245314100983,0.2,16.0,0.5948126679117048,0.2,0.954287099322196,0.3931698082459284,0.3,2.0,4.0,1
85bd6cd4-9725-49ad-97e2-205818ab6fb0,b939da7f-028e-4294-87a9-cae844ef2396,0.3535245314100983,0.2,16.0,0.5948126679117048,1.0,0.28159591151234475,0.3654017291850822,1.0,4.0,2.0,0
85bd6cd4-9725-49ad-97e2-205818ab6fb0,34df5d01-15ed-49be-beaf-1edba5ce73f3,0.3535245314100983,0.2,16.0,0.5948126679117048,0.2,0.570771685431961,0.8647552667165631,0.3,5.0,0.0,1
85bd6cd4-9725-49ad-97e2-205818ab6fb0,684277da-f62a-49f6-b09e-1b7e786c463b,0.3535245314100983,0.2,16.0,0.5948126679117048,1.0,0.457984105173436,0.7791379129900283,0.6,0.0,1.0,0
85bd6cd4-9725-49ad-97e2-205818ab6fb0,f99793e2-bf1f-4652-b717-b380cf1b82d9,0.3535245314100983,0.2,16.0,0.5948126679117048,1.0,0.3478973552809047,0.15349034844890785,0.0,4.0,5.0,1
85bd6cd4-9725-49ad-97e2-205818ab6fb0,3e875754-69cd-4fee-94a5-57d6da42ef91,0.3535245314100983,0.2,16.0,0.5948126679117048,0.2,0.2450411346868676,0.8598019829721676,0.3,5.0,0.0,0
85bd6cd4-9725-49ad-97e2-205818ab6fb0,773cb37f-03e9-462d-9f7c-bb397a470391,0.3535245314100983,0.2,16.0,0.5948126679117048,1.0,0.138085119243381,0.17870489763614517,0.6,4.0,3.0,0
14e5a014-79e9-4d6b-b042-79ce92caee24,9f7ae8c9-dc90-4236-adb6-2109245d9021,0.7290475102736165,0.2,4.0,0.7019568333624722,0.6,0.8963101399292399,0.12506351553810924,0.0,0.0,4.0,1
14e5a014-79e9-4d6b-b042-79ce92caee24,5145c478-0b39-4ab7-a906-e1b9735ba3ce,0.7290475102736165,0.2,4.0,0.7019568333624722,0.6,0.8786936977058606,0.9587100682359623,1.0,4.0,5.0,0
14e5a014-79e9-4d6b-b042-79ce92caee24,4c734813-4a8a-4ce6-81e5-fc4a2a5db3a2,0.7290475102736165,0.2,4.0,0.7019568333624722,0.6,0.10056769438917118,0.5730262898413426,0.3,1.0,5.0,1
14e5a014-79e9-4d6b-b042-79ce92caee24,c65f2822-55d3-4e67-b0e3-dcb7ed48c4fc,0.7290475102736165,0.2,4.0,0.7019568333624722,0.2,0.5969201348829377,0.6751594254540361,0.3,2.0,1.0,1
14e5a014-79e9-4d6b-b042-79ce92caee24,9e41ae98-3ee0-4c48-9029-b5642a7cc95d,0.7290475102736165,0.2,4.0,0.7019568333624722,1.0,0.7260508358588046,0.04490801776792286,0.6,5.0,1.0,0
14e5a014-79e9-4d6b-b042-79ce92caee24,aaf45fe2-a218-49a4-8030-1b040505fcc2,0.7290475102736165,0.2,4.0,0.7019568333624722,0.2,0.36982601339710064,0.6947724975849392,0.3,1.0,5.0,1
14e5a014-79e9-4d6b-b042-79ce92caee24,775861d5-545e-4ddf-b332-3aabb9bd0e76,0.7290475102736165,0.2,4.0,0.7019568333624722,1.0,0.8513642364331833,0.05300666587800451,0.6,3.0,2.0,1
14e5a014-79e9-4d6b-b042-79ce92caee24,6bc2f168-7233-41b6-b378-1e91e4060318,0.7290475102736165,0.2,4.0,0.7019568333624722,0.6,0.8903489988595626,0.4493952204847722,0.6,4.0,0.0,1
14e5a014-79e9-4d6b-b042-79ce92caee24,34aadaae-a82c-41a6-b6ac-2ab4f11a8047,0.7290475102736165,0.2,4.0,0.7019568333624722,0.2,0.11867463394112543,0.26611592959755015,0.6,4.0,2.0,1
14e5a014-79e9-4d6b-b042-79ce92caee24,db87c9f7-0d43-43e7-bfc8-10a75114f27b,0.7290475102736165,0.2,4.0,0.7019568333624722,1.0,0.5554553024932305,0.03495342538664914,0.6,2.0,2.0,1
14e5a014-79e9-4d6b-b042-79ce92caee24,059f7915-4179-4fab-ab9a-979f2ce6e218,0.7290475102736165,0.2,4.0,0.7019568333624722,1.0,0.9507761192432672,0.14440395180459542,0.6,3.0,3.0,1
14e5a014-79e9-4d6b-b042-79ce92caee24,b1ef27f4-c212-4d80-95b3-1ccfcccee40b,0.7290475102736165,0.2,4.0,0.7019568333624722,1.0,0.273179116013828,0.9075422104826739,1.0,4.0,0.0,0
14e5a014-79e9-4d6b-b042-79ce92caee24,09a8b01c-9886-431b-860f-484d959f9fd8,0.7290475102736165,0.2,4.0,0.7019568333624722,0.2,0.7949409365509817,0.650881327422057,0.0,0.0,6.0,1
14e5a014-79e9-4d6b-b042-79ce92caee24,4a47a28f-ebfe-4e2c-b5a5-219b771c2344,0.7290475102736165,0.2,4.0,0.7019568333624722,1.0,0.886582543106834,0.6746693780314743,0.3,4.0,2.0,0
14e5a014-79e9-4d6b-b042-79ce92caee24,a86f1d29-fc0a-43b2-a5f5-1c81ea61e113,0.7290475102736165,0.2,4.0,0.7019568333624722,0.2,0.5459412758711781,0.9929580634194145,0.6,3.0,6.0,1
14e5a014-79e9-4d6b-b042-79ce92caee24,8d3c9344-6c45-43f7-a583-eb49f1bd7c4b,0.7290475102736165,0.2,4.0,0.7019568333624722,1.0,0.32697303710818776,0.18910296519857916,0.6,5.0,3.0,0
14e5a014-79e9-4d6b-b042-79ce92caee24,cd43d020-95b3-4fce-8795-f8fd1c5756af,0.7290475102736165,0.2,4.0,0.7019568333624722,0.6,0.5573941486973442,0.11632937988922598,0.3,0.0,2.0,0
14e5a014-79e9-4d6b-b042-79ce92caee24,85f2c72b-1210-493c-bae7-744c4b2353fc,0.7290475102736165,0.2,4.0,0.7019568333624722,0.6,0.5307520434712122,0.17871782093842026,1.0,5.0,5.0,1
14e5a014-79e9-4d6b-b042-79ce92caee24,78815b00-b8cf-4b53-9b5c-0a0cc08481cf,0.7290475102736165,0.2,4.0,0.7019568333624722,0.6,0.9610158815047943,0.2578843936513069,0.0,4.0,4.0,0
14e5a014-79e9-4d6b-b042-79ce92caee24,122cf437-7436-42ed-ba9f-fd1238cad94f,0.7290475102736165,0.2,4.0,0.7019568333624722,0.6,0.7296624097080157,0.24684751428984442,0.6,2.0,0.0,0
14e5a014-79e9-4d6b-b042-79ce92caee24,e44b9013-f4a8-49bf-9379-87dcbb2e8e53,0.7290475102736165,0.2,4.0,0.7019568333624722,1.0,0.36258242224859283,0.32306846386650134,0.3,0.0,4.0,1
14e5a014-79e9-4d6b-b042-79ce92caee24,3586835a-4f05-4964-8ca1-2138cebf95a6,0.7290475102736165,0.2,4.0,0.7019568333624722,1.0,0.6521758610516846,0.9475221766685487,0.0,1.0,4.0,0
14e5a014-79e9-4d6b-b042-79ce92caee24,8a2b6b58-3f67-4179-b80b-643dade73512,0.7290475102736165,0.2,4.0,0.7019568333624722,0.6,0.31611651735255464,0.7525389528715243,1.0,3.0,5.0,0
14e5a014-79e9-4d6b-b042-79ce92caee24,6e8ca283-10c7-434c-826a-837f38ec5444,0.7290475102736165,0.2,4.0,0.7019568333624722,0.2,0.6513768543337128,0.6342982912007427,1.0,1.0,1.0,1
14e5a014-79e9-4d6b-b042-79ce92caee24,df3f8908-754b-4f66-b4a5-0f54f1bbdef1,0.7290475102736165,0.2,4.0,0.7019568333624722,0.2,0.9006532918063022,0.624832175706485,0.6,1.0,6.0,0
14e5a014-79e9-4d6b-b042-79ce92caee24,e3e4e158-1e76-4fc3-a85b-e05b8b8a0ccb,0.7290475102736165,0.2,4.0,0.7019568333624722,0.6,0.639410932283415,0.2933005026004223,0.0,4.0,0.0,1
14e5a014-79e9-4d6b-b042-79ce92caee24,6c5eaa38-0652-4762-8f1b-fcb80dbf8936,0.7290475102736165,0.2,4.0,0.7019568333624722,0.6,0.23950518641691337,0.7304636636619138,0.6,3.0,2.0,1
14e5a014-79e9-4d6b-b042-79ce92caee24,8e97dadb-1a1b-42b9-ab2b-901aa2169415,0.7290475102736165,0.2,4.0,0.7019568333624722,0.6,0.4258214568056816,0.9395878832020562,1.0,2.0,3.0,0
14e5a014-79e9-4d6b-b042-79ce92caee24,6cef895f-06aa-4942-bedd-72fff31eb379,0.7290475102736165,0.2,4.0,0.7019568333624722,0.2,0.8773089936408774,0.6446474280251517,1.0,2.0,3.0,1
14e5a014-79e9-4d6b-b042-79ce92caee24,c777c23f-b2f3-4f1d-bbea-1e7286fac786,0.7290475102736165,0.2,4.0,0.7019568333624722,0.2,0.9597491309827612,0.04607692524933382,0.0,4.0,6.0,0
14e5a014-79e9-4d6b-b042-79ce92caee24,86df6ab5-0a91-4c31-ae77-b6a97acaa3b6,0.7290475102736165,0.2,4.0,0.7019568333624722,0.2,0.6626325512293207,0.22621734088053103,1.0,4.0,2.0,0
14e5a014-79e9-4d6b-b042-79ce92caee24,03be5e2c-49dc-49c9-bf6c-bd633714d57c,0.7290475102736165,0.2,4.0,0.7019568333624722,0.2,0.23003808241798443,0.40233767223870887,0.0,3.0,0.0,1
14e5a014-79e9-4d6b-b042-79ce92caee24,b972f906-99a3-4c64-8a3c-52215d80d34b,0.7290475102736165,0.2,4.0,0.7019568333624722,0.2,0.7557609477960204,0.33890958121625947,0.3,0.0,5.0,1
14e5a014-79e9-4d6b-b042-79ce92caee24,4590aaee-b789-46de-a082-c6807a962ec2,0.7290475102736165,0.2,4.0,0.7019568333624722,1.0,0.9792453221449127,0.1694110619506124,1.0,2.0,4.0,1
14e5a014-79e9-4d6b-b042-79ce92caee24,2270dcd6-f4ba-4acf-b863-271ea249c419,0.7290475102736165,0.2,4.0,0.7019568333624722,0.6,0.888509462672205,0.11768090665028597,0.0,1.0,2.0,0
14e5a014-79e9-4d6b-b042-79ce92caee24,85ca56ac-d00f-4985-9a10-09bdbdcf0764,0.7290475102736165,0.2,4.0,0.7019568333624722,1.0,0.7672921606674585,0.4762417440869502,0.3,1.0,3.0,0
14e5a014-79e9-4d6b-b042-79ce92caee24,042f11d0-6ddd-4561-8c2c-5e00545a621e,0.7290475102736165,0.2,4.0,0.7019568333624722,1.0,0.7872798003899497,0.9285445017428434,0.6,2.0,6.0,0
14e5a014-79e9-4d6b-b042-79ce92caee24,8618c927-9c33-4057-8bfe-9828bd93601a,0.7290475102736165,0.2,4.0,0.7019568333624722,0.6,0.22804722680585615,0.021203888490483047,0.6,1.0,4.0,0
14e5a014-79e9-4d6b-b042-79ce92caee24,8155e67e-e6b6-4564-9fbc-a422dfbb4728,0.7290475102736165,0.2,4.0,0.7019568333624722,0.2,0.3282195111753295,0.7588859461800079,0.0,1.0,4.0,1
14e5a014-79e9-4d6b-b042-79ce92caee24,ef4564ad-37cb-422e-9258-c0dd09e686d8,0.7290475102736165,0.2,4.0,0.7019568333624722,0.6,0.7134305197216956,0.4952020834976343,0.0,5.0,1.0,1
f1c523d9-7edf-4fff-af25-5ab4ee9a5c65,10fa412c-7efe-46f7-89b0-c6aa11d87532,0.7544555550540748,0.6,19.0,0.2508221649215657,1.0,0.911960789245008,0.6298188715387788,0.3,3.0,1.0,0
f1c523d9-7edf-4fff-af25-5ab4ee9a5c65,9e41ae98-3ee0-4c48-9029-b5642a7cc95d,0.7544555550540748,0.6,19.0,0.2508221649215657,1.0,0.7260508358588046,0.04490801776792286,0.6,4.0,5.0,0
f1c523d9-7edf-4fff-af25-5ab4ee9a5c65,b30a4759-4017-4c73-a262-ebb3da889ea2,0.7544555550540748,0.6,19.0,0.2508221649215657,0.2,0.2824565624064378,0.9351062106319883,1.0,4.0,6.0,1
f1c523d9-7edf-4fff-af25-5ab4ee9a5c65,a8daf424-06ed-42c5-99ea-74a1e01591a9,0.7544555550540748,0.6,19.0,0.2508221649215657,0.6,0.6995840419204985,0.5852213104701965,0.0,0.0,1.0,1
f1c523d9-7edf-4fff-af25-5ab4ee9a5c65,4df46fb7-f407-42f6-a653-9d8438903f61,0.7544555550540748,0.6,19.0,0.2508221649215657,1.0,0.9723558352169928,0.2356344975085155,1.0,3.0,5.0,0
f1c523d9-7edf-4fff-af25-5ab4ee9a5c65,51656879-b9de-4976-b3d5-c8a240739e35,0.7544555550540748,0.6,19.0,0.2508221649215657,0.6,0.12393733137164058,0.5053225155587664,1.0,4.0,6.0,1
f1c523d9-7edf-4fff-af25-5ab4ee9a5c65,5bccbbea-6061-4c3b-babf-9f5de9889c73,0.7544555550540748,0.6,19.0,0.2508221649215657,0.2,0.4789495794434827,0.42500061980149273,0.3,2.0,6.0,1
f1c523d9-7edf-4fff-af25-5ab4ee9a5c65,2f2c32fa-6e32-4764-b476-b6f9b3cc5cd7,0.7544555550540748,0.6,19.0,0.2508221649215657,0.2,0.13396258547827183,0.29306867008666404,0.0,4.0,5.0,1
f1c523d9-7edf-4fff-af25-5ab4ee9a5c65,65c54c61-8bed-4502-891f-54207581973c,0.7544555550540748,0.6,19.0,0.2508221649215657,0.6,0.5609694251913983,0.4769640187588726,1.0,2.0,2.0,1
f1c523d9-7edf-4fff-af25-5ab4ee9a5c65,b20bab7d-8fe1-4291-9511-746d551c6381,0.7544555550540748,0.6,19.0,0.2508221649215657,1.0,0.30803403606513613,0.290684856511908,0.0,0.0,3.0,0
f1c523d9-7edf-4fff-af25-5ab4ee9a5c65,ef4564ad-37cb-422e-9258-c0dd09e686d8,0.7544555550540748,0.6,19.0,0.2508221649215657,0.6,0.7134305197216956,0.4952020834976343,0.0,1.0,5.0,1
f1c523d9-7edf-4fff-af25-5ab4ee9a5c65,8618c927-9c33-4057-8bfe-9828bd93601a,0.7544555550540748,0.6,19.0,0.2508221649215657,0.6,0.22804722680585615,0.021203888490483047,0.6,3.0,6.0,1
f1c523d9-7edf-4fff-af25-5ab4ee9a5c65,e44b9013-f4a8-49bf-9379-87dcbb2e8e53,0.7544555550540748,0.6,19.0,0.2508221649215657,1.0,0.36258242224859283,0.32306846386650134,0.3,1.0,2.0,0
f1c523d9-7edf-4fff-af25-5ab4ee9a5c65,2e56c0c7-a2d4-4606-8362-ead47ba989cf,0.7544555550540748,0.6,19.0,0.2508221649215657,1.0,0.9838404823093492,0.5555768002260758,0.0,4.0,5.0,0
f1c523d9-7edf-4fff-af25-5ab4ee9a5c65,7d8ed681-553e-4f86-8328-93bdf476bee2,0.7544555550540748,0.6,19.0,0.2508221649215657,0.6,0.8243337011258274,0.4855544869796419,1.0,5.0,4.0,1
f1c523d9-7edf-4fff-af25-5ab4ee9a5c65,768074f2-fa60-4a87-b7e9-0fe45c042ba8,0.7544555550540748,0.6,19.0,0.2508221649215657,0.6,0.44816631031351084,0.885378023796285,0.0,1.0,6.0,0
f1c523d9-7edf-4fff-af25-5ab4ee9a5c65,b30a4759-4017-4c73-a262-ebb3da889ea2,0.7544555550540748,0.6,19.0,0.2508221649215657,0.2,0.2824565624064378,0.9351062106319883,1.0,5.0,5.0,1
f1c523d9-7edf-4fff-af25-5ab4ee9a5c65,61ae4cd0-4feb-4315-9993-55959a8ab125,0.7544555550540748,0.6,19.0,0.2508221649215657,0.6,0.5247340762216478,0.34315624408831924,0.0,0.0,0.0,0
f1c523d9-7edf-4fff-af25-5ab4ee9a5c65,e45bd99d-504e-4e64-83b1-c517b6b084cf,0.7544555550540748,0.6,19.0,0.2508221649215657,1.0,0.2973675063752232,0.26685392748809267,0.0,0.0,0.0,0
f1c523d9-7edf-4fff-af25-5ab4ee9a5c65,d1505a61-3c3b-4c86-a8ae-c4ab1a296525,0.7544555550540748,0.6,19.0,0.2508221649215657,1.0,0.5383907575441277,0.2096336099684688,0.6,0.0,2.0,1
f1c523d9-7edf-4fff-af25-5ab4ee9a5c65,3e875754-69cd-4fee-94a5-57d6da42ef91,0.7544555550540748,0.6,19.0,0.2508221649215657,0.2,0.2450411346868676,0.8598019829721676,0.3,2.0,1.0,1
f1c523d9-7edf-4fff-af25-5ab4ee9a5c65,c0831cb8-2671-4f2e-9498-e74d21da6f33,0.7544555550540748,0.6,19.0,0.2508221649215657,0.2,0.678838712580165,0.49622340240440477,1.0,1.0,4.0,1
f1c523d9-7edf-4fff-af25-5ab4ee9a5c65,df3f8908-754b-4f66-b4a5-0f54f1bbdef1,0.7544555550540748,0.6,19.0,0.2508221649215657,0.2,0.9006532918063022,0.624832175706485,0.6,2.0,6.0,0
f1c523d9-7edf-4fff-af25-5ab4ee9a5c65,015a673e-67b9-4560-949f-f0f29ba09691,0.7544555550540748,0.6,19.0,0.2508221649215657,0.6,0.772469818793257,0.851704139635052,0.0,2.0,4.0,0
f1c523d9-7edf-4fff-af25-5ab4ee9a5c65,015a673e-67b9-4560-949f-f0f29ba09691,0.7544555550540748,0.6,19.0,0.2508221649215657,0.6,0.772469818793257,0.851704139635052,0.0,1.0,4.0,0
f1c523d9-7edf-4fff-af25-5ab4ee9a5c65,a86f1d29-fc0a-43b2-a5f5-1c81ea61e113,0.7544555550540748,0.6,19.0,0.2508221649215657,0.2,0.5459412758711781,0.9929580634194145,0.6,3.0,4.0,1
f1c523d9-7edf-4fff-af25-5ab4ee9a5c65,dbb00897-88a6-4e66-bf2b-d540c730bdb9,0.7544555550540748,0.6,19.0,0.2508221649215657,0.6,0.9518329178984374,0.4047620165937216,0.0,3.0,4.0,1
f1c523d9-7edf-4fff-af25-5ab4ee9a5c65,b939da7f-028e-4294-87a9-cae844ef2396,0.7544555550540748,0.6,19.0,0.2508221649215657,1.0,0.28159591151234475,0.3654017291850822,1.0,2.0,3.0,0
f1c523d9-7edf-4fff-af25-5ab4ee9a5c65,bf54fdb0-6d82-479e-a9d5-78fc64767a17,0.7544555550540748,0.6,19.0,0.2508221649215657,0.2,0.17614837616217327,0.6505421545039386,1.0,4.0,6.0,1
f1c523d9-7edf-4fff-af25-5ab4ee9a5c65,e8df6458-6771-4ac9-9072-87c3e1750d40,0.7544555550540748,0.6,19.0,0.2508221649215657,0.2,0.43364799363262085,0.28863566461256474,0.0,3.0,4.0,0
f1c523d9-7edf-4fff-af25-5ab4ee9a5c65,2f70d43e-6f07-4505-9201-cce02cbbe2f9,0.7544555550540748,0.6,19.0,0.2508221649215657,0.2,0.9098855720694773,0.2703699432968346,0.0,2.0,0.0,0
f1c523d9-7edf-4fff-af25-5ab4ee9a5c65,84c440d3-55ef-46aa-abeb-ca96e8632be9,0.7544555550540748,0.6,19.0,0.2508221649215657,0.6,0.5539423499120992,0.05768859541460958,0.6,0.0,4.0,1
f1c523d9-7edf-4fff-af25-5ab4ee9a5c65,b08e025f-b00e-487d-9769-6e771d335fcd,0.7544555550540748,0.6,19.0,0.2508221649215657,0.6,0.35587631985892465,0.5051778789164922,0.3,3.0,3.0,0
f1c523d9-7edf-4fff-af25-5ab4ee9a5c65,3e875754-69cd-4fee-94a5-57d6da42ef91,0.7544555550540748,0.6,19.0,0.2508221649215657,0.2,0.2450411346868676,0.8598019829721676,0.3,3.0,1.0,1
f1c523d9-7edf-4fff-af25-5ab4ee9a5c65,27de15b7-4423-4163-9a52-27eba3556133,0.7544555550540748,0.6,19.0,0.2508221649215657,0.2,0.8025233861040034,0.45458734247358457,0.6,4.0,6.0,1
f1c523d9-7edf-4fff-af25-5ab4ee9a5c65,4ba8e189-dadf-4dd5-b53d-7c4e20e6a1b9,0.7544555550540748,0.6,19.0,0.2508221649215657,1.0,0.4261308026245366,0.5885791737632688,0.3,2.0,5.0,0
f1c523d9-7edf-4fff-af25-5ab4ee9a5c65,299e9ca4-b5a4-4951-88ff-3985383763f0,0.7544555550540748,0.6,19.0,0.2508221649215657,0.2,0.7548560181125934,0.465904244394832,0.6,1.0,6.0,1
f1c523d9-7edf-4fff-af25-5ab4ee9a5c65,19e80ef1-4224-4720-a093-1f15d029cdae,0.7544555550540748,0.6,19.0,0.2508221649215657,1.0,0.8175424886601043,0.7192671703216541,0.6,5.0,3.0,1
f1c523d9-7edf-4fff-af25-5ab4ee9a5c65,694b0a7e-d4bd-489d-991e-0fc7e0b7eae9,0.7544555550540748,0.6,19.0,0.2508221649215657,0.6,0.3343722183141432,0.2359196929431705,1.0,1.0,2.0,1
f1c523d9-7edf-4fff-af25-5ab4ee9a5c65,42438319-d9cd-4491-91c4-7e8df4051b62,0.7544555550540748,0.6,19.0,0.2508221649215657,0.2,0.6023180626659986,0.9806347370894578,0.0,0.0,1.0,1
af088541-7117-4c26-84c5-a9511cf8a3b9,c0831cb8-2671-4f2e-9498-e74d21da6f33,0.4671335005545757,0.6,16.0,0.40113129598545055,0.2,0.678838712580165,0.49622340240440477,1.0,5.0,3.0,1
af088541-7117-4c26-84c5-a9511cf8a3b9,33aa1631-5d42-4228-84c3-639ac72cf903,0.4671335005545757,0.6,16.0,0.40113129598545055,1.0,0.20605411083785363,0.7031088164784068,0.3,0.0,3.0,0
af088541-7117-4c26-84c5-a9511cf8a3b9,6059807a-e497-4a84-9074-8799b7986611,0.4671335005545757,0.6,16.0,0.40113129598545055,0.6,0.4781895633511416,0.7748754537301457,0.0,2.0,3.0,1
af088541-7117-4c26-84c5-a9511cf8a3b9,6a40cbad-655b-4606-9b92-d053c779e9a1,0.4671335005545757,0.6,16.0,0.40113129598545055,0.2,0.7251468800412657,0.941344002350994,0.0,1.0,0.0,1
af088541-7117-4c26-84c5-a9511cf8a3b9,425b9a2c-d3c2-418b-8da0-71ea5c07dd63,0.4671335005545757,0.6,16.0,0.40113129598545055,0.2,0.5351171693089606,0.9651204126148089,0.0,3.0,1.0,0
af088541-7117-4c26-84c5-a9511cf8a3b9,e33220eb-1aa5-4702-8b7f-82096cbf244c,0.4671335005545757,0.6,16.0,0.40113129598545055,0.2,0.8045091416614435,0.9303962480539164,0.0,0.0,0.0,0
af088541-7117-4c26-84c5-a9511cf8a3b9,c5beb2bc-7876-4318-b66a-dab1f0815f72,0.4671335005545757,0.6,16.0,0.40113129598545055,0.6,0.40881718791361676,0.5939586390142232,0.0,3.0,1.0,1
af088541-7117-4c26-84c5-a9511cf8a3b9,fb36e3d1-7446-45e0-9d41-48f394b60fa9,0.4671335005545757,0.6,16.0,0.40113129598545055,0.6,0.6937735815060089,0.32932384475875576,0.0,5.0,6.0,0
af088541-7117-4c26-84c5-a9511cf8a3b9,8d5761d4-efd9-4f9b-a561-e385778a1505,0.4671335005545757,0.6,16.0,0.40113129598545055,0.2,0.5667301021003356,0.19240837052962323,0.3,3.0,3.0,1
af088541-7117-4c26-84c5-a9511cf8a3b9,160450d5-9356-496d-a71d-78413a2828c7,0.4671335005545757,0.6,16.0,0.40113129598545055,0.2,0.6437789001540966,0.8506322574276396,1.0,1.0,5.0,0
af088541-7117-4c26-84c5-a9511cf8a3b9,f99793e2-bf1f-4652-b717-b380cf1b82d9,0.4671335005545757,0.6,16.0,0.40113129598545055,1.0,0.3478973552809047,0.15349034844890785,0.0,4.0,0.0,0
af088541-7117-4c26-84c5-a9511cf8a3b9,382dc6cd-e931-4c06-8335-e8acc1df4c50,0.4671335005545757,0.6,16.0,0.40113129598545055,0.2,0.558623921637297,0.1308595947819554,1.0,2.0,0.0,1
af088541-7117-4c26-84c5-a9511cf8a3b9,dfb0809f-a08c-4519-85d0-1f790e6cd5d9,0.4671335005545757,0.6,16.0,0.40113129598545055,1.0,0.12996439027292325,0.8581884567519729,1.0,1.0,5.0,1
af088541-7117-4c26-84c5-a9511cf8a3b9,775861d5-545e-4ddf-b332-3aabb9bd0e76,0.4671335005545757,0.6,16.0,0.40113129598545055,1.0,0.8513642364331833,0.05300666587800451,0.6,4.0,0.0,0
af088541-7117-4c26-84c5-a9511cf8a3b9,6c5eaa38-0652-4762-8f1b-fcb80dbf8936,0.4671335005545757,0.6,16.0,0.40113129598545055,0.6,0.23950518641691337,0.7304636636619138,0.6,4.0,6.0,0
af088541-7117-4c26-84c5-a9511cf8a3b9,b02c207c-3d8f-47d1-94d5-ea09db74e5c8,0.4671335005545757,0.6,16.0,0.40113129598545055,0.6,0.3575527172065134,0.7990422256936793,0.3,2.0,6.0,1
af088541-7117-4c26-84c5-a9511cf8a3b9,34aadaae-a82c-41a6-b6ac-2ab4f11a8047,0.4671335005545757,0.6,16.0,0.40113129598545055,0.2,0.11867463394112543,0.26611592959755015,0.6,5.0,4.0,0
af088541-7117-4c26-84c5-a9511cf8a3b9,e2cc89a7-6e52-40e3-8411-87a3295c8a0e,0.4671335005545757,0.6,16.0,0.40113129598545055,0.2,0.3237254478661281,0.030381800897473776,0.3,0.0,2.0,0
af088541-7117-4c26-84c5-a9511cf8a3b9,fe560b2d-9461-419f-952d-3526d1d58cc6,0.4671335005545757,0.6,16.0,0.40113129598545055,1.0,0.582611192457266,0.5549319795003286,0.0,1.0,3.0,0
af088541-7117-4c26-84c5-a9511cf8a3b9,dbb00897-88a6-4e66-bf2b-d540c730bdb9,0.4671335005545757,0.6,16.0,0.40113129598545055,0.6,0.9518329178984374,0.4047620165937216,0.0,3.0,5.0,0
af088541-7117-4c26-84c5-a9511cf8a3b9,68ffa0bd-b298-4476-a51a-141035550fd6,0.4671335005545757,0.6,16.0,0.40113129598545055,1.0,0.7873450415195071,0.20198131932556307,0.3,5.0,1.0,1
af088541-7117-4c26-84c5-a9511cf8a3b9,72e21539-04f0-470f-b69d-9a418f7ff37b,0.4671335005545757,0.6,16.0,0.40113129598545055,0.2,0.6144010067276086,0.8682015664155024,0.6,4.0,2.0,1
af088541-7117-4c26-84c5-a9511cf8a3b9,06deada8-30c5-413b-9c3c-714dac3f16dc,0.4671335005545757,0.6,16.0,0.40113129598545055,1.0,0.35763710304451657,0.8208832504363414,1.0,1.0,4.0,0
af088541-7117-4c26-84c5-a9511cf8a3b9,b306c2e8-e14e-48ab-ba50-0a1e2c26a1c9,0.4671335005545757,0.6,16.0,0.40113129598545055,0.2,0.3501289126422822,0.7428895955658196,0.3,4.0,6.0,1
af088541-7117-4c26-84c5-a9511cf8a3b9,b02c207c-3d8f-47d1-94d5-ea09db74e5c8,0.4671335005545757,0.6,16.0,0.40113129598545055,0.6,0.3575527172065134,0.7990422256936793,0.3,3.0,2.0,0
af088541-7117-4c26-84c5-a9511cf8a3b9,06497e85-86a1-47f4-bbdd-a5f778924253,0.4671335005545757,0.6,16.0,0.40113129598545055,0.2,0.19052222599951962,0.20137632619118384,0.3,0.0,6.0,1
af088541-7117-4c26-84c5-a9511cf8a3b9,61f8b793-eb21-415f-be6a-1dace64c1dab,0.4671335005545757,0.6,16.0,0.40113129598545055,0.2,0.5789373941878594,0.5534783138488689,0.0,0.0,4.0,0
af088541-7117-4c26-84c5-a9511cf8a3b9,27de15b7-4423-4163-9a52-27eba3556133,0.4671335005545757,0.6,16.0,0.40113129598545055,0.2,0.8025233861040034,0.45458734247358457,0.6,2.0,5.0,0
af088541-7117-4c26-84c5-a9511cf8a3b9,3c045d5e-db0b-42a4-8b36-5a8f0192e0a9,0.4671335005545757,0.6,16.0,0.40113129598545055,0.6,0.9703557392871628,0.4741186336216032,0.3,1.0,4.0,0
af088541-7117-4c26-84c5-a9511cf8a3b9,18c8f5c0-62d6-4353-8121-04a82ac26ed8,0.4671335005545757,0.6,16.0,0.40113129598545055,1.0,0.14611128000847454,0.5869443165834576,0.3,4.0,2.0,0
af088541-7117-4c26-84c5-a9511cf8a3b9,19e80ef1-4224-4720-a093-1f15d029cdae,0.4671335005545757,0.6,16.0,0.40113129598545055,1.0,0.8175424886601043,0.7192671703216541,0.6,0.0,4.0,1
af088541-7117-4c26-84c5-a9511cf8a3b9,7e5fb408-a839-4c94-af31-f8f846c10b16,0.4671335005545757,0.6,16.0,0.40113129598545055,0.6,0.3750883081968893,0.7913034251586659,1.0,1.0,6.0,1
af088541-7117-4c26-84c5-a9511cf8a3b9,5c1d0582-adee-41cb-bbe3-230e78acd299,0.4671335005545757,0.6,16.0,0.40113129598545055,0.6,0.13442713841525677,0.8039132575143135,1.0,0.0,0.0,0
af088541-7117-4c26-84c5-a9511cf8a3b9,90b5993b-1b5d-4363-8738-1f1566b34091,0.4671335005545757,0.6,16.0,0.40113129598545055,0.2,0.20193175818065728,0.8491249460757495,1.0,4.0,4.0,1
af088541-7117-4c26-84c5-a9511cf8a3b9,85ca56ac-d00f-4985-9a10-09bdbdcf0764,0.4671335005545757,0.6,16.0,0.40113129598545055,1.0,0.7672921606674585,0.4762417440869502,0.3,1.0,4.0,1
af088541-7117-4c26-84c5-a9511cf8a3b9,8d5761d4-efd9-4f9b-a561-e385778a1505,0.4671335005545757,0.6,16.0,0.40113129598545055,0.2,0.5667301021003356,0.19240837052962323,0.3,5.0,3.0,0
af088541-7117-4c26-84c5-a9511cf8a3b9,dd23fd07-88e1-462e-bc3b-00e51b7428ff,0.4671335005545757,0.6,16.0,0.40113129598545055,0.2,0.9167390499607783,0.453942637731402,1.0,5.0,0.0,0
af088541-7117-4c26-84c5-a9511cf8a3b9,9f019ca3-6a4d-4f1c-8cfd-4fc983011cd8,0.4671335005545757,0.6,16.0,0.40113129598545055,0.6,0.8592879525285462,0.4771610349793223,0.6,2.0,6.0,0
af088541-7117-4c26-84c5-a9511cf8a3b9,2e56c0c7-a2d4-4606-8362-ead47ba989cf,0.4671335005545757,0.6,16.0,0.40113129598545055,1.0,0.9838404823093492,0.5555768002260758,0.0,4.0,0.0,0
af088541-7117-4c26-84c5-a9511cf8a3b9,f4511c0e-1907-4564-85be-6208646f9403,0.4671335005545757,0.6,16.0,0.40113129598545055,0.6,0.9737144331912416,0.8489993802384885,0.3,1.0,4.0,0
2a5833b2-a740-46a8-83c7-1f44176cb8c1,88e79e28-8590-4873-baf3-158ade3d3e32,0.5872581273507013,0.2,3.0,0.7453682952212599,1.0,0.9148647291612199,0.12864998776038128,0.0,3.0,1.0,0
2a5833b2-a740-46a8-83c7-1f44176cb8c1,6df290df-6194-497e-9997-fd6713e1435f,0.5872581273507013,0.2,3.0,0.7453682952212599,1.0,0.7637061762371852,0.8809980926459479,0.6,5.0,1.0,0
2a5833b2-a740-46a8-83c7-1f44176cb8c1,fe560b2d-9461-419f-952d-3526d1d58cc6,0.5872581273507013,0.2,3.0,0.7453682952212599,1.0,0.582611192457266,0.5549319795003286,0.0,5.0,4.0,0
2a5833b2-a740-46a8-83c7-1f44176cb8c1,89df2650-7e95-4104-8f42-5cb62ffb481a,0.5872581273507013,0.2,3.0,0.7453682952212599,0.2,0.29630278019401196,0.3424606722909498,0.0,0.0,1.0,1
2a5833b2-a740-46a8-83c7-1f44176cb8c1,0b449292-cc57-4b11-94d1-9d0d6fdf931d,0.5872581273507013,0.2,3.0,0.7453682952212599,0.2,0.24562239677446035,0.4286144615110886,0.6,2.0,5.0,0
2a5833b2-a740-46a8-83c7-1f44176cb8c1,cd408280-465f-4896-b05f-85290441236d,0.5872581273507013,0.2,3.0,0.7453682952212599,1.0,0.22129010421141973,0.167964745667194,0.6,2.0,2.0,0
2a5833b2-a740-46a8-83c7-1f44176cb8c1,042f11d0-6ddd-4561-8c2c-5e00545a621e,0.5872581273507013,0.2,3.0,0.7453682952212599,1.0,0.7872798003899497,0.9285445017428434,0.6,3.0,6.0,0
2a5833b2-a740-46a8-83c7-1f44176cb8c1,160450d5-9356-496d-a71d-78413a2828c7,0.5872581273507013,0.2,3.0,0.7453682952212599,0.2,0.6437789001540966,0.8506322574276396,1.0,4.0,1.0,1
2a5833b2-a740-46a8-83c7-1f44176cb8c1,f99793e2-bf1f-4652-b717-b380cf1b82d9,0.5872581273507013,0.2,3.0,0.7453682952212599,1.0,0.3478973552809047,0.15349034844890785,0.0,5.0,2.0,0
2a5833b2-a740-46a8-83c7-1f44176cb8c1,61ae4cd0-4feb-4315-9993-55959a8ab125,0.5872581273507013,0.2,3.0,0.7453682952212599,0.6,0.5247340762216478,0.34315624408831924,0.0,0.0,5.0,1
2a5833b2-a740-46a8-83c7-1f44176cb8c1,5b598b97-310b-48b1-a31c-086e59102b7b,0.5872581273507013,0.2,3.0,0.7453682952212599,0.2,0.7003193052156396,0.8859898883469448,0.0,4.0,1.0,1
2a5833b2-a740-46a8-83c7-1f44176cb8c1,be7b953b-bf68-42e7-957e-b6f8f29af69d,0.5872581273507013,0.2,3.0,0.7453682952212599,1.0,0.6945243897343877,0.4669732371344246,1.0,1.0,1.0,1
2a5833b2-a740-46a8-83c7-1f44176cb8c1,775861d5-545e-4ddf-b332-3aabb9bd0e76,0.5872581273507013,0.2,3.0,0.7453682952212599,1.0,0.8513642364331833,0.05300666587800451,0.6,4.0,4.0,0
2a5833b2-a740-46a8-83c7-1f44176cb8c1,b02c207c-3d8f-47d1-94d5-ea09db74e5c8,0.5872581273507013,0.2,3.0,0.7453682952212599,0.6,0.3575527172065134,0.7990422256936793,0.3,0.0,0.0,1
2a5833b2-a740-46a8-83c7-1f44176cb8c1,6e8ca283-10c7-434c-826a-837f38ec5444,0.5872581273507013,0.2,3.0,0.7453682952212599,0.2,0.6513768543337128,0.6342982912007427,1.0,2.0,4.0,1
2a5833b2-a740-46a8-83c7-1f44176cb8c1,be7b953b-bf68-42e7-957e-b6f8f29af69d,0.5872581273507013,0.2,3.0,0.7453682952212599,1.0,0.6945243897343877,0.4669732371344246,1.0,0.0,4.0,0
2a5833b2-a740-46a8-83c7-1f44176cb8c1,f4511c0e-1907-4564-85be-6208646f9403,0.5872581273507013,0.2,3.0,0.7453682952212599,0.6,0.9737144331912416,0.8489993802384885,0.3,5.0,2.0,1
2a5833b2-a740-46a8-83c7-1f44176cb8c1,2f2c32fa-6e32-4764-b476-b6f9b3cc5cd7,0.5872581273507013,0.2,3.0,0.7453682952212599,0.2,0.13396258547827183,0.29306867008666404,0.0,0.0,4.0,1
2a5833b2-a740-46a8-83c7-1f44176cb8c1,2f2c32fa-6e32-4764-b476-b6f9b3cc5cd7,0.5872581273507013,0.2,3.0,0.7453682952212599,0.2,0.13396258547827183,0.29306867008666404,0.0,3.0,0.0,0
2a5833b2-a740-46a8-83c7-1f44176cb8c1,7cae5725-f4a7-4615-ab21-00fad572f2f3,0.5872581273507013,0.2,3.0,0.7453682952212599,1.0,0.8991240703271256,0.15308566915688449,0.3,2.0,6.0,0
2a5833b2-a740-46a8-83c7-1f44176cb8c1,fccbd80d-e8cc-4cf0-adb9-85c0aa640f7f,0.5872581273507013,0.2,3.0,0.7453682952212599,1.0,0.7950919292205237,0.850748587791265,0.0,1.0,5.0,0
2a5833b2-a740-46a8-83c7-1f44176cb8c1,1b648ad6-0817-4f80-a7aa-9a94a583454e,0.5872581273507013,0.2,3.0,0.7453682952212599,1.0,0.9167464792916038,0.10114468166917334,0.0,5.0,6.0,1
2a5833b2-a740-46a8-83c7-1f44176cb8c1,172d7aba-b1e9-40bf-b1cb-cf4e91d5184a,0.5872581273507013,0.2,3.0,0.7453682952212599,1.0,0.8526659690466724,0.6328103281975677,0.6,0.0,2.0,1
2a5833b2-a740-46a8-83c7-1f44176cb8c1,3fb0a35d-d0bf-4534-9f63-995064c4e8af,0.5872581273507013,0.2,3.0,0.7453682952212599,0.2,0.4877773325800844,0.17627426660923395,0.3,5.0,1.0,0
2a5833b2-a740-46a8-83c7-1f44176cb8c1,6670ddb8-85fa-45e6-9af6-91adbac350a8,0.5872581273507013,0.2,3.0,0.7453682952212599,1.0,0.5273671033049591,0.12936862090556023,0.0,3.0,6.0,0
2a5833b2-a740-46a8-83c7-1f44176cb8c1,f2d9a85b-88a4-4950-96c1-3a460d8c8fab,0.5872581273507013,0.2,3.0,0.7453682952212599,1.0,0.3746902350991088,0.34879260140220214,0.3,3.0,2.0,1
2a5833b2-a740-46a8-83c7-1f44176cb8c1,153e892c-7403-48b3-b3e5-7a4444a6af33,0.5872581273507013,0.2,3.0,0.7453682952212599,1.0,0.268440635924974,0.5517497858340187,0.3,0.0,3.0,1
2a5833b2-a740-46a8-83c7-1f44176cb8c1,c0fc8404-31a2-4e51-8d19-2dec5d8f3a52,0.5872581273507013,0.2,3.0,0.7453682952212599,1.0,0.7233296207802987,0.9797696833559353,1.0,2.0,0.0,0
2a5833b2-a740-46a8-83c7-1f44176cb8c1,7e5fb408-a839-4c94-af31-f8f846c10b16,0.5872581273507013,0.2,3.0,0.7453682952212599,0.6,0.3750883081968893,0.7913034251586659,1.0,1.0,3.0,1
2a5833b2-a740-46a8-83c7-1f44176cb8c1,8618c927-9c33-4057-8bfe-9828bd93601a,0.5872581273507013,0.2,3.0,0.7453682952212599,0.6,0.22804722680585615,0.021203888490483047,0.6,1.0,4.0,0
2a5833b2-a740-46a8-83c7-1f44176cb8c1,1e9ac78a-0ad3-4758-94d2-679a7c60a672,0.5872581273507013,0.2,3.0,0.7453682952212599,0.6,0.1486437037821284,0.8157193928134632,0.6,1.0,0.0,1
2a5833b2-a740-46a8-83c7-1f44176cb8c1,8e97dadb-1a1b-42b9-ab2b-901aa2169415,0.5872581273507013,0.2,3.0,0.7453682952212599,0.6,0.4258214568056816,0.9395878832020562,1.0,0.0,0.0,1
2a5833b2-a740-46a8-83c7-1f44176cb8c1,b9638733-3416-47d7-b548-7e0af0dbe65f,0.5872581273507013,0.2,3.0,0.7453682952212599,0.2,0.7200468573060492,0.4981514611185579,0.6,1.0,2.0,1
2a5833b2-a740-46a8-83c7-1f44176cb8c1,b7334163-6b0b-4be1-b584-94370f17d451,0.5872581273507013,0.2,3.0,0.7453682952212599,1.0,0.6214743123780008,0.24793030815786732,0.6,1.0,2.0,0
2a5833b2-a740-46a8-83c7-1f44176cb8c1,cd408280-465f-4896-b05f-85290441236d,0.5872581273507013,0.2,3.0,0.7453682952212599,1.0,0.22129010421141973,0.167964745667194,0.6,4.0,1.0,0
2a5833b2-a740-46a8-83c7-1f44176cb8c1,5e04770f-4a25-48a2-ad93-cef1ed97d455,0.5872581273507013,0.2,3.0,0.7453682952212599,1.0,0.6810890391339975,0.862719881758954,0.3,1.0,5.0,0
2a5833b2-a740-46a8-83c7-1f44176cb8c1,d879a756-cb6b-4026-a00a-656051801b5f,0.5872581273507013,0.2,3.0,0.7453682952212599,1.0,0.19670829855613808,0.6495454402345533,1.0,0.0,5.0,0
2a5833b2-a740-46a8-83c7-1f44176cb8c1,5ac7df38-e13e-4ddf-ac1d-8bd8825c2903,0.5872581273507013,0.2,3.0,0.7453682952212599,0.2,0.5606417702241059,0.9155246766150124,0.0,2.0,0.0,0
2a5833b2-a740-46a8-83c7-1f44176cb8c1,b7334163-6b0b-4be1-b584-94370f17d451,0.5872581273507013,0.2,3.0,0.7453682952212599,1.0,0.6214743123780008,0.24793030815786732,0.6,3.0,3.0,1
2a5833b2-a740-46a8-83c7-1f44176cb8c1,4a47a28f-ebfe-4e2c-b5a5-219b771c2344,0.5872581273507013,0.2,3.0,0.7453682952212599,1.0,0.886582543106834,0.6746693780314743,0.3,1.0,1.0,0
f245c5f9-4bf4-40ad-8d2c-c33f21fcf585,e45bd99d-504e-4e64-83b1-c517b6b084cf,0.5758792312861566,0.6,20.0,0.4721403784248362,1.0,0.2973675063752232,0.26685392748809267,0.0,3.0,4.0,1
f245c5f9-4bf4-40ad-8d2c-c33f21fcf585,dd77c881-c04d-4f99-9177-d94ef20adb4f,0.5758792312861566,0.6,20.0,0.4721403784248362,0.6,0.616612541041993,0.6647291139113415,0.0,3.0,4.0,1
f245c5f9-4bf4-40ad-8d2c-c33f21fcf585,3e8780dc-c7a9-4934-8e6f-110d379812e4,0.5758792312861566,0.6,20.0,0.4721403784248362,1.0,0.5060570262278341,0.2300402347272693,0.6,1.0,0.0,0
f245c5f9-4bf4-40ad-8d2c-c33f21fcf585,8155e67e-e6b6-4564-9fbc-a422dfbb4728,0.5758792312861566,0.6,20.0,0.4721403784248362,0.2,0.3282195111753295,0.7588859461800079,0.0,0.0,3.0,1
f245c5f9-4bf4-40ad-8d2c-c33f21fcf585,3c045d5e-db0b-42a4-8b36-5a8f0192e0a9,0.5758792312861566,0.6,20.0,0.4721403784248362,0.6,0.9703557392871628,0.4741186336216032,0.3,5.0,2.0,0
f245c5f9-4bf4-40ad-8d2c-c33f21fcf585,aaf45fe2-a218-49a4-8030-1b040505fcc2,0.5758792312861566,0.6,20.0,0.4721403784248362,0.2,0.36982601339710064,0.6947724975849392,0.3,0.0,0.0,0
f245c5f9-4bf4-40ad-8d2c-c33f21fcf585,c5beb2bc-7876-4318-b66a-dab1f0815f72,0.5758792312861566,0.6,20.0,0.4721403784248362,0.6,0.40881718791361676,0.5939586390142232,0.0,1.0,3.0,0
f245c5f9-4bf4-40ad-8d2c-c33f21fcf585,7b512031-30a6-4d3c-8e53-4acf4b15efd9,0.5758792312861566,0.6,20.0,0.4721403784248362,0.6,0.20961141822392887,0.22555703805048077,1.0,3.0,6.0,1
f245c5f9-4bf4-40ad-8d2c-c33f21fcf585,382dc6cd-e931-4c06-8335-e8acc1df4c50,0.5758792312861566,0.6,20.0,0.4721403784248362,0.2,0.558623921637297,0.1308595947819554,1.0,4.0,3.0,0
f245c5f9-4bf4-40ad-8d2c-c33f21fcf585,06f5b296-916f-4c42-aec7-d6f62bba9d9b,0.5758792312861566,0.6,20.0,0.4721403784248362,0.2,0.3223108679637023,0.4183220717622109,1.0,1.0,4.0,1
f245c5f9-4bf4-40ad-8d2c-c33f21fcf585,f02458a6-6ff7-47a1-8e01-b8ff21f7812d,0.5758792312861566,0.6,20.0,0.4721403784248362,0.2,0.336680938116936,0.2620493339390677,0.6,0.0,2.0,1
f245c5f9-4bf4-40ad-8d2c-c33f21fcf585,6194ece5-783c-4da7-bdc5-d5536c904afd,0.5758792312861566,0.6,20.0,0.4721403784248362,0.6,0.6048572623235224,0.928472011746639,0.3,1.0,4.0,1
f245c5f9-4bf4-40ad-8d2c-c33f21fcf585,7d674302-c495-4faa-b60b-2f991e7f10b1,0.5758792312861566,0.6,20.0,0.4721403784248362,0.6,0.6945598719886059,0.6688730857607941,1.0,3.0,6.0,0
f245c5f9-4bf4-40ad-8d2c-c33f21fcf585,74e91ec2-7e97-4477-a254-e11129eee045,0.5758792312861566,0.6,20.0,0.4721403784248362,1.0,0.4127752338799551,0.9613455666412534,0.3,1.0,1.0,0
f245c5f9-4bf4-40ad-8d2c-c33f21fcf585,34df5d01-15ed-49be-beaf-1edba5ce73f3,0.5758792312861566,0.6,20.0,0.4721403784248362,0.2,0.570771685431961,0.8647552667165631,0.3,0.0,5.0,0
f245c5f9-4bf4-40ad-8d2c-c33f21fcf585,139389de-ef52-4a31-a3a6-711cb26f1f6a,0.5758792312861566,0.6,20.0,0.4721403784248362,0.2,0.6569353768626665,0.927362807810403,1.0,3.0,1.0,1
f245c5f9-4bf4-40ad-8d2c-c33f21fcf585,5a34f357-525c-4e8c-9761-fca6c5ef4a54,0.5758792312861566,0.6,20.0,0.4721403784248362,1.0,0.32612342892093527,0.37000647225331373,0.3,4.0,2.0,1
f245c5f9-4bf4-40ad-8d2c-c33f21fcf585,34df5d01-15ed-49be-beaf-1edba5ce73f3,0.5758792312861566,0.6,20.0,0.4721403784248362,0.2,0.570771685431961,0.8647552667165631,0.3,4.0,4.0,1
f245c5f9-4bf4-40ad-8d2c-c33f21fcf585,34df5d01-15ed-49be-beaf-1edba5ce73f3,0.5758792312861566,0.6,20.0,0.4721403784248362,0.2,0.570771685431961,0.8647552667165631,0.3,2.0,5.0,1
f245c5f9-4bf4-40ad-8d2c-c33f21fcf585,8bf86bf8-6510-4e3c-a240-21e3b94e264e,0.5758792312861566,0.6,20.0,0.4721403784248362,0.6,0.9444299160166787,0.9759914132168259,0.0,3.0,6.0,0
f245c5f9-4bf4-40ad-8d2c-c33f21fcf585,f02458a6-6ff7-47a1-8e01-b8ff21f7812d,0.5758792312861566,0.6,20.0,0.4721403784248362,0.2,0.336680938116936,0.2620493339390677,0.6,2.0,0.0,0
f245c5f9-4bf4-40ad-8d2c-c33f21fcf585,2767a00e-73cb-4ec0-8f10-1f2685529dd8,0.5758792312861566,0.6,20.0,0.4721403784248362,0.2,0.14774330715500755,0.17529814661096454,0.3,1.0,2.0,1
f245c5f9-4bf4-40ad-8d2c-c33f21fcf585,c4200dd0-0628-49ac-a3d4-9cafb23a3f7c,0.5758792312861566,0.6,20.0,0.4721403784248362,0.6,0.23204019132352335,0.14567973078804342,0.3,2.0,3.0,1
f245c5f9-4bf4-40ad-8d2c-c33f21fcf585,b306c2e8-e14e-48ab-ba50-0a1e2c26a1c9,0.5758792312861566,0.6,20.0,0.4721403784248362,0.2,0.3501289126422822,0.7428895955658196,0.3,1.0,6.0,1
f245c5f9-4bf4-40ad-8d2c-c33f21fcf585,9d28a4ed-19ea-45ff-8c87-cd755a39633c,0.5758792312861566,0.6,20.0,0.4721403784248362,1.0,0.9699569764835101,0.3864034459374597,1.0,4.0,4.0,0
f245c5f9-4bf4-40ad-8d2c-c33f21fcf585,84c440d3-55ef-46aa-abeb-ca96e8632be9,0.5758792312861566,0.6,20.0,0.4721403784248362,0.6,0.5539423499120992,0.05768859541460958,0.6,4.0,1.0,1
f245c5f9-4bf4-40ad-8d2c-c33f21fcf585,bb149053-41e0-46bd-ae04-d392610b827f,0.5758792312861566,0.6,20.0,0.4721403784248362,1.0,0.9892289095536471,0.5376980874726343,0.3,5.0,6.0,0
f245c5f9-4bf4-40ad-8d2c-c33f21fcf585,b08c5e45-1706-4711-993f-50cbf58e2335,0.5758792312861566,0.6,20.0,0.4721403784248362,0.6,0.7901117853804409,0.22604311984039915,0.0,5.0,5.0,0
f245c5f9-4bf4-40ad-8d2c-c33f21fcf585,694b0a7e-d4bd-489d-991e-0fc7e0b7eae9,0.5758792312861566,0.6,20.0,0.4721403784248362,0.6,0.3343722183141432,0.2359196929431705,1.0,3.0,1.0,1
f245c5f9-4bf4-40ad-8d2c-c33f21fcf585,1e0eed17-c905-405d-992d-8f226b5d3e6b,0.5758792312861566,0.6,20.0,0.4721403784248362,0.6,0.4397816989523534,0.9351795022685058,0.0,0.0,2.0,1
f245c5f9-4bf4-40ad-8d2c-c33f21fcf585,9ef9ff12-8bfc-4d55-ba1e-d4fa03792c95,0.5758792312861566,0.6,20.0,0.4721403784248362,0.2,0.482599597367356,0.7341152293318791,0.0,1.0,0.0,0
f245c5f9-4bf4-40ad-8d2c-c33f21fcf585,72e21539-04f0-470f-b69d-9a418f7ff37b,0.5758792312861566,0.6,20.0,0.4721403784248362,0.2,0.6144010067276086,0.8682015664155024,0.6,4.0,3.0,0
f245c5f9-4bf4-40ad-8d2c-c33f21fcf585,1e9ac78a-0ad3-4758-94d2-679a7c60a672,0.5758792312861566,0.6,20.0,0.4721403784248362,0.6,0.1486437037821284,0.8157193928134632,0.6,3.0,3.0,0
f245c5f9-4bf4-40ad-8d2c-c33f21fcf585,a32c33b9-2ae0-4565-b4cd-8c363bd2dbb1,0.5758792312861566,0.6,20.0,0.4721403784248362,0.6,0.4675427346881219,0.5919389716094521,0.3,5.0,2.0,0
f245c5f9-4bf4-40ad-8d2c-c33f21fcf585,8618c927-9c33-4057-8bfe-9828bd93601a,0.5758792312861566,0.6,20.0,0.4721403784248362,0.6,0.22804722680585615,0.021203888490483047,0.6,4.0,4.0,0
f245c5f9-4bf4-40ad-8d2c-c33f21fcf585,547da744-4911-48fa-9b2f-1b550cf8ac17,0.5758792312861566,0.6,20.0,0.4721403784248362,1.0,0.45632620168229077,0.11858678619598295,1.0,4.0,0.0,0
f245c5f9-4bf4-40ad-8d2c-c33f21fcf585,6c5eaa38-0652-4762-8f1b-fcb80dbf8936,0.5758792312861566,0.6,20.0,0.4721403784248362,0.6,0.23950518641691337,0.7304636636619138,0.6,1.0,4.0,0
f245c5f9-4bf4-40ad-8d2c-c33f21fcf585,06f5b296-916f-4c42-aec7-d6f62bba9d9b,0.5758792312861566,0.6,20.0,0.4721403784248362,0.2,0.3223108679637023,0.4183220717622109,1.0,4.0,3.0,0
f245c5f9-4bf4-40ad-8d2c-c33f21fcf585,7bf57e1f-8d6e-4525-9822-40fe99cb92db,0.5758792312861566,0.6,20.0,0.4721403784248362,0.6,0.646849787279288,0.8371345930324872,0.6,1.0,2.0,0
f245c5f9-4bf4-40ad-8d2c-c33f21fcf585,e8df6458-6771-4ac9-9072-87c3e1750d40,0.5758792312861566,0.6,20.0,0.4721403784248362,0.2,0.43364799363262085,0.28863566461256474,0.0,3.0,1.0,0
32631661-300e-41b7-972a-3e8c0edded8b,c777c23f-b2f3-4f1d-bbea-1e7286fac786,0.4054500900531983,0.2,14.0,0.20259625288138344,0.2,0.9597491309827612,0.04607692524933382,0.0,5.0,4.0,1
32631661-300e-41b7-972a-3e8c0edded8b,74148153-f45d-4239-a353-bd87a356743e,0.4054500900531983,0.2,14.0,0.20259625288138344,0.6,0.6999994035333063,0.6902791079691951,0.6,0.0,5.0,1
32631661-300e-41b7-972a-3e8c0edded8b,5939c634-d641-4ed7-8910-517780e88b75,0.4054500900531983,0.2,14.0,0.20259625288138344,0.6,0.7523652503478826,0.6850593430585846,0.3,5.0,4.0,0
32631661-300e-41b7-972a-3e8c0edded8b,0b680785-5c4e-4ff3-90da-a95bdb6ddea3,0.4054500900531983,0.2,14.0,0.20259625288138344,1.0,0.9476882864447816,0.37902629176285674,0.0,0.0,1.0,0
32631661-300e-41b7-972a-3e8c0edded8b,9ef9ff12-8bfc-4d55-ba1e-d4fa03792c95,0.4054500900531983,0.2,14.0,0.20259625288138344,0.2,0.482599597367356,0.7341152293318791,0.0,3.0,0.0,0
32631661-300e-41b7-972a-3e8c0edded8b,a8daf424-06ed-42c5-99ea-74a1e01591a9,0.4054500900531983,0.2,14.0,0.20259625288138344,0.6,0.6995840419204985,0.5852213104701965,0.0,5.0,5.0,1
32631661-300e-41b7-972a-3e8c0edded8b,0b680785-5c4e-4ff3-90da-a95bdb6ddea3,0.4054500900531983,0.2,14.0,0.20259625288138344,1.0,0.9476882864447816,0.37902629176285674,0.0,5.0,2.0,0
32631661-300e-41b7-972a-3e8c0edded8b,6cef895f-06aa-4942-bedd-72fff31eb379,0.4054500900531983,0.2,14.0,0.20259625288138344,0.2,0.8773089936408774,0.6446474280251517,1.0,4.0,1.0,1
32631661-300e-41b7-972a-3e8c0edded8b,f9e2c26a-8651-45e9-95ac-020bf84e5d87,0.4054500900531983,0.2,14.0,0.20259625288138344,1.0,0.5925107460897749,0.3638178643767461,0.6,2.0,4.0,0
32631661-300e-41b7-972a-3e8c0edded8b,a8daf424-06ed-42c5-99ea-74a1e01591a9,0.4054500900531983,0.2,14.0,0.20259625288138344,0.6,0.6995840419204985,0.5852213104701965,0.0,1.0,1.0,1
32631661-300e-41b7-972a-3e8c0edded8b,b939da7f-028e-4294-87a9-cae844ef2396,0.4054500900531983,0.2,14.0,0.20259625288138344,1.0,0.28159591151234475,0.3654017291850822,1.0,2.0,5.0,0
32631661-300e-41b7-972a-3e8c0edded8b,ad90952f-caf0-425d-8039-7263f702df91,0.4054500900531983,0.2,14.0,0.20259625288138344,0.2,0.9254823202465832,0.36840241779614114,0.0,0.0,1.0,1
32631661-300e-41b7-972a-3e8c0edded8b,0bc32369-5cc1-4c6e-9b9e-a0d6ad643532,0.4054500900531983,0.2,14.0,0.20259625288138344,0.6,0.6337720175795309,0.5219080741476771,1.0,0.0,3.0,0
32631661-300e-41b7-972a-3e8c0edded8b,92da4efc-92e2-4b63-a697-25a464242c2d,0.4054500900531983,0.2,14.0,0.20259625288138344,1.0,0.6595170148426077,0.9265692444764961,1.0,4.0,3.0,0
32631661-300e-41b7-972a-3e8c0edded8b,bcc862ed-ee8c-4519-bd6f-df3684168181,0.4054500900531983,0.2,14.0,0.20259625288138344,1.0,0.9327717807626915,0.3397410335113047,0.3,3.0,3.0,0
32631661-300e-41b7-972a-3e8c0edded8b,b8f55e48-9d55-4d28-bc80-497a7d36ac53,0.4054500900531983,0.2,14.0,0.20259625288138344,0.6,0.5364632049642664,0.9010207096938249,0.6,1.0,4.0,0
32631661-300e-41b7-972a-3e8c0edded8b,8d5761d4-efd9-4f9b-a561-e385778a1505,0.4054500900531983,0.2,14.0,0.20259625288138344,0.2,0.5667301021003356,0.19240837052962323,0.3,0.0,1.0,0
32631661-300e-41b7-972a-3e8c0edded8b,31a8a011-26d9-417f-9acd-2dc1aa620cb1,0.4054500900531983,0.2,14.0,0.20259625288138344,0.6,0.8578772412513512,0.31368145278296056,0.6,1.0,6.0,0
32631661-300e-41b7-972a-3e8c0edded8b,0279e518-1bb2-4b7d-adb3-74104bab7995,0.4054500900531983,0.2,14.0,0.20259625288138344,1.0,0.48298817741352884,0.6867808649438274,0.6,2.0,0.0,0
32631661-300e-41b7-972a-3e8c0edded8b,225af4bb-7dea-491a-b6ce-984e91ad99bf,0.4054500900531983,0.2,14.0,0.20259625288138344,0.2,0.954287099322196,0.3931698082459284,0.3,1.0,5.0,0
32631661-300e-41b7-972a-3e8c0edded8b,8d8bd000-8a84-4c8b-bdc8-797008544155,0.4054500900531983,0.2,14.0,0.20259625288138344,1.0,0.14606305453676433,0.13377939697072627,0.0,4.0,1.0,0
32631661-300e-41b7-972a-3e8c0edded8b,aaf45fe2-a218-49a4-8030-1b040505fcc2,0.4054500900531983,0.2,14.0,0.20259625288138344,0.2,0.36982601339710064,0.6947724975849392,0.3,0.0,0.0,1
32631661-300e-41b7-972a-3e8c0edded8b,a32c33b9-2ae0-4565-b4cd-8c363bd2dbb1,0.4054500900531983,0.2,14.0,0.20259625288138344,0.6,0.4675427346881219,0.5919389716094521,0.3,0.0,6.0,0
32631661-300e-41b7-972a-3e8c0edded8b,c192b11f-4447-40a2-80a6-390cd362dfa5,0.4054500900531983,0.2,14.0,0.20259625288138344,1.0,0.7363853294533637,0.9004772949138748,0.6,3.0,1.0,0
32631661-300e-41b7-972a-3e8c0edded8b,666c606e-4a7f-4e66-9fac-fbc0339d13f8,0.4054500900531983,0.2,14.0,0.20259625288138344,1.0,0.9652102148867648,0.8330892916579566,0.3,4.0,3.0,0
32631661-300e-41b7-972a-3e8c0edded8b,4c734813-4a8a-4ce6-81e5-fc4a2a5db3a2,0.4054500900531983,0.2,14.0,0.20259625288138344,0.6,0.10056769438917118,0.5730262898413426,0.3,0.0,4.0,0
32631661-300e-41b7-972a-3e8c0edded8b,29943de0-bf3c-49cd-84da-43ca10216d5a,0.4054500900531983,0.2,14.0,0.20259625288138344,1.0,0.24742902261843305,0.882207830248756,0.0,3.0,5.0,0
32631661-300e-41b7-972a-3e8c0edded8b,5c628898-abde-4c5b-8dc9-253bfab0c323,0.4054500900531983,0.2,14.0,0.20259625288138344,0.6,0.29562602483866546,0.8882279982692427,0.3,3.0,4.0,1
32631661-300e-41b7-972a-3e8c0edded8b,8e97dadb-1a1b-42b9-ab2b-901aa2169415,0.4054500900531983,0.2,14.0,0.20259625288138344,0.6,0.4258214568056816,0.9395878832020562,1.0,4.0,2.0,0
32631661-300e-41b7-972a-3e8c0edded8b,1c71f507-dfea-4b96-86e6-8a12d5a0d8da,0.4054500900531983,0.2,14.0,0.20259625288138344,1.0,0.9354478790984506,0.6224732640307242,0.0,4.0,5.0,0
32631661-300e-41b7-972a-3e8c0edded8b,ad90952f-caf0-425d-8039-7263f702df91,0.4054500900531983,0.2,14.0,0.20259625288138344,0.2,0.9254823202465832,0.36840241779614114,0.0,4.0,1.0,0
32631661-300e-41b7-972a-3e8c0edded8b,bf54fdb0-6d82-479e-a9d5-78fc64767a17,0.4054500900531983,0.2,14.0,0.20259625288138344,0.2,0.17614837616217327,0.6505421545039386,1.0,0.0,0.0,0
32631661-300e-41b7-972a-3e8c0edded8b,8d5761d4-efd9-4f9b-a561-e385778a1505,0.4054500900531983,0.2,14.0,0.20259625288138344,0.2,0.5667301021003356,0.19240837052962323,0.3,4.0,3.0,1
32631661-300e-41b7-972a-3e8c0edded8b,51656879-b9de-4976-b3d5-c8a240739e35,0.4054500900531983,0.2,14.0,0.20259625288138344,0.6,0.12393733137164058,0.5053225155587664,1.0,5.0,1.0,1
32631661-300e-41b7-972a-3e8c0edded8b,b61ea83c-607e-45d0-8e7b-1b85dc0719bf,0.4054500900531983,0.2,14.0,0.20259625288138344,0.2,0.48020855047645894,0.4947416007255965,1.0,2.0,6.0,1
32631661-300e-41b7-972a-3e8c0edded8b,f99793e2-bf1f-4652-b717-b380cf1b82d9,0.4054500900531983,0.2,14.0,0.20259625288138344,1.0,0.3478973552809047,0.15349034844890785,0.0,2.0,6.0,0
32631661-300e-41b7-972a-3e8c0edded8b,09a8b01c-9886-431b-860f-484d959f9fd8,0.4054500900531983,0.2,14.0,0.20259625288138344,0.2,0.7949409365509817,0.650881327422057,0.0,3.0,5.0,0
32631661-300e-41b7-972a-3e8c0edded8b,03be5e2c-49dc-49c9-bf6c-bd633714d57c,0.4054500900531983,0.2,14.0,0.20259625288138344,0.2,0.23003808241798443,0.40233767223870887,0.0,1.0,2.0,0
32631661-300e-41b7-972a-3e8c0edded8b,9ba51c49-9d6a-423a-905e-593237ec3ec2,0.4054500900531983,0.2,14.0,0.20259625288138344,0.2,0.5056427924137512,0.14164644156570538,1.0,3.0,6.0,1
32631661-300e-41b7-972a-3e8c0edded8b,b02c207c-3d8f-47d1-94d5-ea09db74e5c8,0.4054500900531983,0.2,14.0,0.20259625288138344,0.6,0.3575527172065134,0.7990422256936793,0.3,5.0,3.0,0
b5a9d28f-7881-48c8-9336-a2eea8537797,7cae5725-f4a7-4615-ab21-00fad572f2f3,0.7054644429169374,1.0,8.0,0.9775104790960916,1.0,0.8991240703271256,0.15308566915688449,0.3,3.0,6.0,0
b5a9d28f-7881-48c8-9336-a2eea8537797,8977ae1e-0308-44ae-a8c8-f83ca0744d63,0.7054644429169374,1.0,8.0,0.9775104790960916,0.6,0.8507600711322102,0.25582976206381436,0.6,4.0,2.0,0
b5a9d28f-7881-48c8-9336-a2eea8537797,1e7d8873-b56a-4886-a1ad-5de73c350f8e,0.7054644429169374,1.0,8.0,0.9775104790960916,0.6,0.39376459292746124,0.062329554128436215,0.6,4.0,0.0,0
b5a9d28f-7881-48c8-9336-a2eea8537797,3586835a-4f05-4964-8ca1-2138cebf95a6,0.7054644429169374,1.0,8.0,0.9775104790960916,1.0,0.6521758610516846,0.9475221766685487,0.0,0.0,1.0,1
b5a9d28f-7881-48c8-9336-a2eea8537797,85930d8e-50d0-4f7b-acb8-caaac625dd0e,0.7054644429169374,1.0,8.0,0.9775104790960916,1.0,0.718363556324442,0.8165727833244342,0.6,5.0,4.0,0
b5a9d28f-7881-48c8-9336-a2eea8537797,3e875754-69cd-4fee-94a5-57d6da42ef91,0.7054644429169374,1.0,8.0,0.9775104790960916,0.2,0.2450411346868676,0.8598019829721676,0.3,1.0,4.0,0
b5a9d28f-7881-48c8-9336-a2eea8537797,b939da7f-028e-4294-87a9-cae844ef2396,0.7054644429169374,1.0,8.0,0.9775104790960916,1.0,0.28159591151234475,0.3654017291850822,1.0,5.0,6.0,1
b5a9d28f-7881-48c8-9336-a2eea8537797,299e9ca4-b5a4-4951-88ff-3985383763f0,0.7054644429169374,1.0,8.0,0.9775104790960916,0.2,0.7548560181125934,0.465904244394832,0.6,0.0,3.0,1
b5a9d28f-7881-48c8-9336-a2eea8537797,6194ece5-783c-4da7-bdc5-d5536c904afd,0.7054644429169374,1.0,8.0,0.9775104790960916,0.6,0.6048572623235224,0.928472011746639,0.3,1.0,4.0,1
b5a9d28f-7881-48c8-9336-a2eea8537797,547da744-4911-48fa-9b2f-1b550cf8ac17,0.7054644429169374,1.0,8.0,0.9775104790960916,1.0,0.45632620168229077,0.11858678619598295,1.0,1.0,0.0,1
b5a9d28f-7881-48c8-9336-a2eea8537797,1fca9427-3cae-42d5-bed5-488302ac2459,0.7054644429169374,1.0,8.0,0.9775104790960916,0.6,0.396450442114459,0.6699625843471093,0.0,4.0,1.0,0
b5a9d28f-7881-48c8-9336-a2eea8537797,172d7aba-b1e9-40bf-b1cb-cf4e91d5184a,0.7054644429169374,1.0,8.0,0.9775104790960916,1.0,0.8526659690466724,0.6328103281975677,0.6,2.0,6.0,0
b5a9d28f-7881-48c8-9336-a2eea8537797,a7da2f9e-cfe5-4f9b-a2a9-83b121e1b3a8,0.7054644429169374,1.0,8.0,0.9775104790960916,1.0,0.8629090312240775,0.8986309655053686,0.3,4.0,5.0,1
b5a9d28f-7881-48c8-9336-a2eea8537797,31a8a011-26d9-417f-9acd-2dc1aa620cb1,0.7054644429169374,1.0,8.0,0.9775104790960916,0.6,0.8578772412513512,0.31368145278296056,0.6,3.0,3.0,1
b5a9d28f-7881-48c8-9336-a2eea8537797,92da4efc-92e2-4b63-a697-25a464242c2d,0.7054644429169374,1.0,8.0,0.9775104790960916,1.0,0.6595170148426077,0.9265692444764961,1.0,2.0,0.0,0
b5a9d28f-7881-48c8-9336-a2eea8537797,29943de0-bf3c-49cd-84da-43ca10216d5a,0.7054644429169374,1.0,8.0,0.9775104790960916,1.0,0.24742902261843305,0.882207830248756,0.0,2.0,3.0,1
b5a9d28f-7881-48c8-9336-a2eea8537797,5a34f357-525c-4e8c-9761-fca6c5ef4a54,0.7054644429169374,1.0,8.0,0.9775104790960916,1.0,0.32612342892093527,0.37000647225331373,0.3,0.0,4.0,0
b5a9d28f-7881-48c8-9336-a2eea8537797,50485b49-6f87-4fbb-a6d8-cc894f5ad343,0.7054644429169374,1.0,8.0,0.9775104790960916,0.2,0.489665412099198,0.42118413108785735,0.3,2.0,1.0,1
b5a9d28f-7881-48c8-9336-a2eea8537797,9102dfee-3ffe-4500-abcd-856f5c7ba81a,0.7054644429169374,1.0,8.0,0.9775104790960916,0.2,0.14792713695477017,0.6300659561232757,1.0,3.0,5.0,1
b5a9d28f-7881-48c8-9336-a2eea8537797,b306c2e8-e14e-48ab-ba50-0a1e2c26a1c9,0.7054644429169374,1.0,8.0,0.9775104790960916,0.2,0.3501289126422822,0.7428895955658196,0.3,0.0,0.0,1
b5a9d28f-7881-48c8-9336-a2eea8537797,b8a59f9c-9152-4e9d-9227-81b450029be0,0.7054644429169374,1.0,8.0,0.9775104790960916,0.2,0.9082416607735994,0.8438860705844703,1.0,1.0,4.0,1
b5a9d28f-7881-48c8-9336-a2eea8537797,21197103-286c-4e08-8f2e-e1f0c1aa4b65,0.7054644429169374,1.0,8.0,0.9775104790960916,0.2,0.974231980237957,0.8883695246489081,0.6,5.0,6.0,1
b5a9d28f-7881-48c8-9336-a2eea8537797,a26f3aa1-8131-40eb-8610-e57f92d60b1d,0.7054644429169374,1.0,8.0,0.9775104790960916,0.6,0.5405955324673002,0.22788898669340596,0.3,2.0,4.0,1
b5a9d28f-7881-48c8-9336-a2eea8537797,7bf57e1f-8d6e-4525-9822-40fe99cb92db,0.7054644429169374,1.0,8.0,0.9775104790960916,0.6,0.646849787279288,0.8371345930324872,0.6,1.0,0.0,0
b5a9d28f-7881-48c8-9336-a2eea8537797,fe560b2d-9461-419f-952d-3526d1d58cc6,0.7054644429169374,1.0,8.0,0.9775104790960916,1.0,0.582611192457266,0.5549319795003286,0.0,3.0,0.0,0
b5a9d28f-7881-48c8-9336-a2eea8537797,b20bab7d-8fe1-4291-9511-746d551c6381,0.7054644429169374,1.0,8.0,0.9775104790960916,1.0,0.30803403606513613,0.290684856511908,0.0,4.0,2.0,0
b5a9d28f-7881-48c8-9336-a2eea8537797,42438319-d9cd-4491-91c4-7e8df4051b62,0.7054644429169374,1.0,8.0,0.9775104790960916,0.2,0.6023180626659986,0.9806347370894578,0.0,0.0,6.0,1
b5a9d28f-7881-48c8-9336-a2eea8537797,4b297a66-3334-402c-af3b-f9ee2b621b0b,0.7054644429169374,1.0,8.0,0.9775104790960916,0.2,0.16180119098371584,0.2582859429792861,0.0,5.0,3.0,1
b5a9d28f-7881-48c8-9336-a2eea8537797,ce563c1b-e3b8-441d-8833-a4b1974ef8ad,0.7054644429169374,1.0,8.0,0.9775104790960916,0.2,0.2484209913313706,0.8711314111441384,0.6,3.0,1.0,1
b5a9d28f-7881-48c8-9336-a2eea8537797,4923fb26-e583-4c24-ac52-8838a0ed3a98,0.7054644429169374,1.0,8.0,0.9775104790960916,1.0,0.553388277838538,0.7019544741283528,1.0,2.0,3.0,0
b5a9d28f-7881-48c8-9336-a2eea8537797,2fd06511-a2df-41a4-b9b8-72ad25edbef7,0.7054644429169374,1.0,8.0,0.9775104790960916,1.0,0.8121414643536927,0.9186858244934103,0.3,2.0,3.0,1
b5a9d28f-7881-48c8-9336-a2eea8537797,dfb0809f-a08c-4519-85d0-1f790e6cd5d9,0.7054644429169374,1.0,8.0,0.9775104790960916,1.0,0.12996439027292325,0.8581884567519729,1.0,2.0,3.0,1
b5a9d28f-7881-48c8-9336-a2eea8537797,b9638733-3416-47d7-b548-7e0af0dbe65f,0.7054644429169374,1.0,8.0,0.9775104790960916,0.2,0.7200468573060492,0.4981514611185579,0.6,4.0,4.0,1
b5a9d28f-7881-48c8-9336-a2eea8537797,fe560b2d-9461-419f-952d-3526d1d58cc6,0.7054644429169374,1.0,8.0,0.9775104790960916,1.0,0.582611192457266,0.5549319795003286,0.0,2.0,4.0,0
b5a9d28f-7881-48c8-9336-a2eea8537797,88e79e28-8590-4873-baf3-158ade3d3e32,0.7054644429169374,1.0,8.0,0.9775104790960916,1.0,0.9148647291612199,0.12864998776038128,0.0,3.0,3.0,1
b5a9d28f-7881-48c8-9336-a2eea8537797,effc8e6d-3fa0-4ad0-84e0-49ceb18ecfdf,0.7054644429169374,1.0,8.0,0.9775104790960916,1.0,0.1753861576369154,0.018304751217713022,0.6,4.0,1.0,1
b5a9d28f-7881-48c8-9336-a2eea8537797,09a8b01c-9886-431b-860f-484d959f9fd8,0.7054644429169374,1.0,8.0,0.9775104790960916,0.2,0.7949409365509817,0.650881327422057,0.0,1.0,6.0,1
b5a9d28f-7881-48c8-9336-a2eea8537797,fda140a2-2654-463e-a825-e101e2f7921b,0.7054644429169374,1.0,8.0,0.9775104790960916,0.2,0.3998020556294877,0.9744658783076392,0.0,4.0,6.0,1
b5a9d28f-7881-48c8-9336-a2eea8537797,b008e459-aec4-4940-b0b0-b9521473a99b,0.7054644429169374,1.0,8.0,0.9775104790960916,0.2,0.8465976222683373,0.22635650862391665,1.0,5.0,5.0,0
b5a9d28f-7881-48c8-9336-a2eea8537797,8d8bd000-8a84-4c8b-bdc8-797008544155,0.7054644429169374,1.0,8.0,0.9775104790960916,1.0,0.14606305453676433,0.13377939697072627,0.0,3.0,0.0,0
7a4cf72a-6ffd-4d1a-bdfb-e86aea674499,1e7d8873-b56a-4886-a1ad-5de73c350f8e,0.7333735393364451,1.0,3.0,0.8964148558694136,0.6,0.39376459292746124,0.062329554128436215,0.6,0.0,6.0,1
7a4cf72a-6ffd-4d1a-bdfb-e86aea674499,04b630df-e955-44a2-ba81-7807bb8bbf0e,0.7333735393364451,1.0,3.0,0.8964148558694136,0.6,0.26969467315661044,0.7945253868283686,1.0,0.0,4.0,0
7a4cf72a-6ffd-4d1a-bdfb-e86aea674499,a32c33b9-2ae0-4565-b4cd-8c363bd2dbb1,0.7333735393364451,1.0,3.0,0.8964148558694136,0.6,0.4675427346881219,0.5919389716094521,0.3,2.0,3.0,1
7a4cf72a-6ffd-4d1a-bdfb-e86aea674499,9fbecf58-4b47-499b-af70-5be883e292d6,0.7333735393364451,1.0,3.0,0.8964148558694136,1.0,0.6813001709251447,0.40858971174533243,0.0,1.0,4.0,0
7a4cf72a-6ffd-4d1a-bdfb-e86aea674499,bf54fdb0-6d82-479e-a9d5-78fc64767a17,0.7333735393364451,1.0,3.0,0.8964148558694136,0.2,0.17614837616217327,0.6505421545039386,1.0,1.0,5.0,1
7a4cf72a-6ffd-4d1a-bdfb-e86aea674499,3e875754-69cd-4fee-94a5-57d6da42ef91,0.7333735393364451,1.0,3.0,0.8964148558694136,0.2,0.2450411346868676,0.8598019829721676,0.3,4.0,4.0,1
7a4cf72a-6ffd-4d1a-bdfb-e86aea674499,a38cc35a-c8b1-493c-ad3e-67dba34f85e7,0.7333735393364451,1.0,3.0,0.8964148558694136,0.6,0.41036269496507194,0.08761541400278205,0.0,2.0,4.0,0
7a4cf72a-6ffd-4d1a-bdfb-e86aea674499,fda140a2-2654-463e-a825-e101e2f7921b,0.7333735393364451,1.0,3.0,0.8964148558694136,0.2,0.3998020556294877,0.9744658783076392,0.0,5.0,2.0,1
7a4cf72a-6ffd-4d1a-bdfb-e86aea674499,6cef895f-06aa-4942-bedd-72fff31eb379,0.7333735393364451,1.0,3.0,0.8964148558694136,0.2,0.8773089936408774,0.6446474280251517,1.0,3.0,6.0,1
7a4cf72a-6ffd-4d1a-bdfb-e86aea674499,9f7ae8c9-dc90-4236-adb6-2109245d9021,0.7333735393364451,1.0,3.0,0.8964148558694136,0.6,0.8963101399292399,0.12506351553810924,0.0,4.0,0.0,0
7a4cf72a-6ffd-4d1a-bdfb-e86aea674499,68ffa0bd-b298-4476-a51a-141035550fd6,0.7333735393364451,1.0,3.0,0.8964148558694136,1.0,0.7873450415195071,0.20198131932556307,0.3,0.0,6.0,1
7a4cf72a-6ffd-4d1a-bdfb-e86aea674499,cf67b867-661f-4761-aa9e-bd64b50cabad,0.7333735393364451,1.0,3.0,0.8964148558694136,0.6,0.9775452477834666,0.8291857681957223,0.6,5.0,4.0,1
7a4cf72a-6ffd-4d1a-bdfb-e86aea674499,e33220eb-1aa5-4702-8b7f-82096cbf244c,0.7333735393364451,1.0,3.0,0.8964148558694136,0.2,0.8045091416614435,0.9303962480539164,0.0,3.0,3.0,1
7a4cf72a-6ffd-4d1a-bdfb-e86aea674499,b008e459-aec4-4940-b0b0-b9521473a99b,0.7333735393364451,1.0,3.0,0.8964148558694136,0.2,0.8465976222683373,0.22635650862391665,1.0,3.0,1.0,1
7a4cf72a-6ffd-4d1a-bdfb-e86aea674499,aaf45fe2-a218-49a4-8030-1b040505fcc2,0.7333735393364451,1.0,3.0,0.8964148558694136,0.2,0.36982601339710064,0.6947724975849392,0.3,3.0,1.0,0
7a4cf72a-6ffd-4d1a-bdfb-e86aea674499,c0831cb8-2671-4f2e-9498-e74d21da6f33,0.7333735393364451,1.0,3.0,0.8964148558694136,0.2,0.678838712580165,0.49622340240440477,1.0,1.0,0.0,1
7a4cf72a-6ffd-4d1a-bdfb-e86aea674499,3feb240a-54de-4548-9d6d-6b68da72c588,0.7333735393364451,1.0,3.0,0.8964148558694136,0.6,0.3534939575862086,0.46875086538360267,0.6,5.0,3.0,1
7a4cf72a-6ffd-4d1a-bdfb-e86aea674499,34df5d01-15ed-49be-beaf-1edba5ce73f3,0.7333735393364451,1.0,3.0,0.8964148558694136,0.2,0.570771685431961,0.8647552667165631,0.3,5.0,6.0,1
7a4cf72a-6ffd-4d1a-bdfb-e86aea674499,b85c5447-3934-4a5f-a2ea-5cf406ba1386,0.7333735393364451,1.0,3.0,0.8964148558694136,0.2,0.7359215878835874,0.20471404262800852,1.0,4.0,1.0,1
7a4cf72a-6ffd-4d1a-bdfb-e86aea674499,0b680785-5c4e-4ff3-90da-a95bdb6ddea3,0.7333735393364451,1.0,3.0,0.8964148558694136,1.0,0.9476882864447816,0.37902629176285674,0.0,3.0,2.0,0
7a4cf72a-6ffd-4d1a-bdfb-e86aea674499,b8f55e48-9d55-4d28-bc80-497a7d36ac53,0.7333735393364451,1.0,3.0,0.8964148558694136,0.6,0.5364632049642664,0.9010207096938249,0.6,4.0,3.0,1
7a4cf72a-6ffd-4d1a-bdfb-e86aea674499,e4db18b0-d91a-4fe4-b05f-eda25f38ea0d,0.7333735393364451,1.0,3.0,0.8964148558694136,0.2,0.5776591949487476,0.19019373944895102,0.3,2.0,3.0,1
7a4cf72a-6ffd-4d1a-bdfb-e86aea674499,4b00903d-63e9-4414-b21a-341b0a8b4f74,0.7333735393364451,1.0,3.0,0.8964148558694136,0.2,0.6633655398442496,0.5256274218571385,0.0,0.0,4.0,1
7a4cf72a-6ffd-4d1a-bdfb-e86aea674499,8c20762d-72fc-4a90-9284-b697f6205faa,0.7333735393364451,1.0,3.0,0.8964148558694136,0.2,0.809327370784988,0.46262162923016714,0.6,3.0,5.0,0
7a4cf72a-6ffd-4d1a-bdfb-e86aea674499,c1dad211-ef14-4930-9fde-65d8d01eb8a2,0.7333735393364451,1.0,3.0,0.8964148558694136,1.0,0.2775989588417923,0.19963019650413683,0.3,2.0,3.0,0
7a4cf72a-6ffd-4d1a-bdfb-e86aea674499,f62e1330-1cf0-425f-9f10-6ddf9042abcd,0.7333735393364451,1.0,3.0,0.8964148558694136,1.0,0.9321622696421319,0.2356252848280802,1.0,1.0,3.0,0
7a4cf72a-6ffd-4d1a-bdfb-e86aea674499,f4511c0e-1907-4564-85be-6208646f9403,0.7333735393364451,1.0,3.0,0.8964148558694136,0.6,0.9737144331912416,0.8489993802384885,0.3,5.0,5.0,1
7a4cf72a-6ffd-4d1a-bdfb-e86aea674499,c777c23f-b2f3-4f1d-bbea-1e7286fac786,0.7333735393364451,1.0,3.0,0.8964148558694136,0.2,0.9597491309827612,0.04607692524933382,0.0,2.0,4.0,1
7a4cf72a-6ffd-4d1a-bdfb-e86aea674499,319d65cc-35fb-4fd2-8d36-0aaeae8c1599,0.7333735393364451,1.0,3.0,0.8964148558694136,0.2,0.3492163442071033,0.6358648613159886,0.3,3.0,4.0,1
7a4cf72a-6ffd-4d1a-bdfb-e86aea674499,de80c064-1511-4251-84a5-ba1187978d32,0.7333735393364451,1.0,3.0,0.8964148558694136,1.0,0.37359855622088356,0.32543416209529763,0.0,2.0,1.0,0
7a4cf72a-6ffd-4d1a-bdfb-e86aea674499,97ffd70a-47e9-4398-92a1-d66d4e4e7ac9,0.7333735393364451,1.0,3.0,0.8964148558694136,1.0,0.4738888800802551,0.7582398953411875,1.0,5.0,6.0,1
7a4cf72a-6ffd-4d1a-bdfb-e86aea674499,8ed783a1-387d-4717-b5f7-15de4d9164c0,0.7333735393364451,1.0,3.0,0.8964148558694136,1.0,0.6957695377284588,0.9476351583956032,0.0,4.0,1.0,0
7a4cf72a-6ffd-4d1a-bdfb-e86aea674499,c192b11f-4447-40a2-80a6-390cd362dfa5,0.7333735393364451,1.0,3.0,0.8964148558694136,1.0,0.7363853294533637,0.9004772949138748,0.6,5.0,4.0,0
7a4cf72a-6ffd-4d1a-bdfb-e86aea674499,c0831cb8-2671-4f2e-9498-e74d21da6f33,0.7333735393364451,1.0,3.0,0.8964148558694136,0.2,0.678838712580165,0.49622340240440477,1.0,4.0,0.0,1
7a4cf72a-6ffd-4d1a-bdfb-e86aea674499,d8d30dac-fd61-48d1-8bf9-aa602ff08b1b,0.7333735393364451,1.0,3.0,0.8964148558694136,0.6,0.5193853910130869,0.5025270481245171,0.0,4.0,2.0,1
7a4cf72a-6ffd-4d1a-bdfb-e86aea674499,dfb0809f-a08c-4519-85d0-1f790e6cd5d9,0.7333735393364451,1.0,3.0,0.8964148558694136,1.0,0.12996439027292325,0.8581884567519729,1.0,4.0,1.0,0
7a4cf72a-6ffd-4d1a-bdfb-e86aea674499,b20bab7d-8fe1-4291-9511-746d551c6381,0.7333735393364451,1.0,3.0,0.8964148558694136,1.0,0.30803403606513613,0.290684856511908,0.0,2.0,6.0,0
7a4cf72a-6ffd-4d1a-bdfb-e86aea674499,230352f2-770a-46c0-abe4-d7625139ab5e,0.7333735393364451,1.0,3.0,0.8964148558694136,0.2,0.6004574087726475,0.5930492421524886,0.0,3.0,1.0,0
7a4cf72a-6ffd-4d1a-bdfb-e86aea674499,e44b9013-f4a8-49bf-9379-87dcbb2e8e53,0.7333735393364451,1.0,3.0,0.8964148558694136,1.0,0.36258242224859283,0.32306846386650134,0.3,0.0,1.0,0
7a4cf72a-6ffd-4d1a-bdfb-e86aea674499,b9085332-b2b1-4b72-8021-b3b81398ce92,0.7333735393364451,1.0,3.0,0.8964148558694136,0.6,0.33544730729888195,0.5880404702366536,0.6,3.0,6.0,0
6a0cba44-73e4-426a-ae94-9ea57677caee,768074f2-fa60-4a87-b7e9-0fe45c042ba8,0.408911354014043,1.0,16.0,0.6871761691505378,0.6,0.44816631031351084,0.885378023796285,0.0,1.0,4.0,1
6a0cba44-73e4-426a-ae94-9ea57677caee,6e8ca283-10c7-434c-826a-837f38ec5444,0.408911354014043,1.0,16.0,0.6871761691505378,0.2,0.6513768543337128,0.6342982912007427,1.0,0.0,0.0,1
6a0cba44-73e4-426a-ae94-9ea57677caee,6194ece5-783c-4da7-bdc5-d5536c904afd,0.408911354014043,1.0,16.0,0.6871761691505378,0.6,0.6048572623235224,0.928472011746639,0.3,3.0,5.0,0
6a0cba44-73e4-426a-ae94-9ea57677caee,5e04770f-4a25-48a2-ad93-cef1ed97d455,0.408911354014043,1.0,16.0,0.6871761691505378,1.0,0.6810890391339975,0.862719881758954,0.3,3.0,5.0,0
6a0cba44-73e4-426a-ae94-9ea57677caee,ef4564ad-37cb-422e-9258-c0dd09e686d8,0.408911354014043,1.0,16.0,0.6871761691505378,0.6,0.7134305197216956,0.4952020834976343,0.0,4.0,6.0,1
6a0cba44-73e4-426a-ae94-9ea57677caee,d62328c7-3c09-4bff-896a-238934dcedc8,0.408911354014043,1.0,16.0,0.6871761691505378,0.2,0.5544033125310288,0.572254789610878,1.0,3.0,5.0,1
6a0cba44-73e4-426a-ae94-9ea57677caee,6c5eaa38-0652-4762-8f1b-fcb80dbf8936,0.408911354014043,1.0,16.0,0.6871761691505378,0.6,0.23950518641691337,0.7304636636619138,0.6,0.0,4.0,0
6a0cba44-73e4-426a-ae94-9ea57677caee,cf67b867-661f-4761-aa9e-bd64b50cabad,0.408911354014043,1.0,16.0,0.6871761691505378,0.6,0.9775452477834666,0.8291857681957223,0.6,4.0,5.0,1
6a0cba44-73e4-426a-ae94-9ea57677caee,2e56c0c7-a2d4-4606-8362-ead47ba989cf,0.408911354014043,1.0,16.0,0.6871761691505378,1.0,0.9838404823093492,0.5555768002260758,0.0,0.0,2.0,0
6a0cba44-73e4-426a-ae94-9ea57677caee,01fe4a49-c1a0-4cc3-8dc8-8402e6b11064,0.408911354014043,1.0,16.0,0.6871761691505378,1.0,0.6879754206461195,0.49287097672138225,0.3,5.0,5.0,1
6a0cba44-73e4-426a-ae94-9ea57677caee,153e892c-7403-48b3-b3e5-7a4444a6af33,0.408911354014043,1.0,16.0,0.6871761691505378,1.0,0.268440635924974,0.5517497858340187,0.3,5.0,5.0,1
6a0cba44-73e4-426a-ae94-9ea57677caee,1b648ad6-0817-4f80-a7aa-9a94a583454e,0.408911354014043,1.0,16.0,0.6871761691505378,1.0,0.9167464792916038,0.10114468166917334,0.0,5.0,0.0,1
6a0cba44-73e4-426a-ae94-9ea57677caee,a7da2f9e-cfe5-4f9b-a2a9-83b121e1b3a8,0.408911354014043,1.0,16.0,0.6871761691505378,1.0,0.8629090312240775,0.8986309655053686,0.3,4.0,0.0,0
6a0cba44-73e4-426a-ae94-9ea57677caee,65c54c61-8bed-4502-891f-54207581973c,0.408911354014043,1.0,16.0,0.6871761691505378,0.6,0.5609694251913983,0.4769640187588726,1.0,2.0,1.0,0
6a0cba44-73e4-426a-ae94-9ea57677caee,4c734813-4a8a-4ce6-81e5-fc4a2a5db3a2,0.408911354014043,1.0,16.0,0.6871761691505378,0.6,0.10056769438917118,0.5730262898413426,0.3,4.0,5.0,1
6a0cba44-73e4-426a-ae94-9ea57677caee,5bccbbea-6061-4c3b-babf-9f5de9889c73,0.408911354014043,1.0,16.0,0.6871761691505378,0.2,0.4789495794434827,0.42500061980149273,0.3,5.0,0.0,0
6a0cba44-73e4-426a-ae94-9ea57677caee,85930d8e-50d0-4f7b-acb8-caaac625dd0e,0.408911354014043,1.0,16.0,0.6871761691505378,1.0,0.718363556324442,0.8165727833244342,0.6,5.0,6.0,0
6a0cba44-73e4-426a-ae94-9ea57677caee,61f8b793-eb21-415f-be6a-1dace64c1dab,0.408911354014043,1.0,16.0,0.6871761691505378,0.2,0.5789373941878594,0.5534783138488689,0.0,0.0,5.0,1
6a0cba44-73e4-426a-ae94-9ea57677caee,b1ecfa5c-68a1-4a8a-846a-dfb97027e1f6,0.408911354014043,1.0,16.0,0.6871761691505378,0.6,0.47396075244655456,0.7794108057492125,1.0,5.0,3.0,1
6a0cba44-73e4-426a-ae94-9ea57677caee,89df2650-7e95-4104-8f42-5cb62ffb481a,0.408911354014043,1.0,16.0,0.6871761691505378,0.2,0.29630278019401196,0.3424606722909498,0.0,5.0,5.0,1
6a0cba44-73e4-426a-ae94-9ea57677caee,684277da-f62a-49f6-b09e-1b7e786c463b,0.408911354014043,1.0,16.0,0.6871761691505378,1.0,0.457984105173436,0.7791379129900283,0.6,0.0,2.0,1
6a0cba44-73e4-426a-ae94-9ea57677caee,e78aa463-4c6f-47dc-a5bb-968ac81532c7,0.408911354014043,1.0,16.0,0.6871761691505378,0.6,0.961259998425001,0.14413543131777729,0.6,0.0,2.0,1
6a0cba44-73e4-426a-ae94-9ea57677caee,d91ea030-edc5-4199-b235-b4f2746330e6,0.408911354014043,1.0,16.0,0.6871761691505378,1.0,0.7413528687367448,0.2371548448306322,0.6,0.0,3.0,1
6a0cba44-73e4-426a-ae94-9ea57677caee,6670ddb8-85fa-45e6-9af6-91adbac350a8,0.408911354014043,1.0,16.0,0.6871761691505378,1.0,0.5273671033049591,0.12936862090556023,0.0,1.0,5.0,1
6a0cba44-73e4-426a-ae94-9ea57677caee,4fdb3305-ba7f-45fd-908f-aee1f36874a7,0.408911354014043,1.0,16.0,0.6871761691505378,0.2,0.9186809012161644,0.8525202868433427,1.0,1.0,4.0,0
6a0cba44-73e4-426a-ae94-9ea57677caee,4923fb26-e583-4c24-ac52-8838a0ed3a98,0.408911354014043,1.0,16.0,0.6871761691505378,1.0,0.553388277838538,0.7019544741283528,1.0,0.0,0.0,0
6a0cba44-73e4-426a-ae94-9ea57677caee,b30a4759-4017-4c73-a262-ebb3da889ea2,0.408911354014043,1.0,16.0,0.6871761691505378,0.2,0.2824565624064378,0.9351062106319883,1.0,3.0,0.0,1
6a0cba44-73e4-426a-ae94-9ea57677caee,bf54fdb0-6d82-479e-a9d5-78fc64767a17,0.408911354014043,1.0,16.0,0.6871761691505378,0.2,0.17614837616217327,0.6505421545039386,1.0,0.0,5.0,1
6a0cba44-73e4-426a-ae94-9ea57677caee,666c606e-4a7f-4e66-9fac-fbc0339d13f8,0.408911354014043,1.0,16.0,0.6871761691505378,1.0,0.9652102148867648,0.8330892916579566,0.3,3.0,4.0,0
6a0cba44-73e4-426a-ae94-9ea57677caee,694b0a7e-d4bd-489d-991e-0fc7e0b7eae9,0.408911354014043,1.0,16.0,0.6871761691505378,0.6,0.3343722183141432,0.2359196929431705,1.0,3.0,3.0,0
6a0cba44-73e4-426a-ae94-9ea57677caee,e4e6b795-9ea2-4e67-a482-101b379e3dd3,0.408911354014043,1.0,16.0,0.6871761691505378,0.6,0.7178715876853263,0.49460864618565403,0.0,4.0,1.0,0
6a0cba44-73e4-426a-ae94-9ea57677caee,cd43d020-95b3-4fce-8795-f8fd1c5756af,0.408911354014043,1.0,16.0,0.6871761691505378,0.6,0.5573941486973442,0.11632937988922598,0.3,0.0,4.0,0
6a0cba44-73e4-426a-ae94-9ea57677caee,e78aa463-4c6f-47dc-a5bb-968ac81532c7,0.408911354014043,1.0,16.0,0.6871761691505378,0.6,0.961259998425001,0.14413543131777729,0.6,5.0,2.0,0
6a0cba44-73e4-426a-ae94-9ea57677caee,34aadaae-a82c-41a6-b6ac-2ab4f11a8047,0.408911354014043,1.0,16.0,0.6871761691505378,0.2,0.11867463394112543,0.26611592959755015,0.6,2.0,4.0,1
6a0cba44-73e4-426a-ae94-9ea57677caee,fb36e3d1-7446-45e0-9d41-48f394b60fa9,0.408911354014043,1.0,16.0,0.6871761691505378,0.6,0.6937735815060089,0.32932384475875576,0.0,2.0,5.0,0
6a0cba44-73e4-426a-ae94-9ea57677caee,3ddfda87-b4e3-4c16-8683-a4523f15acf2,0.408911354014043,1.0,16.0,0.6871761691505378,1.0,0.9807055615364045,0.6381156208224877,0.3,5.0,1.0,0
6a0cba44-73e4-426a-ae94-9ea57677caee,fe560b2d-9461-419f-952d-3526d1d58cc6,0.408911354014043,1.0,16.0,0.6871761691505378,1.0,0.582611192457266,0.5549319795003286,0.0,5.0,5.0,1
6a0cba44-73e4-426a-ae94-9ea57677caee,72e21539-04f0-470f-b69d-9a418f7ff37b,0.408911354014043,1.0,16.0,0.6871761691505378,0.2,0.6144010067276086,0.8682015664155024,0.6,5.0,1.0,1
6a0cba44-73e4-426a-ae94-9ea57677caee,27de15b7-4423-4163-9a52-27eba3556133,0.408911354014043,1.0,16.0,0.6871761691505378,0.2,0.8025233861040034,0.45458734247358457,0.6,3.0,3.0,1
6a0cba44-73e4-426a-ae94-9ea57677caee,b939da7f-028e-4294-87a9-cae844ef2396,0.408911354014043,1.0,16.0,0.6871761691505378,1.0,0.28159591151234475,0.3654017291850822,1.0,3.0,4.0,0
53ebb99b-b3ad-4147-87c3-e280733009c3,5b598b97-310b-48b1-a31c-086e59102b7b,0.3069874879847444,0.2,17.0,0.9627997981228023,0.2,0.7003193052156396,0.8859898883469448,0.0,0.0,2.0,0
53ebb99b-b3ad-4147-87c3-e280733009c3,6c5eaa38-0652-4762-8f1b-fcb80dbf8936,0.3069874879847444,0.2,17.0,0.9627997981228023,0.6,0.23950518641691337,0.7304636636619138,0.6,3.0,0.0,0
53ebb99b-b3ad-4147-87c3-e280733009c3,90e0e36e-2a3f-4349-b92f-d283a363e309,0.3069874879847444,0.2,17.0,0.9627997981228023,0.6,0.37903438078382046,0.7659731746919894,0.6,3.0,5.0,1
53ebb99b-b3ad-4147-87c3-e280733009c3,b5455ff3-4469-4b08-b2d0-3b4b8a9faa28,0.3069874879847444,0.2,17.0,0.9627997981228023,0.2,0.8168045396107254,0.12498281746751883,0.3,1.0,0.0,1
53ebb99b-b3ad-4147-87c3-e280733009c3,dd77c881-c04d-4f99-9177-d94ef20adb4f,0.3069874879847444,0.2,17.0,0.9627997981228023,0.6,0.616612541041993,0.6647291139113415,0.0,3.0,4.0,0
53ebb99b-b3ad-4147-87c3-e280733009c3,7e5fb408-a839-4c94-af31-f8f846c10b16,0.3069874879847444,0.2,17.0,0.9627997981228023,0.6,0.3750883081968893,0.7913034251586659,1.0,0.0,1.0,0
53ebb99b-b3ad-4147-87c3-e280733009c3,4df46fb7-f407-42f6-a653-9d8438903f61,0.3069874879847444,0.2,17.0,0.9627997981228023,1.0,0.9723558352169928,0.2356344975085155,1.0,3.0,4.0,0
53ebb99b-b3ad-4147-87c3-e280733009c3,fe560b2d-9461-419f-952d-3526d1d58cc6,0.3069874879847444,0.2,17.0,0.9627997981228023,1.0,0.582611192457266,0.5549319795003286,0.0,0.0,3.0,0
53ebb99b-b3ad-4147-87c3-e280733009c3,6a24fb3d-8584-44db-80ec-a8943d9d4953,0.3069874879847444,0.2,17.0,0.9627997981228023,0.2,0.7990830790974275,0.6468922285040184,0.6,1.0,3.0,0
53ebb99b-b3ad-4147-87c3-e280733009c3,5145c478-0b39-4ab7-a906-e1b9735ba3ce,0.3069874879847444,0.2,17.0,0.9627997981228023,0.6,0.8786936977058606,0.9587100682359623,1.0,2.0,0.0,1
53ebb99b-b3ad-4147-87c3-e280733009c3,34df5d01-15ed-49be-beaf-1edba5ce73f3,0.3069874879847444,0.2,17.0,0.9627997981228023,0.2,0.570771685431961,0.8647552667165631,0.3,2.0,6.0,1
53ebb99b-b3ad-4147-87c3-e280733009c3,0d91a5c8-4b22-4198-b963-be98907527f4,0.3069874879847444,0.2,17.0,0.9627997981228023,0.2,0.36811976533001634,0.7445398250927052,0.0,4.0,1.0,1
53ebb99b-b3ad-4147-87c3-e280733009c3,21197103-286c-4e08-8f2e-e1f0c1aa4b65,0.3069874879847444,0.2,17.0,0.9627997981228023,0.2,0.974231980237957,0.8883695246489081,0.6,3.0,1.0,1
53ebb99b-b3ad-4147-87c3-e280733009c3,72e21539-04f0-470f-b69d-9a418f7ff37b,0.3069874879847444,0.2,17.0,0.9627997981228023,0.2,0.6144010067276086,0.8682015664155024,0.6,1.0,4.0,1
53ebb99b-b3ad-4147-87c3-e280733009c3,85930d8e-50d0-4f7b-acb8-caaac625dd0e,0.3069874879847444,0.2,17.0,0.9627997981228023,1.0,0.718363556324442,0.8165727833244342,0.6,1.0,0.0,1
53ebb99b-b3ad-4147-87c3-e280733009c3,b8f55e48-9d55-4d28-bc80-497a7d36ac53,0.3069874879847444,0.2,17.0,0.9627997981228023,0.6,0.5364632049642664,0.9010207096938249,0.6,1.0,0.0,0
53ebb99b-b3ad-4147-87c3-e280733009c3,65c54c61-8bed-4502-891f-54207581973c,0.3069874879847444,0.2,17.0,0.9627997981228023,0.6,0.5609694251913983,0.4769640187588726,1.0,3.0,5.0,0
53ebb99b-b3ad-4147-87c3-e280733009c3,c0831cb8-2671-4f2e-9498-e74d21da6f33,0.3069874879847444,0.2,17.0,0.9627997981228023,0.2,0.678838712580165,0.49622340240440477,1.0,1.0,1.0,1
53ebb99b-b3ad-4147-87c3-e280733009c3,d72916bd-ef8f-4502-bba8-725c04f85a5f,0.3069874879847444,0.2,17.0,0.9627997981228023,0.2,0.854828063402321,0.2603597878713769,0.0,1.0,1.0,1
53ebb99b-b3ad-4147-87c3-e280733009c3,ad90952f-caf0-425d-8039-7263f702df91,0.3069874879847444,0.2,17.0,0.9627997981228023,0.2,0.9254823202465832,0.36840241779614114,0.0,5.0,3.0,1
53ebb99b-b3ad-4147-87c3-e280733009c3,6194ece5-783c-4da7-bdc5-d5536c904afd,0.3069874879847444,0.2,17.0,0.9627997981228023,0.6,0.6048572623235224,0.928472011746639,0.3,2.0,3.0,1
53ebb99b-b3ad-4147-87c3-e280733009c3,2767a00e-73cb-4ec0-8f10-1f2685529dd8,0.3069874879847444,0.2,17.0,0.9627997981228023,0.2,0.14774330715500755,0.17529814661096454,0.3,4.0,0.0,0
53ebb99b-b3ad-4147-87c3-e280733009c3,015a673e-67b9-4560-949f-f0f29ba09691,0.3069874879847444,0.2,17.0,0.9627997981228023,0.6,0.772469818793257,0.851704139635052,0.0,4.0,1.0,0
53ebb99b-b3ad-4147-87c3-e280733009c3,8d5761d4-efd9-4f9b-a561-e385778a1505,0.3069874879847444,0.2,17.0,0.9627997981228023,0.2,0.5667301021003356,0.19240837052962323,0.3,2.0,0.0,0
53ebb99b-b3ad-4147-87c3-e280733009c3,8ed783a1-387d-4717-b5f7-15de4d9164c0,0.3069874879847444,0.2,17.0,0.9627997981228023,1.0,0.6957695377284588,0.9476351583956032,0.0,3.0,1.0,0
53ebb99b-b3ad-4147-87c3-e280733009c3,c777c23f-b2f3-4f1d-bbea-1e7286fac786,0.3069874879847444,0.2,17.0,0.9627997981228023,0.2,0.9597491309827612,0.04607692524933382,0.0,5.0,2.0,1
53ebb99b-b3ad-4147-87c3-e280733009c3,7cae5725-f4a7-4615-ab21-00fad572f2f3,0.3069874879847444,0.2,17.0,0.9627997981228023,1.0,0.8991240703271256,0.15308566915688449,0.3,4.0,6.0,0
53ebb99b-b3ad-4147-87c3-e280733009c3,ff0af660-6a5f-4fd7-b2e1-c43344816514,0.3069874879847444,0.2,17.0,0.9627997981228023,1.0,0.5024161230527904,0.7433967816161681,0.3,5.0,0.0,1
53ebb99b-b3ad-4147-87c3-e280733009c3,965ef1a3-f422-4510-af75-d3f89e3642dd,0.3069874879847444,0.2,17.0,0.9627997981228023,1.0,0.4273005359792914,0.6938722867459519,0.6,3.0,4.0,0
53ebb99b-b3ad-4147-87c3-e280733009c3,15ffb6f4-0363-4611-afec-93fefe2ffd83,0.3069874879847444,0.2,17.0,0.9627997981228023,0.2,0.9223427256162328,0.7798431272433336,0.3,4.0,4.0,1
53ebb99b-b3ad-4147-87c3-e280733009c3,4590aaee-b789-46de-a082-c6807a962ec2,0.3069874879847444,0.2,17.0,0.9627997981228023,1.0,0.9792453221449127,0.1694110619506124,1.0,1.0,6.0,1
53ebb99b-b3ad-4147-87c3-e280733009c3,723b0875-2f5c-406d-91ef-1ef6768c21e1,0.3069874879847444,0.2,17.0,0.9627997981228023,0.6,0.5865033881557733,0.9546606431143135,0.6,5.0,3.0,1
53ebb99b-b3ad-4147-87c3-e280733009c3,85f2c72b-1210-493c-bae7-744c4b2353fc,0.3069874879847444,0.2,17.0,0.9627997981228023,0.6,0.5307520434712122,0.17871782093842026,1.0,0.0,3.0,1
53ebb99b-b3ad-4147-87c3-e280733009c3,5e05eec7-1e62-4d54-96f8-a536e832863a,0.3069874879847444,0.2,17.0,0.9627997981228023,0.2,0.99982637880827,0.7415351340320897,0.0,1.0,1.0,1
53ebb99b-b3ad-4147-87c3-e280733009c3,3c045d5e-db0b-42a4-8b36-5a8f0192e0a9,0.3069874879847444,0.2,17.0,0.9627997981228023,0.6,0.9703557392871628,0.4741186336216032,0.3,2.0,1.0,1
53ebb99b-b3ad-4147-87c3-e280733009c3,68ffa0bd-b298-4476-a51a-141035550fd6,0.3069874879847444,0.2,17.0,0.9627997981228023,1.0,0.7873450415195071,0.20198131932556307,0.3,2.0,1.0,1
53ebb99b-b3ad-4147-87c3-e280733009c3,6df290df-6194-497e-9997-fd6713e1435f,0.3069874879847444,0.2,17.0,0.9627997981228023,1.0,0.7637061762371852,0.8809980926459479,0.6,0.0,2.0,0
53ebb99b-b3ad-4147-87c3-e280733009c3,8d3c9344-6c45-43f7-a583-eb49f1bd7c4b,0.3069874879847444,0.2,17.0,0.9627997981228023,1.0,0.32697303710818776,0.18910296519857916,0.6,3.0,1.0,1
53ebb99b-b3ad-4147-87c3-e280733009c3,786a081e-bed1-4dd5-af8f-b24a2969db27,0.3069874879847444,0.2,17.0,0.9627997981228023,1.0,0.2204606202831086,0.8790686327551894,0.6,4.0,1.0,0
53ebb99b-b3ad-4147-87c3-e280733009c3,f9e2c26a-8651-45e9-95ac-020bf84e5d87,0.3069874879847444,0.2,17.0,0.9627997981228023,1.0,0.5925107460897749,0.3638178643767461,0.6,4.0,4.0,1
fb4ff77d-3da3-4d4b-8bcb-8fa1ef91cd25,90e0e36e-2a3f-4349-b92f-d283a363e309,0.8457038564327923,0.2,19.0,0.4593248456037385,0.6,0.37903438078382046,0.7659731746919894,0.6,3.0,6.0,1
fb4ff77d-3da3-4d4b-8bcb-8fa1ef91cd25,c2aa2f4b-31d0-4751-b78b-9bc94a917dd3,0.8457038564327923,0.2,19.0,0.4593248456037385,0.2,0.9632839642542039,0.47862263242291936,0.3,2.0,0.0,0
fb4ff77d-3da3-4d4b-8bcb-8fa1ef91cd25,1e9ac78a-0ad3-4758-94d2-679a7c60a672,0.8457038564327923,0.2,19.0,0.4593248456037385,0.6,0.1486437037821284,0.8157193928134632,0.6,1.0,2.0,1
fb4ff77d-3da3-4d4b-8bcb-8fa1ef91cd25,ad581338-27d8-4935-86c9-5f785bf435c2,0.8457038564327923,0.2,19.0,0.4593248456037385,1.0,0.3943185155107163,0.2811618959132587,0.3,4.0,0.0,1
fb4ff77d-3da3-4d4b-8bcb-8fa1ef91cd25,b08c5e45-1706-4711-993f-50cbf58e2335,0.8457038564327923,0.2,19.0,0.4593248456037385,0.6,0.7901117853804409,0.22604311984039915,0.0,5.0,6.0,1
fb4ff77d-3da3-4d4b-8bcb-8fa1ef91cd25,6670ddb8-85fa-45e6-9af6-91adbac350a8,0.8457038564327923,0.2,19.0,0.4593248456037385,1.0,0.5273671033049591,0.12936862090556023,0.0,3.0,6.0,0
fb4ff77d-3da3-4d4b-8bcb-8fa1ef91cd25,74148153-f45d-4239-a353-bd87a356743e,0.8457038564327923,0.2,19.0,0.4593248456037385,0.6,0.6999994035333063,0.6902791079691951,0.6,3.0,1.0,0
fb4ff77d-3da3-4d4b-8bcb-8fa1ef91cd25,b1ef27f4-c212-4d80-95b3-1ccfcccee40b,0.8457038564327923,0.2,19.0,0.4593248456037385,1.0,0.273179116013828,0.9075422104826739,1.0,1.0,1.0,1
fb4ff77d-3da3-4d4b-8bcb-8fa1ef91cd25,34aadaae-a82c-41a6-b6ac-2ab4f11a8047,0.8457038564327923,0.2,19.0,0.4593248456037385,0.2,0.11867463394112543,0.26611592959755015,0.6,0.0,3.0,1
fb4ff77d-3da3-4d4b-8bcb-8fa1ef91cd25,fb36e3d1-7446-45e0-9d41-48f394b60fa9,0.8457038564327923,0.2,19.0,0.4593248456037385,0.6,0.6937735815060089,0.32932384475875576,0.0,4.0,5.0,0
fb4ff77d-3da3-4d4b-8bcb-8fa1ef91cd25,dba04d24-2e37-4c46-ae54-9c34510dff1f,0.8457038564327923,0.2,19.0,0.4593248456037385,1.0,0.8419986133538263,0.7052929283686935,0.0,1.0,6.0,1
fb4ff77d-3da3-4d4b-8bcb-8fa1ef91cd25,9f7ae8c9-dc90-4236-adb6-2109245d9021,0.8457038564327923,0.2,19.0,0.4593248456037385,0.6,0.8963101399292399,0.12506351553810924,0.0,5.0,3.0,1
fb4ff77d-3da3-4d4b-8bcb-8fa1ef91cd25,a26f3aa1-8131-40eb-8610-e57f92d60b1d,0.8457038564327923,0.2,19.0,0.4593248456037385,0.6,0.5405955324673002,0.22788898669340596,0.3,3.0,5.0,1
fb4ff77d-3da3-4d4b-8bcb-8fa1ef91cd25,89df2650-7e95-4104-8f42-5cb62ffb481a,0.8457038564327923,0.2,19.0,0.4593248456037385,0.2,0.29630278019401196,0.3424606722909498,0.0,2.0,5.0,1
fb4ff77d-3da3-4d4b-8bcb-8fa1ef91cd25,8d5761d4-efd9-4f9b-a561-e385778a1505,0.8457038564327923,0.2,19.0,0.4593248456037385,0.2,0.5667301021003356,0.19240837052962323,0.3,5.0,0.0,1
fb4ff77d-3da3-4d4b-8bcb-8fa1ef91cd25,8977ae1e-0308-44ae-a8c8-f83ca0744d63,0.8457038564327923,0.2,19.0,0.4593248456037385,0.6,0.8507600711322102,0.25582976206381436,0.6,4.0,5.0,1
fb4ff77d-3da3-4d4b-8bcb-8fa1ef91cd25,3ddfda87-b4e3-4c16-8683-a4523f15acf2,0.8457038564327923,0.2,19.0,0.4593248456037385,1.0,0.9807055615364045,0.6381156208224877,0.3,2.0,3.0,1
fb4ff77d-3da3-4d4b-8bcb-8fa1ef91cd25,03be5e2c-49dc-49c9-bf6c-bd633714d57c,0.8457038564327923,0.2,19.0,0.4593248456037385,0.2,0.23003808241798443,0.40233767223870887,0.0,5.0,4.0,1
fb4ff77d-3da3-4d4b-8bcb-8fa1ef91cd25,fe09dd6a-bc95-42e6-bb3c-61d404a20200,0.8457038564327923,0.2,19.0,0.4593248456037385,0.2,0.852490071939042,0.9956463958670673,0.3,1.0,2.0,1
fb4ff77d-3da3-4d4b-8bcb-8fa1ef91cd25,2f70d43e-6f07-4505-9201-cce02cbbe2f9,0.8457038564327923,0.2,19.0,0.4593248456037385,0.2,0.9098855720694773,0.2703699432968346,0.0,5.0,6.0,0
fb4ff77d-3da3-4d4b-8bcb-8fa1ef91cd25,50485b49-6f87-4fbb-a6d8-cc894f5ad343,0.8457038564327923,0.2,19.0,0.4593248456037385,0.2,0.489665412099198,0.42118413108785735,0.3,5.0,6.0,1
fb4ff77d-3da3-4d4b-8bcb-8fa1ef91cd25,2e56c0c7-a2d4-4606-8362-ead47ba989cf,0.8457038564327923,0.2,19.0,0.4593248456037385,1.0,0.9838404823093492,0.5555768002260758,0.0,4.0,5.0,1
fb4ff77d-3da3-4d4b-8bcb-8fa1ef91cd25,042f11d0-6ddd-4561-8c2c-5e00545a621e,0.8457038564327923,0.2,19.0,0.4593248456037385,1.0,0.7872798003899497,0.9285445017428434,0.6,2.0,3.0,0
fb4ff77d-3da3-4d4b-8bcb-8fa1ef91cd25,5bccbbea-6061-4c3b-babf-9f5de9889c73,0.8457038564327923,0.2,19.0,0.4593248456037385,0.2,0.4789495794434827,0.42500061980149273,0.3,3.0,5.0,0
fb4ff77d-3da3-4d4b-8bcb-8fa1ef91cd25,c192b11f-4447-40a2-80a6-390cd362dfa5,0.8457038564327923,0.2,19.0,0.4593248456037385,1.0,0.7363853294533637,0.9004772949138748,0.6,3.0,4.0,0
fb4ff77d-3da3-4d4b-8bcb-8fa1ef91cd25,94f447d1-ce40-4abc-9492-1b4fa652cdf8,0.8457038564327923,0.2,19.0,0.4593248456037385,0.2,0.7747992350688047,0.24068147068829215,1.0,1.0,3.0,1
fb4ff77d-3da3-4d4b-8bcb-8fa1ef91cd25,225af4bb-7dea-491a-b6ce-984e91ad99bf,0.8457038564327923,0.2,19.0,0.4593248456037385,0.2,0.954287099322196,0.3931698082459284,0.3,2.0,0.0,1
fb4ff77d-3da3-4d4b-8bcb-8fa1ef91cd25,5ac7df38-e13e-4ddf-ac1d-8bd8825c2903,0.8457038564327923,0.2,19.0,0.4593248456037385,0.2,0.5606417702241059,0.9155246766150124,0.0,3.0,1.0,1
fb4ff77d-3da3-4d4b-8bcb-8fa1ef91cd25,bc2b645f-2327-4ce9-a2d2-c4dfb4c037a4,0.8457038564327923,0.2,19.0,0.4593248456037385,0.6,0.565732669170513,0.9898859782322003,1.0,2.0,3.0,1
fb4ff77d-3da3-4d4b-8bcb-8fa1ef91cd25,d8d30dac-fd61-48d1-8bf9-aa602ff08b1b,0.8457038564327923,0.2,19.0,0.4593248456037385,0.6,0.5193853910130869,0.5025270481245171,0.0,3.0,2.0,0
fb4ff77d-3da3-4d4b-8bcb-8fa1ef91cd25,85736eaa-5d46-446f-bc37-90664659af7c,0.8457038564327923,0.2,19.0,0.4593248456037385,0.2,0.5071632128531129,0.5363921784426651,0.3,2.0,1.0,0
fb4ff77d-3da3-4d4b-8bcb-8fa1ef91cd25,84c440d3-55ef-46aa-abeb-ca96e8632be9,0.8457038564327923,0.2,19.0,0.4593248456037385,0.6,0.5539423499120992,0.05768859541460958,0.6,4.0,5.0,0
fb4ff77d-3da3-4d4b-8bcb-8fa1ef91cd25,1e4deb48-10af-482d-89be-a40b3cfa6237,0.8457038564327923,0.2,19.0,0.4593248456037385,0.2,0.45812006017454143,0.5670116153989458,0.0,3.0,4.0,1
fb4ff77d-3da3-4d4b-8bcb-8fa1ef91cd25,e45bd99d-504e-4e64-83b1-c517b6b084cf,0.8457038564327923,0.2,19.0,0.4593248456037385,1.0,0.2973675063752232,0.26685392748809267,0.0,3.0,3.0,1
fb4ff77d-3da3-4d4b-8bcb-8fa1ef91cd25,b7334163-6b0b-4be1-b584-94370f17d451,0.8457038564327923,0.2,19.0,0.4593248456037385,1.0,0.6214743123780008,0.24793030815786732,0.6,1.0,6.0,0
fb4ff77d-3da3-4d4b-8bcb-8fa1ef91cd25,5c628898-abde-4c5b-8dc9-253bfab0c323,0.8457038564327923,0.2,19.0,0.4593248456037385,0.6,0.29562602483866546,0.8882279982692427,0.3,0.0,1.0,1
fb4ff77d-3da3-4d4b-8bcb-8fa1ef91cd25,768074f2-fa60-4a87-b7e9-0fe45c042ba8,0.8457038564327923,0.2,19.0,0.4593248456037385,0.6,0.44816631031351084,0.885378023796285,0.0,4.0,1.0,1
fb4ff77d-3da3-4d4b-8bcb-8fa1ef91cd25,03be5e2c-49dc-49c9-bf6c-bd633714d57c,0.8457038564327923,0.2,19.0,0.4593248456037385,0.2,0.23003808241798443,0.40233767223870887,0.0,5.0,5.0,0
fb4ff77d-3da3-4d4b-8bcb-8fa1ef91cd25,684277da-f62a-49f6-b09e-1b7e786c463b,0.8457038564327923,0.2,19.0,0.4593248456037385,1.0,0.457984105173436,0.7791379129900283,0.6,1.0,0.0,0
fb4ff77d-3da3-4d4b-8bcb-8fa1ef91cd25,c0831cb8-2671-4f2e-9498-e74d21da6f33,0.8457038564327923,0.2,19.0,0.4593248456037385,0.2,0.678838712580165,0.49622340240440477,1.0,3.0,2.0,1
07c471a1-71e5-478e-aa8c-6e6a7828f53c,4b00903d-63e9-4414-b21a-341b0a8b4f74,0.21363371967008263,0.6,9.0,0.39156184827044704,0.2,0.6633655398442496,0.5256274218571385,0.0,5.0,2.0,1
07c471a1-71e5-478e-aa8c-6e6a7828f53c,d62328c7-3c09-4bff-896a-238934dcedc8,0.21363371967008263,0.6,9.0,0.39156184827044704,0.2,0.5544033125310288,0.572254789610878,1.0,4.0,1.0,1
07c471a1-71e5-478e-aa8c-6e6a7828f53c,99eca1c6-c6f2-4d74-a551-b71f85fad723,0.21363371967008263,0.6,9.0,0.39156184827044704,1.0,0.37557872113137425,0.6908530230033296,0.0,3.0,3.0,0
07c471a1-71e5-478e-aa8c-6e6a7828f53c,9102dfee-3ffe-4500-abcd-856f5c7ba81a,0.21363371967008263,0.6,9.0,0.39156184827044704,0.2,0.14792713695477017,0.6300659561232757,1.0,1.0,0.0,1
07c471a1-71e5-478e-aa8c-6e6a7828f53c,897e2fd6-d062-4d6b-8350-be1ff289f7d2,0.21363371967008263,0.6,9.0,0.39156184827044704,1.0,0.27839323550003814,0.5426957391813381,1.0,2.0,5.0,0
07c471a1-71e5-478e-aa8c-6e6a7828f53c,18d9fc90-579e-4041-988f-c2fa9da7d9f1,0.21363371967008263,0.6,9.0,0.39156184827044704,0.2,0.611318917479668,0.23509193379958115,0.3,4.0,5.0,0
07c471a1-71e5-478e-aa8c-6e6a7828f53c,cd408280-465f-4896-b05f-85290441236d,0.21363371967008263,0.6,9.0,0.39156184827044704,1.0,0.22129010421141973,0.167964745667194,0.6,2.0,5.0,0
07c471a1-71e5-478e-aa8c-6e6a7828f53c,06f5b296-916f-4c42-aec7-d6f62bba9d9b,0.21363371967008263,0.6,9.0,0.39156184827044704,0.2,0.3223108679637023,0.4183220717622109,1.0,1.0,5.0,1
07c471a1-71e5-478e-aa8c-6e6a7828f53c,5145c478-0b39-4ab7-a906-e1b9735ba3ce,0.21363371967008263,0.6,9.0,0.39156184827044704,0.6,0.8786936977058606,0.9587100682359623,1.0,4.0,6.0,0
07c471a1-71e5-478e-aa8c-6e6a7828f53c,1e4deb48-10af-482d-89be-a40b3cfa6237,0.21363371967008263,0.6,9.0,0.39156184827044704,0.2,0.45812006017454143,0.5670116153989458,0.0,0.0,4.0,1
07c471a1-71e5-478e-aa8c-6e6a7828f53c,f2d9a85b-88a4-4950-96c1-3a460d8c8fab,0.21363371967008263,0.6,9.0,0.39156184827044704,1.0,0.3746902350991088,0.34879260140220214,0.3,2.0,1.0,0
07c471a1-71e5-478e-aa8c-6e6a7828f53c,b20bab7d-8fe1-4291-9511-746d551c6381,0.21363371967008263,0.6,9.0,0.39156184827044704,1.0,0.30803403606513613,0.290684856511908,0.0,5.0,5.0,0
07c471a1-71e5-478e-aa8c-6e6a7828f53c,6670ddb8-85fa-45e6-9af6-91adbac350a8,0.21363371967008263,0.6,9.0,0.39156184827044704,1.0,0.5273671033049591,0.12936862090556023,0.0,1.0,3.0,0
07c471a1-71e5-478e-aa8c-6e6a7828f53c,8977ae1e-0308-44ae-a8c8-f83ca0744d63,0.21363371967008263,0.6,9.0,0.39156184827044704,0.6,0.8507600711322102,0.25582976206381436,0.6,5.0,2.0,0
07c471a1-71e5-478e-aa8c-6e6a7828f53c,89df2650-7e95-4104-8f42-5cb62ffb481a,0.21363371967008263,0.6,9.0,0.39156184827044704,0.2,0.29630278019401196,0.3424606722909498,0.0,2.0,3.0,1
07c471a1-71e5-478e-aa8c-6e6a7828f53c,e8099b2a-0582-4c26-a562-02489ef37a4d,0.21363371967008263,0.6,9.0,0.39156184827044704,1.0,0.5135230437741315,0.3765636685032894,1.0,2.0,3.0,1
07c471a1-71e5-478e-aa8c-6e6a7828f53c,15ffb6f4-0363-4611-afec-93fefe2ffd83,0.21363371967008263,0.6,9.0,0.39156184827044704,0.2,0.9223427256162328,0.7798431272433336,0.3,5.0,3.0,1
07c471a1-71e5-478e-aa8c-6e6a7828f53c,b85c5447-3934-4a5f-a2ea-5cf406ba1386,0.21363371967008263,0.6,9.0,0.39156184827044704,0.2,0.7359215878835874,0.20471404262800852,1.0,5.0,3.0,0
07c471a1-71e5-478e-aa8c-6e6a7828f53c,29943de0-bf3c-49cd-84da-43ca10216d5a,0.21363371967008263,0.6,9.0,0.39156184827044704,1.0,0.24742902261843305,0.882207830248756,0.0,1.0,1.0,0
07c471a1-71e5-478e-aa8c-6e6a7828f53c,172d7aba-b1e9-40bf-b1cb-cf4e91d5184a,0.21363371967008263,0.6,9.0,0.39156184827044704,1.0,0.8526659690466724,0.6328103281975677,0.6,2.0,0.0,0
07c471a1-71e5-478e-aa8c-6e6a7828f53c,85930d8e-50d0-4f7b-acb8-caaac625dd0e,0.21363371967008263,0.6,9.0,0.39156184827044704,1.0,0.718363556324442,0.8165727833244342,0.6,0.0,0.0,0
07c471a1-71e5-478e-aa8c-6e6a7828f53c,9f019ca3-6a4d-4f1c-8cfd-4fc983011cd8,0.21363371967008263,0.6,9.0,0.39156184827044704,0.6,0.8592879525285462,0.4771610349793223,0.6,1.0,4.0,0
07c471a1-71e5-478e-aa8c-6e6a7828f53c,34df5d01-15ed-49be-beaf-1edba5ce73f3,0.21363371967008263,0.6,9.0,0.39156184827044704,0.2,0.570771685431961,0.8647552667165631,0.3,1.0,1.0,1
07c471a1-71e5-478e-aa8c-6e6a7828f53c,694b0a7e-d4bd-489d-991e-0fc7e0b7eae9,0.21363371967008263,0.6,9.0,0.39156184827044704,0.6,0.3343722183141432,0.2359196929431705,1.0,0.0,6.0,0
07c471a1-71e5-478e-aa8c-6e6a7828f53c,97ffd70a-47e9-4398-92a1-d66d4e4e7ac9,0.21363371967008263,0.6,9.0,0.39156184827044704,1.0,0.4738888800802551,0.7582398953411875,1.0,3.0,4.0,1
07c471a1-71e5-478e-aa8c-6e6a7828f53c,19d3638b-3623-485e-a7a3-bed4ec53eb28,0.21363371967008263,0.6,9.0,0.39156184827044704,0.2,0.22255292506683805,0.2999183439789205,0.0,1.0,2.0,0
07c471a1-71e5-478e-aa8c-6e6a7828f53c,773cb37f-03e9-462d-9f7c-bb397a470391,0.21363371967008263,0.6,9.0,0.39156184827044704,1.0,0.138085119243381,0.17870489763614517,0.6,0.0,5.0,1
07c471a1-71e5-478e-aa8c-6e6a7828f53c,225af4bb-7dea-491a-b6ce-984e91ad99bf,0.21363371967008263,0.6,9.0,0.39156184827044704,0.2,0.954287099322196,0.3931698082459284,0.3,3.0,5.0,1
07c471a1-71e5-478e-aa8c-6e6a7828f53c,775861d5-545e-4ddf-b332-3aabb9bd0e76,0.21363371967008263,0.6,9.0,0.39156184827044704,1.0,0.8513642364331833,0.05300666587800451,0.6,3.0,0.0,0
07c471a1-71e5-478e-aa8c-6e6a7828f53c,cd43d020-95b3-4fce-8795-f8fd1c5756af,0.21363371967008263,0.6,9.0,0.39156184827044704,0.6,0.5573941486973442,0.11632937988922598,0.3,4.0,3.0,0
07c471a1-71e5-478e-aa8c-6e6a7828f53c,bcc862ed-ee8c-4519-bd6f-df3684168181,0.21363371967008263,0.6,9.0,0.39156184827044704,1.0,0.9327717807626915,0.3397410335113047,0.3,5.0,6.0,0
07c471a1-71e5-478e-aa8c-6e6a7828f53c,8e97dadb-1a1b-42b9-ab2b-901aa2169415,0.21363371967008263,0.6,9.0,0.39156184827044704,0.6,0.4258214568056816,0.9395878832020562,1.0,0.0,6.0,0
07c471a1-71e5-478e-aa8c-6e6a7828f53c,ef4564ad-37cb-422e-9258-c0dd09e686d8,0.21363371967008263,0.6,9.0,0.39156184827044704,0.6,0.7134305197216956,0.4952020834976343,0.0,2.0,3.0,1
07c471a1-71e5-478e-aa8c-6e6a7828f53c,a8daf424-06ed-42c5-99ea-74a1e01591a9,0.21363371967008263,0.6,9.0,0.39156184827044704,0.6,0.6995840419204985,0.5852213104701965,0.0,0.0,2.0,0
07c471a1-71e5-478e-aa8c-6e6a7828f53c,df3f8908-754b-4f66-b4a5-0f54f1bbdef1,0.21363371967008263,0.6,9.0,0.39156184827044704,0.2,0.9006532918063022,0.624832175706485,0.6,0.0,2.0,0
07c471a1-71e5-478e-aa8c-6e6a7828f53c,f4511c0e-1907-4564-85be-6208646f9403,0.21363371967008263,0.6,9.0,0.39156184827044704,0.6,0.9737144331912416,0.8489993802384885,0.3,4.0,1.0,1
07c471a1-71e5-478e-aa8c-6e6a7828f53c,9913533d-faae-4d19-b26f-7d58e0c13607,0.21363371967008263,0.6,9.0,0.39156184827044704,0.6,0.8682957247821264,0.11927861507246895,0.3,4.0,6.0,1
07c471a1-71e5-478e-aa8c-6e6a7828f53c,7b512031-30a6-4d3c-8e53-4acf4b15efd9,0.21363371967008263,0.6,9.0,0.39156184827044704,0.6,0.20961141822392887,0.22555703805048077,1.0,5.0,6.0,0
07c471a1-71e5-478e-aa8c-6e6a7828f53c,7d8ed681-553e-4f86-8328-93bdf476bee2,0.21363371967008263,0.6,9.0,0.39156184827044704,0.6,0.8243337011258274,0.4855544869796419,1.0,0.0,4.0,0
07c471a1-71e5-478e-aa8c-6e6a7828f53c,d05c6a73-7fda-4aba-88c3-900cedb6b9a6,0.21363371967008263,0.6,9.0,0.39156184827044704,0.6,0.37465691625557584,0.04502897108590176,0.0,1.0,4.0,0
e29b7f64-e8c1-4a6f-87ff-9370e2537a12,d72916bd-ef8f-4502-bba8-725c04f85a5f,0.36861011471306315,1.0,2.0,0.26852276165430305,0.2,0.854828063402321,0.2603597878713769,0.0,2.0,1.0,1
e29b7f64-e8c1-4a6f-87ff-9370e2537a12,f2d9a85b-88a4-4950-96c1-3a460d8c8fab,0.36861011471306315,1.0,2.0,0.26852276165430305,1.0,0.3746902350991088,0.34879260140220214,0.3,1.0,6.0,0
e29b7f64-e8c1-4a6f-87ff-9370e2537a12,c1dad211-ef14-4930-9fde-65d8d01eb8a2,0.36861011471306315,1.0,2.0,0.26852276165430305,1.0,0.2775989588417923,0.19963019650413683,0.3,4.0,5.0,0
e29b7f64-e8c1-4a6f-87ff-9370e2537a12,7c817b5c-6572-44b4-8692-fb0a6e6339be,0.36861011471306315,1.0,2.0,0.26852276165430305,1.0,0.5648788196988385,0.6966139096390322,0.6,3.0,3.0,1
e29b7f64-e8c1-4a6f-87ff-9370e2537a12,d8d30dac-fd61-48d1-8bf9-aa602ff08b1b,0.36861011471306315,1.0,2.0,0.26852276165430305,0.6,0.5193853910130869,0.5025270481245171,0.0,0.0,3.0,0
e29b7f64-e8c1-4a6f-87ff-9370e2537a12,ca05174e-a4f7-4654-890c-a2d577d622a4,0.36861011471306315,1.0,2.0,0.26852276165430305,0.6,0.2772344656929614,0.3717860192537389,1.0,3.0,4.0,0
e29b7f64-e8c1-4a6f-87ff-9370e2537a12,b008e459-aec4-4940-b0b0-b9521473a99b,0.36861011471306315,1.0,2.0,0.26852276165430305,0.2,0.8465976222683373,0.22635650862391665,1.0,5.0,2.0,0
e29b7f64-e8c1-4a6f-87ff-9370e2537a12,f2d9a85b-88a4-4950-96c1-3a460d8c8fab,0.36861011471306315,1.0,2.0,0.26852276165430305,1.0,0.3746902350991088,0.34879260140220214,0.3,1.0,6.0,0
e29b7f64-e8c1-4a6f-87ff-9370e2537a12,b939da7f-028e-4294-87a9-cae844ef2396,0.36861011471306315,1.0,2.0,0.26852276165430305,1.0,0.28159591151234475,0.3654017291850822,1.0,1.0,1.0,1
e29b7f64-e8c1-4a6f-87ff-9370e2537a12,dfb0809f-a08c-4519-85d0-1f790e6cd5d9,0.36861011471306315,1.0,2.0,0.26852276165430305,1.0,0.12996439027292325,0.8581884567519729,1.0,0.0,0.0,0
e29b7f64-e8c1-4a6f-87ff-9370e2537a12,6c5eaa38-0652-4762-8f1b-fcb80dbf8936,0.36861011471306315,1.0,2.0,0.26852276165430305,0.6,0.23950518641691337,0.7304636636619138,0.6,1.0,0.0,0
e29b7f64-e8c1-4a6f-87ff-9370e2537a12,e2cc89a7-6e52-40e3-8411-87a3295c8a0e,0.36861011471306315,1.0,2.0,0.26852276165430305,0.2,0.3237254478661281,0.030381800897473776,0.3,3.0,0.0,1
e29b7f64-e8c1-4a6f-87ff-9370e2537a12,6194ece5-783c-4da7-bdc5-d5536c904afd,0.36861011471306315,1.0,2.0,0.26852276165430305,0.6,0.6048572623235224,0.928472011746639,0.3,5.0,0.0,0
e29b7f64-e8c1-4a6f-87ff-9370e2537a12,4e038b59-7940-4187-89a4-aa8900eb4584,0.36861011471306315,1.0,2.0,0.26852276165430305,0.6,0.8162686834681103,0.09548613580741361,0.3,4.0,1.0,0
e29b7f64-e8c1-4a6f-87ff-9370e2537a12,34aadaae-a82c-41a6-b6ac-2ab4f11a8047,0.36861011471306315,1.0,2.0,0.26852276165430305,0.2,0.11867463394112543,0.26611592959755015,0.6,1.0,6.0,1
e29b7f64-e8c1-4a6f-87ff-9370e2537a12,b5455ff3-4469-4b08-b2d0-3b4b8a9faa28,0.36861011471306315,1.0,2.0,0.26852276165430305,0.2,0.8168045396107254,0.12498281746751883,0.3,2.0,2.0,0
e29b7f64-e8c1-4a6f-87ff-9370e2537a12,01fe4a49-c1a0-4cc3-8dc8-8402e6b11064,0.36861011471306315,1.0,2.0,0.26852276165430305,1.0,0.6879754206461195,0.49287097672138225,0.3,4.0,4.0,0
e29b7f64-e8c1-4a6f-87ff-9370e2537a12,6a217f2a-6a27-417d-a68f-a01e2a149c82,0.36861011471306315,1.0,2.0,0.26852276165430305,1.0,0.6505590801619944,0.0878064055229939,0.6,4.0,1.0,0
e29b7f64-e8c1-4a6f-87ff-9370e2537a12,f9e2c26a-8651-45e9-95ac-020bf84e5d87,0.36861011471306315,1.0,2.0,0.26852276165430305,1.0,0.5925107460897749,0.3638178643767461,0.6,4.0,0.0,1
e29b7f64-e8c1-4a6f-87ff-9370e2537a12,b67ddff0-7385-4797-a300-4a5924cf13c8,0.36861011471306315,1.0,2.0,0.26852276165430305,1.0,0.3295857149138473,0.12338020427621188,1.0,4.0,6.0,0
e29b7f64-e8c1-4a6f-87ff-9370e2537a12,61f8b793-eb21-415f-be6a-1dace64c1dab,0.36861011471306315,1.0,2.0,0.26852276165430305,0.2,0.5789373941878594,0.5534783138488689,0.0,3.0,5.0,1
e29b7f64-e8c1-4a6f-87ff-9370e2537a12,3586835a-4f05-4964-8ca1-2138cebf95a6,0.36861011471306315,1.0,2.0,0.26852276165430305,1.0,0.6521758610516846,0.9475221766685487,0.0,3.0,3.0,0
e29b7f64-e8c1-4a6f-87ff-9370e2537a12,dfb0809f-a08c-4519-85d0-1f790e6cd5d9,0.36861011471306315,1.0,2.0,0.26852276165430305,1.0,0.12996439027292325,0.8581884567519729,1.0,2.0,0.0,0
e29b7f64-e8c1-4a6f-87ff-9370e2537a12,b9085332-b2b1-4b72-8021-b3b81398ce92,0.36861011471306315,1.0,2.0,0.26852276165430305,0.6,0.33544730729888195,0.5880404702366536,0.6,2.0,5.0,0
e29b7f64-e8c1-4a6f-87ff-9370e2537a12,d1505a61-3c3b-4c86-a8ae-c4ab1a296525,0.36861011471306315,1.0,2.0,0.26852276165430305,1.0,0.5383907575441277,0.2096336099684688,0.6,2.0,3.0,0
e29b7f64-e8c1-4a6f-87ff-9370e2537a12,5a34f357-525c-4e8c-9761-fca6c5ef4a54,0.36861011471306315,1.0,2.0,0.26852276165430305,1.0,0.32612342892093527,0.37000647225331373,0.3,5.0,6.0,0
e29b7f64-e8c1-4a6f-87ff-9370e2537a12,18d9fc90-579e-4041-988f-c2fa9da7d9f1,0.36861011471306315,1.0,2.0,0.26852276165430305,0.2,0.611318917479668,0.23509193379958115,0.3,3.0,1.0,0
e29b7f64-e8c1-4a6f-87ff-9370e2537a12,bcc862ed-ee8c-4519-bd6f-df3684168181,0.36861011471306315,1.0,2.0,0.26852276165430305,1.0,0.9327717807626915,0.3397410335113047,0.3,5.0,2.0,0
e29b7f64-e8c1-4a6f-87ff-9370e2537a12,694b0a7e-d4bd-489d-991e-0fc7e0b7eae9,0.36861011471306315,1.0,2.0,0.26852276165430305,0.6,0.3343722183141432,0.2359196929431705,1.0,5.0,0.0,0
e29b7f64-e8c1-4a6f-87ff-9370e2537a12,d879a756-cb6b-4026-a00a-656051801b5f,0.36861011471306315,1.0,2.0,0.26852276165430305,1.0,0.19670829855613808,0.6495454402345533,1.0,0.0,1.0,0
e29b7f64-e8c1-4a6f-87ff-9370e2537a12,b8a59f9c-9152-4e9d-9227-81b450029be0,0.36861011471306315,1.0,2.0,0.26852276165430305,0.2,0.9082416607735994,0.8438860705844703,1.0,5.0,1.0,0
e29b7f64-e8c1-4a6f-87ff-9370e2537a12,c3ccbfd0-fc33-4b81-bec0-7bb56f47c14f,0.36861011471306315,1.0,2.0,0.26852276165430305,1.0,0.7957102117424933,0.04996005462064468,1.0,1.0,4.0,0
e29b7f64-e8c1-4a6f-87ff-9370e2537a12,5e04770f-4a25-48a2-ad93-cef1ed97d455,0.36861011471306315,1.0,2.0,0.26852276165430305,1.0,0.6810890391339975,0.862719881758954,0.3,3.0,5.0,0
e29b7f64-e8c1-4a6f-87ff-9370e2537a12,8c20762d-72fc-4a90-9284-b697f6205faa,0.36861011471306315,1.0,2.0,0.26852276165430305,0.2,0.809327370784988,0.46262162923016714,0.6,4.0,2.0,0
e29b7f64-e8c1-4a6f-87ff-9370e2537a12,c0fc8404-31a2-4e51-8d19-2dec5d8f3a52,0.36861011471306315,1.0,2.0,0.26852276165430305,1.0,0.7233296207802987,0.9797696833559353,1.0,2.0,3.0,0
e29b7f64-e8c1-4a6f-87ff-9370e2537a12,16aa6851-6f56-441d-b1e3-84c8e2b58887,0.36861011471306315,1.0,2.0,0.26852276165430305,1.0,0.7017944767412314,0.7875435396564088,0.3,4.0,2.0,0
e29b7f64-e8c1-4a6f-87ff-9370e2537a12,5bccbbea-6061-4c3b-babf-9f5de9889c73,0.36861011471306315,1.0,2.0,0.26852276165430305,0.2,0.4789495794434827,0.42500061980149273,0.3,2.0,3.0,0
e29b7f64-e8c1-4a6f-87ff-9370e2537a12,10061fb7-f1ca-4d39-a324-536b4bc6d836,0.36861011471306315,1.0,2.0,0.26852276165430305,0.2,0.618739880361464,0.7410470610420968,1.0,0.0,0.0,0
e29b7f64-e8c1-4a6f-87ff-9370e2537a12,6059807a-e497-4a84-9074-8799b7986611,0.36861011471306315,1.0,2.0,0.26852276165430305,0.6,0.4781895633511416,0.7748754537301457,0.0,5.0,0.0,1
e29b7f64-e8c1-4a6f-87ff-9370e2537a12,1e4deb48-10af-482d-89be-a40b3cfa6237,0.36861011471306315,1.0,2.0,0.26852276165430305,0.2,0.45812006017454143,0.5670116153989458,0.0,1.0,2.0,1
08b45b82-d862-4edb-b30e-e513524875b6,f4511c0e-1907-4564-85be-6208646f9403,0.5401933243216297,0.2,17.0,0.8126675434455903,0.6,0.9737144331912416,0.8489993802384885,0.3,5.0,6.0,1
08b45b82-d862-4edb-b30e-e513524875b6,ce563c1b-e3b8-441d-8833-a4b1974ef8ad,0.5401933243216297,0.2,17.0,0.8126675434455903,0.2,0.2484209913313706,0.8711314111441384,0.6,1.0,2.0,1
08b45b82-d862-4edb-b30e-e513524875b6,3a71361b-e3e1-4223-b68a-ad50ca4dbe62,0.5401933243216297,0.2,17.0,0.8126675434455903,1.0,0.6047778022342388,0.49194088405803205,0.6,4.0,2.0,0
08b45b82-d862-4edb-b30e-e513524875b6,dd77c881-c04d-4f99-9177-d94ef20adb4f,0.5401933243216297,0.2,17.0,0.8126675434455903,0.6,0.616612541041993,0.6647291139113415,0.0,0.0,3.0,1
08b45b82-d862-4edb-b30e-e513524875b6,0b680785-5c4e-4ff3-90da-a95bdb6ddea3,0.5401933243216297,0.2,17.0,0.8126675434455903,1.0,0.9476882864447816,0.37902629176285674,0.0,2.0,6.0,0
08b45b82-d862-4edb-b30e-e513524875b6,86df6ab5-0a91-4c31-ae77-b6a97acaa3b6,0.5401933243216297,0.2,17.0,0.8126675434455903,0.2,0.6626325512293207,0.22621734088053103,1.0,1.0,4.0,0
08b45b82-d862-4edb-b30e-e513524875b6,686e3aa2-fafa-49b8-ae04-90315babb1d4,0.5401933243216297,0.2,17.0,0.8126675434455903,0.2,0.2485402182633587,0.3567460645487345,1.0,3.0,3.0,0
08b45b82-d862-4edb-b30e-e513524875b6,3feb240a-54de-4548-9d6d-6b68da72c588,0.5401933243216297,0.2,17.0,0.8126675434455903,0.6,0.3534939575862086,0.46875086538360267,0.6,0.0,4.0,0
08b45b82-d862-4edb-b30e-e513524875b6,015a673e-67b9-4560-949f-f0f29ba09691,0.5401933243216297,0.2,17.0,0.8126675434455903,0.6,0.772469818793257,0.851704139635052,0.0,4.0,3.0,0
08b45b82-d862-4edb-b30e-e513524875b6,897e2fd6-d062-4d6b-8350-be1ff289f7d2,0.5401933243216297,0.2,17.0,0.8126675434455903,1.0,0.27839323550003814,0.5426957391813381,1.0,0.0,3.0,0
08b45b82-d862-4edb-b30e-e513524875b6,87a7aeb8-bf34-460e-bb3c-fbe35cf1ef81,0.5401933243216297,0.2,17.0,0.8126675434455903,1.0,0.7885085605778664,0.825897641598029,0.6,4.0,5.0,0
08b45b82-d862-4edb-b30e-e513524875b6,667e3056-15dd-4db1-8e1b-b615cf4a3827,0.5401933243216297,0.2,17.0,0.8126675434455903,0.6,0.15606825708589728,0.7606037779959967,0.0,0.0,0.0,1
08b45b82-d862-4edb-b30e-e513524875b6,85ca56ac-d00f-4985-9a10-09bdbdcf0764,0.5401933243216297,0.2,17.0,0.8126675434455903,1.0,0.7672921606674585,0.4762417440869502,0.3,2.0,6.0,1
08b45b82-d862-4edb-b30e-e513524875b6,09a8b01c-9886-431b-860f-484d959f9fd8,0.5401933243216297,0.2,17.0,0.8126675434455903,0.2,0.7949409365509817,0.650881327422057,0.0,3.0,0.0,0
08b45b82-d862-4edb-b30e-e513524875b6,d72916bd-ef8f-4502-bba8-725c04f85a5f,0.5401933243216297,0.2,17.0,0.8126675434455903,0.2,0.854828063402321,0.2603597878713769,0.0,2.0,0.0,1
08b45b82-d862-4edb-b30e-e513524875b6,5a34f357-525c-4e8c-9761-fca6c5ef4a54,0.5401933243216297,0.2,17.0,0.8126675434455903,1.0,0.32612342892093527,0.37000647225331373,0.3,4.0,0.0,1
08b45b82-d862-4edb-b30e-e513524875b6,b7334163-6b0b-4be1-b584-94370f17d451,0.5401933243216297,0.2,17.0,0.8126675434455903,1.0,0.6214743123780008,0.24793030815786732,0.6,0.0,2.0,0
08b45b82-d862-4edb-b30e-e513524875b6,547da744-4911-48fa-9b2f-1b550cf8ac17,0.5401933243216297,0.2,17.0,0.8126675434455903,1.0,0.45632620168229077,0.11858678619598295,1.0,3.0,5.0,0
08b45b82-d862-4edb-b30e-e513524875b6,10fa412c-7efe-46f7-89b0-c6aa11d87532,0.5401933243216297,0.2,17.0,0.8126675434455903,1.0,0.911960789245008,0.6298188715387788,0.3,2.0,0.0,0
08b45b82-d862-4edb-b30e-e513524875b6,a38cc35a-c8b1-493c-ad3e-67dba34f85e7,0.5401933243216297,0.2,17.0,0.8126675434455903,0.6,0.41036269496507194,0.08761541400278205,0.0,3.0,4.0,0
08b45b82-d862-4edb-b30e-e513524875b6,90b5993b-1b5d-4363-8738-1f1566b34091,0.5401933243216297,0.2,17.0,0.8126675434455903,0.2,0.20193175818065728,0.8491249460757495,1.0,0.0,5.0,1
08b45b82-d862-4edb-b30e-e513524875b6,3fb0a35d-d0bf-4534-9f63-995064c4e8af,0.5401933243216297,0.2,17.0,0.8126675434455903,0.2,0.4877773325800844,0.17627426660923395,0.3,5.0,2.0,1
08b45b82-d862-4edb-b30e-e513524875b6,5e05eec7-1e62-4d54-96f8-a536e832863a,0.5401933243216297,0.2,17.0,0.8126675434455903,0.2,0.99982637880827,0.7415351340320897,0.0,1.0,3.0,0
08b45b82-d862-4edb-b30e-e513524875b6,b1ecfa5c-68a1-4a8a-846a-dfb97027e1f6,0.5401933243216297,0.2,17.0,0.8126675434455903,0.6,0.47396075244655456,0.7794108057492125,1.0,4.0,1.0,1
08b45b82-d862-4edb-b30e-e513524875b6,8d8bd000-8a84-4c8b-bdc8-797008544155,0.5401933243216297,0.2,17.0,0.8126675434455903,1.0,0.14606305453676433,0.13377939697072627,0.0,3.0,6.0,0
08b45b82-d862-4edb-b30e-e513524875b6,4b297a66-3334-402c-af3b-f9ee2b621b0b,0.5401933243216297,0.2,17.0,0.8126675434455903,0.2,0.16180119098371584,0.2582859429792861,0.0,5.0,6.0,1
08b45b82-d862-4edb-b30e-e513524875b6,4ba8e189-dadf-4dd5-b53d-7c4e20e6a1b9,0.5401933243216297,0.2,17.0,0.8126675434455903,1.0,0.4261308026245366,0.5885791737632688,0.3,0.0,4.0,0
08b45b82-d862-4edb-b30e-e513524875b6,50485b49-6f87-4fbb-a6d8-cc894f5ad343,0.5401933243216297,0.2,17.0,0.8126675434455903,0.2,0.489665412099198,0.42118413108785735,0.3,2.0,6.0,0
08b45b82-d862-4edb-b30e-e513524875b6,0b449292-cc57-4b11-94d1-9d0d6fdf931d,0.5401933243216297,0.2,17.0,0.8126675434455903,0.2,0.24562239677446035,0.4286144615110886,0.6,2.0,3.0,1
08b45b82-d862-4edb-b30e-e513524875b6,9f019ca3-6a4d-4f1c-8cfd-4fc983011cd8,0.5401933243216297,0.2,17.0,0.8126675434455903,0.6,0.8592879525285462,0.4771610349793223,0.6,3.0,2.0,1
08b45b82-d862-4edb-b30e-e513524875b6,e45bd99d-504e-4e64-83b1-c517b6b084cf,0.5401933243216297,0.2,17.0,0.8126675434455903,1.0,0.2973675063752232,0.26685392748809267,0.0,1.0,0.0,0
08b45b82-d862-4edb-b30e-e513524875b6,8c822518-d0dc-460d-93c7-d9d033a078ba,0.5401933243216297,0.2,17.0,0.8126675434455903,1.0,0.5475099359609544,0.9553256935848943,1.0,4.0,3.0,0
08b45b82-d862-4edb-b30e-e513524875b6,dd23fd07-88e1-462e-bc3b-00e51b7428ff,0.5401933243216297,0.2,17.0,0.8126675434455903,0.2,0.9167390499607783,0.453942637731402,1.0,2.0,5.0,1
08b45b82-d862-4edb-b30e-e513524875b6,fda140a2-2654-463e-a825-e101e2f7921b,0.5401933243216297,0.2,17.0,0.8126675434455903,0.2,0.3998020556294877,0.9744658783076392,0.0,4.0,5.0,1
08b45b82-d862-4edb-b30e-e513524875b6,15b5cdd7-9aed-490f-9cb8-4f9a900eb398,0.5401933243216297,0.2,17.0,0.8126675434455903,0.2,0.17789822129463906,0.6431782959777482,0.0,3.0,1.0,0
08b45b82-d862-4edb-b30e-e513524875b6,be7b953b-bf68-42e7-957e-b6f8f29af69d,0.5401933243216297,0.2,17.0,0.8126675434455903,1.0,0.6945243897343877,0.4669732371344246,1.0,3.0,3.0,0
08b45b82-d862-4edb-b30e-e513524875b6,6a24fb3d-8584-44db-80ec-a8943d9d4953,0.5401933243216297,0.2,17.0,0.8126675434455903,0.2,0.7990830790974275,0.6468922285040184,0.6,5.0,1.0,1
08b45b82-d862-4edb-b30e-e513524875b6,e8df6458-6771-4ac9-9072-87c3e1750d40,0.5401933243216297,0.2,17.0,0.8126675434455903,0.2,0.43364799363262085,0.28863566461256474,0.0,5.0,1.0,1
08b45b82-d862-4edb-b30e-e513524875b6,04b630df-e955-44a2-ba81-7807bb8bbf0e,0.5401933243216297,0.2,17.0,0.8126675434455903,0.6,0.26969467315661044,0.7945253868283686,1.0,1.0,0.0,1
08b45b82-d862-4edb-b30e-e513524875b6,020ff159-4271-4aa5-87f3-9295346f6563,0.5401933243216297,0.2,17.0,0.8126675434455903,0.6,0.31530071999913584,0.1616253953204818,0.0,3.0,3.0,1
623aa40e-6547-40be-a8e3-f833b07d2f13,31a8a011-26d9-417f-9acd-2dc1aa620cb1,0.28987402514983396,0.6,17.0,0.33210156717930217,0.6,0.8578772412513512,0.31368145278296056,0.6,1.0,1.0,1
623aa40e-6547-40be-a8e3-f833b07d2f13,b76881f6-7f27-4c43-8ef9-41162752919f,0.28987402514983396,0.6,17.0,0.33210156717930217,1.0,0.440401152269174,0.05205596231391263,0.0,5.0,4.0,0
623aa40e-6547-40be-a8e3-f833b07d2f13,16aa6851-6f56-441d-b1e3-84c8e2b58887,0.28987402514983396,0.6,17.0,0.33210156717930217,1.0,0.7017944767412314,0.7875435396564088,0.3,0.0,0.0,1
623aa40e-6547-40be-a8e3-f833b07d2f13,0279e518-1bb2-4b7d-adb3-74104bab7995,0.28987402514983396,0.6,17.0,0.33210156717930217,1.0,0.48298817741352884,0.6867808649438274,0.6,0.0,3.0,0
623aa40e-6547-40be-a8e3-f833b07d2f13,34aadaae-a82c-41a6-b6ac-2ab4f11a8047,0.28987402514983396,0.6,17.0,0.33210156717930217,0.2,0.11867463394112543,0.26611592959755015,0.6,3.0,6.0,1
623aa40e-6547-40be-a8e3-f833b07d2f13,dfb0809f-a08c-4519-85d0-1f790e6cd5d9,0.28987402514983396,0.6,17.0,0.33210156717930217,1.0,0.12996439027292325,0.8581884567519729,1.0,4.0,5.0,1
623aa40e-6547-40be-a8e3-f833b07d2f13,8c20762d-72fc-4a90-9284-b697f6205faa,0.28987402514983396,0.6,17.0,0.33210156717930217,0.2,0.809327370784988,0.46262162923016714,0.6,4.0,2.0,1
623aa40e-6547-40be-a8e3-f833b07d2f13,5bccbbea-6061-4c3b-babf-9f5de9889c73,0.28987402514983396,0.6,17.0,0.33210156717930217,0.2,0.4789495794434827,0.42500061980149273,0.3,2.0,2.0,0
623aa40e-6547-40be-a8e3-f833b07d2f13,230352f2-770a-46c0-abe4-d7625139ab5e,0.28987402514983396,0.6,17.0,0.33210156717930217,0.2,0.6004574087726475,0.5930492421524886,0.0,3.0,1.0,1
623aa40e-6547-40be-a8e3-f833b07d2f13,b306c2e8-e14e-48ab-ba50-0a1e2c26a1c9,0.28987402514983396,0.6,17.0,0.33210156717930217,0.2,0.3501289126422822,0.7428895955658196,0.3,3.0,3.0,0
623aa40e-6547-40be-a8e3-f833b07d2f13,694b0a7e-d4bd-489d-991e-0fc7e0b7eae9,0.28987402514983396,0.6,17.0,0.33210156717930217,0.6,0.3343722183141432,0.2359196929431705,1.0,4.0,2.0,1
623aa40e-6547-40be-a8e3-f833b07d2f13,4df06409-5880-4fd2-840e-02e90385cc4e,0.28987402514983396,0.6,17.0,0.33210156717930217,1.0,0.19470747542775022,0.6843276576228667,0.0,3.0,3.0,0
623aa40e-6547-40be-a8e3-f833b07d2f13,ef4564ad-37cb-422e-9258-c0dd09e686d8,0.28987402514983396,0.6,17.0,0.33210156717930217,0.6,0.7134305197216956,0.4952020834976343,0.0,2.0,3.0,0
623aa40e-6547-40be-a8e3-f833b07d2f13,85736eaa-5d46-446f-bc37-90664659af7c,0.28987402514983396,0.6,17.0,0.33210156717930217,0.2,0.5071632128531129,0.5363921784426651,0.3,5.0,4.0,0
623aa40e-6547-40be-a8e3-f833b07d2f13,c777c23f-b2f3-4f1d-bbea-1e7286fac786,0.28987402514983396,0.6,17.0,0.33210156717930217,0.2,0.9597491309827612,0.04607692524933382,0.0,5.0,6.0,1
623aa40e-6547-40be-a8e3-f833b07d2f13,3ddfda87-b4e3-4c16-8683-a4523f15acf2,0.28987402514983396,0.6,17.0,0.33210156717930217,1.0,0.9807055615364045,0.6381156208224877,0.3,2.0,5.0,0
623aa40e-6547-40be-a8e3-f833b07d2f13,5bccbbea-6061-4c3b-babf-9f5de9889c73,0.28987402514983396,0.6,17.0,0.33210156717930217,0.2,0.4789495794434827,0.42500061980149273,0.3,4.0,6.0,1
623aa40e-6547-40be-a8e3-f833b07d2f13,b972f906-99a3-4c64-8a3c-52215d80d34b,0.28987402514983396,0.6,17.0,0.33210156717930217,0.2,0.7557609477960204,0.33890958121625947,0.3,3.0,2.0,0
623aa40e-6547-40be-a8e3-f833b07d2f13,230352f2-770a-46c0-abe4-d7625139ab5e,0.28987402514983396,0.6,17.0,0.33210156717930217,0.2,0.6004574087726475,0.5930492421524886,0.0,2.0,1.0,1
623aa40e-6547-40be-a8e3-f833b07d2f13,72e21539-04f0-470f-b69d-9a418f7ff37b,0.28987402514983396,0.6,17.0,0.33210156717930217,0.2,0.6144010067276086,0.8682015664155024,0.6,5.0,2.0,0
623aa40e-6547-40be-a8e3-f833b07d2f13,b1ef27f4-c212-4d80-95b3-1ccfcccee40b,0.28987402514983396,0.6,17.0,0.33210156717930217,1.0,0.273179116013828,0.9075422104826739,1.0,0.0,2.0,0
623aa40e-6547-40be-a8e3-f833b07d2f13,694b0a7e-d4bd-489d-991e-0fc7e0b7eae9,0.28987402514983396,0.6,17.0,0.33210156717930217,0.6,0.3343722183141432,0.2359196929431705,1.0,3.0,5.0,0
623aa40e-6547-40be-a8e3-f833b07d2f13,290546aa-9a27-44b0-96cf-1cbe5de0ac63,0.28987402514983396,0.6,17.0,0.33210156717930217,0.2,0.8840031953521331,0.909469052204089,0.3,0.0,6.0,1
623aa40e-6547-40be-a8e3-f833b07d2f13,94f447d1-ce40-4abc-9492-1b4fa652cdf8,0.28987402514983396,0.6,17.0,0.33210156717930217,0.2,0.7747992350688047,0.24068147068829215,1.0,2.0,3.0,0
623aa40e-6547-40be-a8e3-f833b07d2f13,1e4deb48-10af-482d-89be-a40b3cfa6237,0.28987402514983396,0.6,17.0,0.33210156717930217,0.2,0.45812006017454143,0.5670116153989458,0.0,3.0,5.0,1
623aa40e-6547-40be-a8e3-f833b07d2f13,61f8b793-eb21-415f-be6a-1dace64c1dab,0.28987402514983396,0.6,17.0,0.33210156717930217,0.2,0.5789373941878594,0.5534783138488689,0.0,5.0,3.0,1
623aa40e-6547-40be-a8e3-f833b07d2f13,5145c478-0b39-4ab7-a906-e1b9735ba3ce,0.28987402514983396,0.6,17.0,0.33210156717930217,0.6,0.8786936977058606,0.9587100682359623,1.0,1.0,5.0,0
623aa40e-6547-40be-a8e3-f833b07d2f13,19e80ef1-4224-4720-a093-1f15d029cdae,0.28987402514983396,0.6,17.0,0.33210156717930217,1.0,0.8175424886601043,0.7192671703216541,0.6,1.0,1.0,0
623aa40e-6547-40be-a8e3-f833b07d2f13,7e5fb408-a839-4c94-af31-f8f846c10b16,0.28987402514983396,0.6,17.0,0.33210156717930217,0.6,0.3750883081968893,0.7913034251586659,1.0,4.0,5.0,0
623aa40e-6547-40be-a8e3-f833b07d2f13,74148153-f45d-4239-a353-bd87a356743e,0.28987402514983396,0.6,17.0,0.33210156717930217,0.6,0.6999994035333063,0.6902791079691951,0.6,3.0,6.0,1
623aa40e-6547-40be-a8e3-f833b07d2f13,1e4deb48-10af-482d-89be-a40b3cfa6237,0.28987402514983396,0.6,17.0,0.33210156717930217,0.2,0.45812006017454143,0.5670116153989458,0.0,2.0,1.0,1
623aa40e-6547-40be-a8e3-f833b07d2f13,6670ddb8-85fa-45e6-9af6-91adbac350a8,0.28987402514983396,0.6,17.0,0.33210156717930217,1.0,0.5273671033049591,0.12936862090556023,0.0,3.0,6.0,1
623aa40e-6547-40be-a8e3-f833b07d2f13,bc2b645f-2327-4ce9-a2d2-c4dfb4c037a4,0.28987402514983396,0.6,17.0,0.33210156717930217,0.6,0.565732669170513,0.9898859782322003,1.0,4.0,5.0,1
623aa40e-6547-40be-a8e3-f833b07d2f13,f62e1330-1cf0-425f-9f10-6ddf9042abcd,0.28987402514983396,0.6,17.0,0.33210156717930217,1.0,0.9321622696421319,0.2356252848280802,1.0,3.0,1.0,0
623aa40e-6547-40be-a8e3-f833b07d2f13,7bf57e1f-8d6e-4525-9822-40fe99cb92db,0.28987402514983396,0.6,17.0,0.33210156717930217,0.6,0.646849787279288,0.8371345930324872,0.6,3.0,4.0,1
623aa40e-6547-40be-a8e3-f833b07d2f13,f62e1330-1cf0-425f-9f10-6ddf9042abcd,0.28987402514983396,0.6,17.0,0.33210156717930217,1.0,0.9321622696421319,0.2356252848280802,1.0,2.0,1.0,1
623aa40e-6547-40be-a8e3-f833b07d2f13,c1dad211-ef14-4930-9fde-65d8d01eb8a2,0.28987402514983396,0.6,17.0,0.33210156717930217,1.0,0.2775989588417923,0.19963019650413683,0.3,3.0,6.0,0
623aa40e-6547-40be-a8e3-f833b07d2f13,b9085332-b2b1-4b72-8021-b3b81398ce92,0.28987402514983396,0.6,17.0,0.33210156717930217,0.6,0.33544730729888195,0.5880404702366536,0.6,0.0,1.0,1
623aa40e-6547-40be-a8e3-f833b07d2f13,2e56c0c7-a2d4-4606-8362-ead47ba989cf,0.28987402514983396,0.6,17.0,0.33210156717930217,1.0,0.9838404823093492,0.5555768002260758,0.0,2.0,5.0,1
623aa40e-6547-40be-a8e3-f833b07d2f13,4e038b59-7940-4187-89a4-aa8900eb4584,0.28987402514983396,0.6,17.0,0.33210156717930217,0.6,0.8162686834681103,0.09548613580741361,0.3,4.0,1.0,1
78f2167e-6801-4028-b547-a0a2e8e84f06,2e62bb91-bbcc-427c-86f2-60487a06e1ea,0.5693716511927778,1.0,13.0,0.9714903248059643,0.6,0.9970298553106509,0.5346422845071757,0.3,3.0,1.0,1
78f2167e-6801-4028-b547-a0a2e8e84f06,18d9fc90-579e-4041-988f-c2fa9da7d9f1,0.5693716511927778,1.0,13.0,0.9714903248059643,0.2,0.611318917479668,0.23509193379958115,0.3,2.0,1.0,0
78f2167e-6801-4028-b547-a0a2e8e84f06,9f7ae8c9-dc90-4236-adb6-2109245d9021,0.5693716511927778,1.0,13.0,0.9714903248059643,0.6,0.8963101399292399,0.12506351553810924,0.0,4.0,5.0,1
78f2167e-6801-4028-b547-a0a2e8e84f06,b08c5e45-1706-4711-993f-50cbf58e2335,0.5693716511927778,1.0,13.0,0.9714903248059643,0.6,0.7901117853804409,0.22604311984039915,0.0,1.0,6.0,0
78f2167e-6801-4028-b547-a0a2e8e84f06,7e095f22-5248-4ba3-b91c-aefd7470fd6a,0.5693716511927778,1.0,13.0,0.9714903248059643,0.6,0.520298671705361,0.6766771512956176,0.3,5.0,3.0,0
78f2167e-6801-4028-b547-a0a2e8e84f06,7d674302-c495-4faa-b60b-2f991e7f10b1,0.5693716511927778,1.0,13.0,0.9714903248059643,0.6,0.6945598719886059,0.6688730857607941,1.0,0.0,0.0,1
78f2167e-6801-4028-b547-a0a2e8e84f06,230352f2-770a-46c0-abe4-d7625139ab5e,0.5693716511927778,1.0,13.0,0.9714903248059643,0.2,0.6004574087726475,0.5930492421524886,0.0,3.0,2.0,0
78f2167e-6801-4028-b547-a0a2e8e84f06,0d91a5c8-4b22-4198-b963-be98907527f4,0.5693716511927778,1.0,13.0,0.9714903248059643,0.2,0.36811976533001634,0.7445398250927052,0.0,0.0,2.0,1
78f2167e-6801-4028-b547-a0a2e8e84f06,bf1c16a4-e182-4ecc-8023-e458da60daac,0.5693716511927778,1.0,13.0,0.9714903248059643,1.0,0.24964749169716674,0.6258043806862246,0.6,5.0,2.0,0
78f2167e-6801-4028-b547-a0a2e8e84f06,6c5eaa38-0652-4762-8f1b-fcb80dbf8936,0.5693716511927778,1.0,13.0,0.9714903248059643,0.6,0.23950518641691337,0.7304636636619138,0.6,4.0,1.0,0
78f2167e-6801-4028-b547-a0a2e8e84f06,c3ccbfd0-fc33-4b81-bec0-7bb56f47c14f,0.5693716511927778,1.0,13.0,0.9714903248059643,1.0,0.7957102117424933,0.04996005462064468,1.0,3.0,1.0,0
78f2167e-6801-4028-b547-a0a2e8e84f06,cf67b867-661f-4761-aa9e-bd64b50cabad,0.5693716511927778,1.0,13.0,0.9714903248059643,0.6,0.9775452477834666,0.8291857681957223,0.6,1.0,2.0,1
78f2167e-6801-4028-b547-a0a2e8e84f06,78c12d9f-999b-460d-b319-9bd7627866b0,0.5693716511927778,1.0,13.0,0.9714903248059643,0.2,0.5225456025796394,0.35235373770664025,0.3,3.0,6.0,1
78f2167e-6801-4028-b547-a0a2e8e84f06,aaf45fe2-a218-49a4-8030-1b040505fcc2,0.5693716511927778,1.0,13.0,0.9714903248059643,0.2,0.36982601339710064,0.6947724975849392,0.3,3.0,2.0,1
78f2167e-6801-4028-b547-a0a2e8e84f06,6e8ca283-10c7-434c-826a-837f38ec5444,0.5693716511927778,1.0,13.0,0.9714903248059643,0.2,0.6513768543337128,0.6342982912007427,1.0,4.0,2.0,1
78f2167e-6801-4028-b547-a0a2e8e84f06,694b0a7e-d4bd-489d-991e-0fc7e0b7eae9,0.5693716511927778,1.0,13.0,0.9714903248059643,0.6,0.3343722183141432,0.2359196929431705,1.0,1.0,4.0,1
78f2167e-6801-4028-b547-a0a2e8e84f06,d91ea030-edc5-4199-b235-b4f2746330e6,0.5693716511927778,1.0,13.0,0.9714903248059643,1.0,0.7413528687367448,0.2371548448306322,0.6,0.0,1.0,1
78f2167e-6801-4028-b547-a0a2e8e84f06,31a8a011-26d9-417f-9acd-2dc1aa620cb1,0.5693716511927778,1.0,13.0,0.9714903248059643,0.6,0.8578772412513512,0.31368145278296056,0.6,3.0,2.0,1
78f2167e-6801-4028-b547-a0a2e8e84f06,1f1d5ce2-33eb-44b8-b139-1507fb4718cc,0.5693716511927778,1.0,13.0,0.9714903248059643,1.0,0.5291681488699617,0.6223076451667475,0.0,3.0,0.0,0
78f2167e-6801-4028-b547-a0a2e8e84f06,b08e025f-b00e-487d-9769-6e771d335fcd,0.5693716511927778,1.0,13.0,0.9714903248059643,0.6,0.35587631985892465,0.5051778789164922,0.3,3.0,3.0,0
78f2167e-6801-4028-b547-a0a2e8e84f06,5ac7df38-e13e-4ddf-ac1d-8bd8825c2903,0.5693716511927778,1.0,13.0,0.9714903248059643,0.2,0.5606417702241059,0.9155246766150124,0.0,0.0,2.0,0
78f2167e-6801-4028-b547-a0a2e8e84f06,ad90952f-caf0-425d-8039-7263f702df91,0.5693716511927778,1.0,13.0,0.9714903248059643,0.2,0.9254823202465832,0.36840241779614114,0.0,1.0,5.0,1
78f2167e-6801-4028-b547-a0a2e8e84f06,5939c634-d641-4ed7-8910-517780e88b75,0.5693716511927778,1.0,13.0,0.9714903248059643,0.6,0.7523652503478826,0.6850593430585846,0.3,1.0,4.0,1
78f2167e-6801-4028-b547-a0a2e8e84f06,8618c927-9c33-4057-8bfe-9828bd93601a,0.5693716511927778,1.0,13.0,0.9714903248059643,0.6,0.22804722680585615,0.021203888490483047,0.6,1.0,3.0,1
78f2167e-6801-4028-b547-a0a2e8e84f06,6059807a-e497-4a84-9074-8799b7986611,0.5693716511927778,1.0,13.0,0.9714903248059643,0.6,0.4781895633511416,0.7748754537301457,0.0,5.0,0.0,1
78f2167e-6801-4028-b547-a0a2e8e84f06,5bccbbea-6061-4c3b-babf-9f5de9889c73,0.5693716511927778,1.0,13.0,0.9714903248059643,0.2,0.4789495794434827,0.42500061980149273,0.3,3.0,2.0,0
78f2167e-6801-4028-b547-a0a2e8e84f06,160450d5-9356-496d-a71d-78413a2828c7,0.5693716511927778,1.0,13.0,0.9714903248059643,0.2,0.6437789001540966,0.8506322574276396,1.0,1.0,0.0,0
78f2167e-6801-4028-b547-a0a2e8e84f06,9ba51c49-9d6a-423a-905e-593237ec3ec2,0.5693716511927778,1.0,13.0,0.9714903248059643,0.2,0.5056427924137512,0.14164644156570538,1.0,3.0,5.0,1
78f2167e-6801-4028-b547-a0a2e8e84f06,92da4efc-92e2-4b63-a697-25a464242c2d,0.5693716511927778,1.0,13.0,0.9714903248059643,1.0,0.6595170148426077,0.9265692444764961,1.0,2.0,0.0,0
78f2167e-6801-4028-b547-a0a2e8e84f06,4590aaee-b789-46de-a082-c6807a962ec2,0.5693716511927778,1.0,13.0,0.9714903248059643,1.0,0.9792453221449127,0.1694110619506124,1.0,5.0,5.0,0
78f2167e-6801-4028-b547-a0a2e8e84f06,7e5fb408-a839-4c94-af31-f8f846c10b16,0.5693716511927778,1.0,13.0,0.9714903248059643,0.6,0.3750883081968893,0.7913034251586659,1.0,1.0,6.0,0
78f2167e-6801-4028-b547-a0a2e8e84f06,160450d5-9356-496d-a71d-78413a2828c7,0.5693716511927778,1.0,13.0,0.9714903248059643,0.2,0.6437789001540966,0.8506322574276396,1.0,0.0,5.0,0
78f2167e-6801-4028-b547-a0a2e8e84f06,e33220eb-1aa5-4702-8b7f-82096cbf244c,0.5693716511927778,1.0,13.0,0.9714903248059643,0.2,0.8045091416614435,0.9303962480539164,0.0,0.0,3.0,1
78f2167e-6801-4028-b547-a0a2e8e84f06,c0fc8404-31a2-4e51-8d19-2dec5d8f3a52,0.5693716511927778,1.0,13.0,0.9714903248059643,1.0,0.7233296207802987,0.9797696833559353,1.0,0.0,0.0,1
78f2167e-6801-4028-b547-a0a2e8e84f06,153d2d46-4437-4840-90a1-e5308394b291,0.5693716511927778,1.0,13.0,0.9714903248059643,0.6,0.8859430875649702,0.004809331333315514,0.6,2.0,5.0,0
78f2167e-6801-4028-b547-a0a2e8e84f06,fccbd80d-e8cc-4cf0-adb9-85c0aa640f7f,0.5693716511927778,1.0,13.0,0.9714903248059643,1.0,0.7950919292205237,0.850748587791265,0.0,2.0,3.0,0
78f2167e-6801-4028-b547-a0a2e8e84f06,020ff159-4271-4aa5-87f3-9295346f6563,0.5693716511927778,1.0,13.0,0.9714903248059643,0.6,0.31530071999913584,0.1616253953204818,0.0,5.0,4.0,0
78f2167e-6801-4028-b547-a0a2e8e84f06,1f8de1f5-f4a5-410b-85f9-a2177b221fd0,0.5693716511927778,1.0,13.0,0.9714903248059643,0.2,0.9355406398663405,0.9993664824422813,1.0,4.0,1.0,0
78f2167e-6801-4028-b547-a0a2e8e84f06,bcc862ed-ee8c-4519-bd6f-df3684168181,0.5693716511927778,1.0,13.0,0.9714903248059643,1.0,0.9327717807626915,0.3397410335113047,0.3,2.0,4.0,1
78f2167e-6801-4028-b547-a0a2e8e84f06,290546aa-9a27-44b0-96cf-1cbe5de0ac63,0.5693716511927778,1.0,13.0,0.9714903248059643,0.2,0.8840031953521331,0.909469052204089,0.3,2.0,4.0,1
235aefbe-9b8b-4a71-8212-c077234b0ee2,4b297a66-3334-402c-af3b-f9ee2b621b0b,0.8502394451015238,1.0,6.0,0.7703591782552974,0.2,0.16180119098371584,0.2582859429792861,0.0,0.0,4.0,1
235aefbe-9b8b-4a71-8212-c077234b0ee2,fc4acfb5-647c-49b2-9c8c-e8b0e4b17239,0.8502394451015238,1.0,6.0,0.7703591782552974,0.6,0.9661698956227394,0.22641288621518874,0.0,5.0,5.0,0
235aefbe-9b8b-4a71-8212-c077234b0ee2,c1dad211-ef14-4930-9fde-65d8d01eb8a2,0.8502394451015238,1.0,6.0,0.7703591782552974,1.0,0.2775989588417923,0.19963019650413683,0.3,5.0,5.0,1
235aefbe-9b8b-4a71-8212-c077234b0ee2,5e05eec7-1e62-4d54-96f8-a536e832863a,0.8502394451015238,1.0,6.0,0.7703591782552974,0.2,0.99982637880827,0.7415351340320897,0.0,0.0,6.0,1
235aefbe-9b8b-4a71-8212-c077234b0ee2,78c12d9f-999b-460d-b319-9bd7627866b0,0.8502394451015238,1.0,6.0,0.7703591782552974,0.2,0.5225456025796394,0.35235373770664025,0.3,5.0,2.0,1
235aefbe-9b8b-4a71-8212-c077234b0ee2,786a081e-bed1-4dd5-af8f-b24a2969db27,0.8502394451015238,1.0,6.0,0.7703591782552974,1.0,0.2204606202831086,0.8790686327551894,0.6,4.0,0.0,0
235aefbe-9b8b-4a71-8212-c077234b0ee2,319d65cc-35fb-4fd2-8d36-0aaeae8c1599,0.8502394451015238,1.0,6.0,0.7703591782552974,0.2,0.3492163442071033,0.6358648613159886,0.3,0.0,4.0,1
235aefbe-9b8b-4a71-8212-c077234b0ee2,6df290df-6194-497e-9997-fd6713e1435f,0.8502394451015238,1.0,6.0,0.7703591782552974,1.0,0.7637061762371852,0.8809980926459479,0.6,2.0,2.0,1
235aefbe-9b8b-4a71-8212-c077234b0ee2,3fb0a35d-d0bf-4534-9f63-995064c4e8af,0.8502394451015238,1.0,6.0,0.7703591782552974,0.2,0.4877773325800844,0.17627426660923395,0.3,0.0,0.0,1
235aefbe-9b8b-4a71-8212-c077234b0ee2,b7c1594e-c23f-4a6c-b842-737b0c93b147,0.8502394451015238,1.0,6.0,0.7703591782552974,1.0,0.3323463750225212,0.10510906779710338,0.3,3.0,0.0,0
235aefbe-9b8b-4a71-8212-c077234b0ee2,0279e518-1bb2-4b7d-adb3-74104bab7995,0.8502394451015238,1.0,6.0,0.7703591782552974,1.0,0.48298817741352884,0.6867808649438274,0.6,2.0,4.0,0
235aefbe-9b8b-4a71-8212-c077234b0ee2,0b680785-5c4e-4ff3-90da-a95bdb6ddea3,0.8502394451015238,1.0,6.0,0.7703591782552974,1.0,0.9476882864447816,0.37902629176285674,0.0,4.0,6.0,0
235aefbe-9b8b-4a71-8212-c077234b0ee2,8c822518-d0dc-460d-93c7-d9d033a078ba,0.8502394451015238,1.0,6.0,0.7703591782552974,1.0,0.5475099359609544,0.9553256935848943,1.0,1.0,1.0,0
235aefbe-9b8b-4a71-8212-c077234b0ee2,4923fb26-e583-4c24-ac52-8838a0ed3a98,0.8502394451015238,1.0,6.0,0.7703591782552974,1.0,0.553388277838538,0.7019544741283528,1.0,5.0,0.0,1
235aefbe-9b8b-4a71-8212-c077234b0ee2,bf1c16a4-e182-4ecc-8023-e458da60daac,0.8502394451015238,1.0,6.0,0.7703591782552974,1.0,0.24964749169716674,0.6258043806862246,0.6,0.0,0.0,0
235aefbe-9b8b-4a71-8212-c077234b0ee2,04b630df-e955-44a2-ba81-7807bb8bbf0e,0.8502394451015238,1.0,6.0,0.7703591782552974,0.6,0.26969467315661044,0.7945253868283686,1.0,5.0,5.0,1
235aefbe-9b8b-4a71-8212-c077234b0ee2,aaf45fe2-a218-49a4-8030-1b040505fcc2,0.8502394451015238,1.0,6.0,0.7703591782552974,0.2,0.36982601339710064,0.6947724975849392,0.3,5.0,5.0,1
235aefbe-9b8b-4a71-8212-c077234b0ee2,6194ece5-783c-4da7-bdc5-d5536c904afd,0.8502394451015238,1.0,6.0,0.7703591782552974,0.6,0.6048572623235224,0.928472011746639,0.3,0.0,1.0,1
235aefbe-9b8b-4a71-8212-c077234b0ee2,5b598b97-310b-48b1-a31c-086e59102b7b,0.8502394451015238,1.0,6.0,0.7703591782552974,0.2,0.7003193052156396,0.8859898883469448,0.0,5.0,1.0,1
235aefbe-9b8b-4a71-8212-c077234b0ee2,ef4564ad-37cb-422e-9258-c0dd09e686d8,0.8502394451015238,1.0,6.0,0.7703591782552974,0.6,0.7134305197216956,0.4952020834976343,0.0,5.0,1.0,0
235aefbe-9b8b-4a71-8212-c077234b0ee2,4a47a28f-ebfe-4e2c-b5a5-219b771c2344,0.8502394451015238,1.0,6.0,0.7703591782552974,1.0,0.886582543106834,0.6746693780314743,0.3,1.0,0.0,0
235aefbe-9b8b-4a71-8212-c077234b0ee2,8ed783a1-387d-4717-b5f7-15de4d9164c0,0.8502394451015238,1.0,6.0,0.7703591782552974,1.0,0.6957695377284588,0.9476351583956032,0.0,3.0,0.0,0
235aefbe-9b8b-4a71-8212-c077234b0ee2,15ffb6f4-0363-4611-afec-93fefe2ffd83,0.8502394451015238,1.0,6.0,0.7703591782552974,0.2,0.9223427256162328,0.7798431272433336,0.3,3.0,3.0,1
235aefbe-9b8b-4a71-8212-c077234b0ee2,effc8e6d-3fa0-4ad0-84e0-49ceb18ecfdf,0.8502394451015238,1.0,6.0,0.7703591782552974,1.0,0.1753861576369154,0.018304751217713022,0.6,1.0,2.0,0
235aefbe-9b8b-4a71-8212-c077234b0ee2,4ae5516d-8df6-4ce0-a1a2-7fe96b97c4ed,0.8502394451015238,1.0,6.0,0.7703591782552974,0.6,0.7394686693887754,0.3658730909863124,0.3,2.0,0.0,0
235aefbe-9b8b-4a71-8212-c077234b0ee2,cf67b867-661f-4761-aa9e-bd64b50cabad,0.8502394451015238,1.0,6.0,0.7703591782552974,0.6,0.9775452477834666,0.8291857681957223,0.6,3.0,6.0,1
235aefbe-9b8b-4a71-8212-c077234b0ee2,cfaac6f7-b976-4661-8cd2-98f3a4e3a281,0.8502394451015238,1.0,6.0,0.7703591782552974,0.2,0.17993656314318568,0.2972789514204549,0.3,2.0,0.0,1
235aefbe-9b8b-4a71-8212-c077234b0ee2,3feb240a-54de-4548-9d6d-6b68da72c588,0.8502394451015238,1.0,6.0,0.7703591782552974,0.6,0.3534939575862086,0.46875086538360267,0.6,1.0,5.0,1
235aefbe-9b8b-4a71-8212-c077234b0ee2,2f2c32fa-6e32-4764-b476-b6f9b3cc5cd7,0.8502394451015238,1.0,6.0,0.7703591782552974,0.2,0.13396258547827183,0.29306867008666404,0.0,2.0,4.0,0
235aefbe-9b8b-4a71-8212-c077234b0ee2,663e97bc-95a7-41b9-9e8e-0aaa991d7522,0.8502394451015238,1.0,6.0,0.7703591782552974,0.2,0.45979536292483636,0.25030114523410607,1.0,3.0,0.0,0
235aefbe-9b8b-4a71-8212-c077234b0ee2,dbb00897-88a6-4e66-bf2b-d540c730bdb9,0.8502394451015238,1.0,6.0,0.7703591782552974,0.6,0.9518329178984374,0.4047620165937216,0.0,3.0,5.0,1
235aefbe-9b8b-4a71-8212-c077234b0ee2,5c1d0582-adee-41cb-bbe3-230e78acd299,0.8502394451015238,1.0,6.0,0.7703591782552974,0.6,0.13442713841525677,0.8039132575143135,1.0,3.0,2.0,1
235aefbe-9b8b-4a71-8212-c077234b0ee2,c3ccbfd0-fc33-4b81-bec0-7bb56f47c14f,0.8502394451015238,1.0,6.0,0.7703591782552974,1.0,0.7957102117424933,0.04996005462064468,1.0,4.0,6.0,0
235aefbe-9b8b-4a71-8212-c077234b0ee2,d8d30dac-fd61-48d1-8bf9-aa602ff08b1b,0.8502394451015238,1.0,6.0,0.7703591782552974,0.6,0.5193853910130869,0.5025270481245171,0.0,2.0,5.0,0
235aefbe-9b8b-4a71-8212-c077234b0ee2,aaf45fe2-a218-49a4-8030-1b040505fcc2,0.8502394451015238,1.0,6.0,0.7703591782552974,0.2,0.36982601339710064,0.6947724975849392,0.3,3.0,6.0,1
235aefbe-9b8b-4a71-8212-c077234b0ee2,8d5761d4-efd9-4f9b-a561-e385778a1505,0.8502394451015238,1.0,6.0,0.7703591782552974,0.2,0.5667301021003356,0.19240837052962323,0.3,2.0,5.0,1
235aefbe-9b8b-4a71-8212-c077234b0ee2,7e5fb408-a839-4c94-af31-f8f846c10b16,0.8502394451015238,1.0,6.0,0.7703591782552974,0.6,0.3750883081968893,0.7913034251586659,1.0,1.0,1.0,1
235aefbe-9b8b-4a71-8212-c077234b0ee2,9f019ca3-6a4d-4f1c-8cfd-4fc983011cd8,0.8502394451015238,1.0,6.0,0.7703591782552974,0.6,0.8592879525285462,0.4771610349793223,0.6,3.0,2.0,0
235aefbe-9b8b-4a71-8212-c077234b0ee2,dd77c881-c04d-4f99-9177-d94ef20adb4f,0.8502394451015238,1.0,6.0,0.7703591782552974,0.6,0.616612541041993,0.6647291139113415,0.0,2.0,2.0,1
235aefbe-9b8b-4a71-8212-c077234b0ee2,3fb0a35d-d0bf-4534-9f63-995064c4e8af,0.8502394451015238,1.0,6.0,0.7703591782552974,0.2,0.4877773325800844,0.17627426660923395,0.3,0.0,6.0,1
4d91bdeb-ca54-4701-968d-31a64138f343,139389de-ef52-4a31-a3a6-711cb26f1f6a,0.4792946099982004,1.0,20.0,0.49873640202343505,0.2,0.6569353768626665,0.927362807810403,1.0,0.0,4.0,1
4d91bdeb-ca54-4701-968d-31a64138f343,09a8b01c-9886-431b-860f-484d959f9fd8,0.4792946099982004,1.0,20.0,0.49873640202343505,0.2,0.7949409365509817,0.650881327422057,0.0,2.0,6.0,0
4d91bdeb-ca54-4701-968d-31a64138f343,2e56c0c7-a2d4-4606-8362-ead47ba989cf,0.4792946099982004,1.0,20.0,0.49873640202343505,1.0,0.9838404823093492,0.5555768002260758,0.0,1.0,6.0,0
4d91bdeb-ca54-4701-968d-31a64138f343,ff0af660-6a5f-4fd7-b2e1-c43344816514,0.4792946099982004,1.0,20.0,0.49873640202343505,1.0,0.5024161230527904,0.7433967816161681,0.3,5.0,0.0,0
4d91bdeb-ca54-4701-968d-31a64138f343,8d3c9344-6c45-43f7-a583-eb49f1bd7c4b,0.4792946099982004,1.0,20.0,0.49873640202343505,1.0,0.32697303710818776,0.18910296519857916,0.6,0.0,0.0,0
4d91bdeb-ca54-4701-968d-31a64138f343,b8a59f9c-9152-4e9d-9227-81b450029be0,0.4792946099982004,1.0,20.0,0.49873640202343505,0.2,0.9082416607735994,0.8438860705844703,1.0,4.0,0.0,1
4d91bdeb-ca54-4701-968d-31a64138f343,2767a00e-73cb-4ec0-8f10-1f2685529dd8,0.4792946099982004,1.0,20.0,0.49873640202343505,0.2,0.14774330715500755,0.17529814661096454,0.3,1.0,2.0,1
4d91bdeb-ca54-4701-968d-31a64138f343,cd408280-465f-4896-b05f-85290441236d,0.4792946099982004,1.0,20.0,0.49873640202343505,1.0,0.22129010421141973,0.167964745667194,0.6,4.0,3.0,1
4d91bdeb-ca54-4701-968d-31a64138f343,15b5cdd7-9aed-490f-9cb8-4f9a900eb398,0.4792946099982004,1.0,20.0,0.49873640202343505,0.2,0.17789822129463906,0.6431782959777482,0.0,2.0,6.0,0
4d91bdeb-ca54-4701-968d-31a64138f343,72e21539-04f0-470f-b69d-9a418f7ff37b,0.4792946099982004,1.0,20.0,0.49873640202343505,0.2,0.6144010067276086,0.8682015664155024,0.6,3.0,6.0,1
4d91bdeb-ca54-4701-968d-31a64138f343,8ed783a1-387d-4717-b5f7-15de4d9164c0,0.4792946099982004,1.0,20.0,0.49873640202343505,1.0,0.6957695377284588,0.9476351583956032,0.0,2.0,2.0,1
4d91bdeb-ca54-4701-968d-31a64138f343,042f11d0-6ddd-4561-8c2c-5e00545a621e,0.4792946099982004,1.0,20.0,0.49873640202343505,1.0,0.7872798003899497,0.9285445017428434,0.6,5.0,6.0,0
4d91bdeb-ca54-4701-968d-31a64138f343,45cea0cf-acbc-4a1c-ae67-7da156ce4e33,0.4792946099982004,1.0,20.0,0.49873640202343505,0.6,0.44790999008794674,0.8240533460888545,0.3,1.0,6.0,1
4d91bdeb-ca54-4701-968d-31a64138f343,139389de-ef52-4a31-a3a6-711cb26f1f6a,0.4792946099982004,1.0,20.0,0.49873640202343505,0.2,0.6569353768626665,0.927362807810403,1.0,1.0,6.0,0
4d91bdeb-ca54-4701-968d-31a64138f343,8d3c9344-6c45-43f7-a583-eb49f1bd7c4b,0.4792946099982004,1.0,20.0,0.49873640202343505,1.0,0.32697303710818776,0.18910296519857916,0.6,4.0,6.0,0
4d91bdeb-ca54-4701-968d-31a64138f343,cd408280-465f-4896-b05f-85290441236d,0.4792946099982004,1.0,20.0,0.49873640202343505,1.0,0.22129010421141973,0.167964745667194,0.6,1.0,6.0,0
4d91bdeb-ca54-4701-968d-31a64138f343,e4e6b795-9ea2-4e67-a482-101b379e3dd3,0.4792946099982004,1.0,20.0,0.49873640202343505,0.6,0.7178715876853263,0.49460864618565403,0.0,0.0,2.0,0
4d91bdeb-ca54-4701-968d-31a64138f343,686e3aa2-fafa-49b8-ae04-90315babb1d4,0.4792946099982004,1.0,20.0,0.49873640202343505,0.2,0.2485402182633587,0.3567460645487345,1.0,3.0,0.0,1
4d91bdeb-ca54-4701-968d-31a64138f343,33aa1631-5d42-4228-84c3-639ac72cf903,0.4792946099982004,1.0,20.0,0.49873640202343505,1.0,0.20605411083785363,0.7031088164784068,0.3,4.0,0.0,0
4d91bdeb-ca54-4701-968d-31a64138f343,ab31027b-1533-4573-87ee-591c4e74f603,0.4792946099982004,1.0,20.0,0.49873640202343505,0.2,0.13414284675556443,0.8188515466757538,1.0,2.0,3.0,0
4d91bdeb-ca54-4701-968d-31a64138f343,cfaac6f7-b976-4661-8cd2-98f3a4e3a281,0.4792946099982004,1.0,20.0,0.49873640202343505,0.2,0.17993656314318568,0.2972789514204549,0.3,2.0,5.0,0
4d91bdeb-ca54-4701-968d-31a64138f343,b972f906-99a3-4c64-8a3c-52215d80d34b,0.4792946099982004,1.0,20.0,0.49873640202343505,0.2,0.7557609477960204,0.33890958121625947,0.3,2.0,4.0,1
4d91bdeb-ca54-4701-968d-31a64138f343,153d2d46-4437-4840-90a1-e5308394b291,0.4792946099982004,1.0,20.0,0.49873640202343505,0.6,0.8859430875649702,0.004809331333315514,0.6,3.0,5.0,0
4d91bdeb-ca54-4701-968d-31a64138f343,cd408280-465f-4896-b05f-85290441236d,0.4792946099982004,1.0,20.0,0.49873640202343505,1.0,0.22129010421141973,0.167964745667194,0.6,5.0,2.0,0
4d91bdeb-ca54-4701-968d-31a64138f343,04b630df-e955-44a2-ba81-7807bb8bbf0e,0.4792946099982004,1.0,20.0,0.49873640202343505,0.6,0.26969467315661044,0.7945253868283686,1.0,1.0,2.0,0
4d91bdeb-ca54-4701-968d-31a64138f343,3e875754-69cd-4fee-94a5-57d6da42ef91,0.4792946099982004,1.0,20.0,0.49873640202343505,0.2,0.2450411346868676,0.8598019829721676,0.3,5.0,5.0,1
4d91bdeb-ca54-4701-968d-31a64138f343,015a673e-67b9-4560-949f-f0f29ba09691,0.4792946099982004,1.0,20.0,0.49873640202343505,0.6,0.772469818793257,0.851704139635052,0.0,2.0,1.0,0
4d91bdeb-ca54-4701-968d-31a64138f343,ab31027b-1533-4573-87ee-591c4e74f603,0.4792946099982004,1.0,20.0,0.49873640202343505,0.2,0.13414284675556443,0.8188515466757538,1.0,2.0,6.0,1
4d91bdeb-ca54-4701-968d-31a64138f343,015a673e-67b9-4560-949f-f0f29ba09691,0.4792946099982004,1.0,20.0,0.49873640202343505,0.6,0.772469818793257,0.851704139635052,0.0,4.0,2.0,0
4d91bdeb-ca54-4701-968d-31a64138f343,290546aa-9a27-44b0-96cf-1cbe5de0ac63,0.4792946099982004,1.0,20.0,0.49873640202343505,0.2,0.8840031953521331,0.909469052204089,0.3,4.0,0.0,0
4d91bdeb-ca54-4701-968d-31a64138f343,4923fb26-e583-4c24-ac52-8838a0ed3a98,0.4792946099982004,1.0,20.0,0.49873640202343505,1.0,0.553388277838538,0.7019544741283528,1.0,5.0,4.0,1
4d91bdeb-ca54-4701-968d-31a64138f343,1448df8a-d98e-4341-b986-a8f8b8a384c2,0.4792946099982004,1.0,20.0,0.49873640202343505,1.0,0.1288249955168966,0.3673497152563451,0.6,3.0,2.0,1
4d91bdeb-ca54-4701-968d-31a64138f343,c3ccbfd0-fc33-4b81-bec0-7bb56f47c14f,0.4792946099982004,1.0,20.0,0.49873640202343505,1.0,0.7957102117424933,0.04996005462064468,1.0,1.0,6.0,0
4d91bdeb-ca54-4701-968d-31a64138f343,42438319-d9cd-4491-91c4-7e8df4051b62,0.4792946099982004,1.0,20.0,0.49873640202343505,0.2,0.6023180626659986,0.9806347370894578,0.0,4.0,1.0,1
4d91bdeb-ca54-4701-968d-31a64138f343,8d8bd000-8a84-4c8b-bdc8-797008544155,0.4792946099982004,1.0,20.0,0.49873640202343505,1.0,0.14606305453676433,0.13377939697072627,0.0,5.0,1.0,0
4d91bdeb-ca54-4701-968d-31a64138f343,1e9ac78a-0ad3-4758-94d2-679a7c60a672,0.4792946099982004,1.0,20.0,0.49873640202343505,0.6,0.1486437037821284,0.8157193928134632,0.6,0.0,2.0,1
4d91bdeb-ca54-4701-968d-31a64138f343,aaf45fe2-a218-49a4-8030-1b040505fcc2,0.4792946099982004,1.0,20.0,0.49873640202343505,0.2,0.36982601339710064,0.6947724975849392,0.3,3.0,0.0,1
4d91bdeb-ca54-4701-968d-31a64138f343,d72916bd-ef8f-4502-bba8-725c04f85a5f,0.4792946099982004,1.0,20.0,0.49873640202343505,0.2,0.854828063402321,0.2603597878713769,0.0,0.0,0.0,0
4d91bdeb-ca54-4701-968d-31a64138f343,bcc862ed-ee8c-4519-bd6f-df3684168181,0.4792946099982004,1.0,20.0,0.49873640202343505,1.0,0.9327717807626915,0.3397410335113047,0.3,1.0,3.0,0
4d91bdeb-ca54-4701-968d-31a64138f343,153d2d46-4437-4840-90a1-e5308394b291,0.4792946099982004,1.0,20.0,0.49873640202343505,0.6,0.8859430875649702,0.004809331333315514,0.6,4.0,4.0,1
2aa10a27-30c7-42fa-a754-623b57441436,6e8ca283-10c7-434c-826a-837f38ec5444,0.8297298592500617,0.6,3.0,0.39832449093280636,0.2,0.6513768543337128,0.6342982912007427,1.0,4.0,3.0,0
2aa10a27-30c7-42fa-a754-623b57441436,90b5993b-1b5d-4363-8738-1f1566b34091,0.8297298592500617,0.6,3.0,0.39832449093280636,0.2,0.20193175818065728,0.8491249460757495,1.0,5.0,3.0,1
2aa10a27-30c7-42fa-a754-623b57441436,78c12d9f-999b-460d-b319-9bd7627866b0,0.8297298592500617,0.6,3.0,0.39832449093280636,0.2,0.5225456025796394,0.35235373770664025,0.3,3.0,5.0,0
2aa10a27-30c7-42fa-a754-623b57441436,319d65cc-35fb-4fd2-8d36-0aaeae8c1599,0.8297298592500617,0.6,3.0,0.39832449093280636,0.2,0.3492163442071033,0.6358648613159886,0.3,4.0,0.0,1
2aa10a27-30c7-42fa-a754-623b57441436,86df6ab5-0a91-4c31-ae77-b6a97acaa3b6,0.8297298592500617,0.6,3.0,0.39832449093280636,0.2,0.6626325512293207,0.22621734088053103,1.0,5.0,1.0,1
2aa10a27-30c7-42fa-a754-623b57441436,2767a00e-73cb-4ec0-8f10-1f2685529dd8,0.8297298592500617,0.6,3.0,0.39832449093280636,0.2,0.14774330715500755,0.17529814661096454,0.3,4.0,6.0,1
2aa10a27-30c7-42fa-a754-623b57441436,8618c927-9c33-4057-8bfe-9828bd93601a,0.8297298592500617,0.6,3.0,0.39832449093280636,0.6,0.22804722680585615,0.021203888490483047,0.6,2.0,0.0,1
2aa10a27-30c7-42fa-a754-623b57441436,b7334163-6b0b-4be1-b584-94370f17d451,0.8297298592500617,0.6,3.0,0.39832449093280636,1.0,0.6214743123780008,0.24793030815786732,0.6,2.0,2.0,1
2aa10a27-30c7-42fa-a754-623b57441436,8ab6ed8b-51d4-454f-85f3-3f6b976bb994,0.8297298592500617,0.6,3.0,0.39832449093280636,1.0,0.28732703598303644,0.30524872168293893,0.3,1.0,6.0,1
2aa10a27-30c7-42fa-a754-623b57441436,b7334163-6b0b-4be1-b584-94370f17d451,0.8297298592500617,0.6,3.0,0.39832449093280636,1.0,0.6214743123780008,0.24793030815786732,0.6,2.0,1.0,0
2aa10a27-30c7-42fa-a754-623b57441436,19d3638b-3623-485e-a7a3-bed4ec53eb28,0.8297298592500617,0.6,3.0,0.39832449093280636,0.2,0.22255292506683805,0.2999183439789205,0.0,0.0,4.0,0
2aa10a27-30c7-42fa-a754-623b57441436,663e97bc-95a7-41b9-9e8e-0aaa991d7522,0.8297298592500617,0.6,3.0,0.39832449093280636,0.2,0.45979536292483636,0.25030114523410607,1.0,3.0,4.0,1
2aa10a27-30c7-42fa-a754-623b57441436,153e892c-7403-48b3-b3e5-7a4444a6af33,0.8297298592500617,0.6,3.0,0.39832449093280636,1.0,0.268440635924974,0.5517497858340187,0.3,3.0,3.0,0
2aa10a27-30c7-42fa-a754-623b57441436,d8d30dac-fd61-48d1-8bf9-aa602ff08b1b,0.8297298592500617,0.6,3.0,0.39832449093280636,0.6,0.5193853910130869,0.5025270481245171,0.0,1.0,4.0,0
2aa10a27-30c7-42fa-a754-623b57441436,d62328c7-3c09-4bff-896a-238934dcedc8,0.8297298592500617,0.6,3.0,0.39832449093280636,0.2,0.5544033125310288,0.572254789610878,1.0,1.0,6.0,1
2aa10a27-30c7-42fa-a754-623b57441436,1e0eed17-c905-405d-992d-8f226b5d3e6b,0.8297298592500617,0.6,3.0,0.39832449093280636,0.6,0.4397816989523534,0.9351795022685058,0.0,3.0,1.0,1
2aa10a27-30c7-42fa-a754-623b57441436,0d91a5c8-4b22-4198-b963-be98907527f4,0.8297298592500617,0.6,3.0,0.39832449093280636,0.2,0.36811976533001634,0.7445398250927052,0.0,5.0,3.0,1
2aa10a27-30c7-42fa-a754-623b57441436,686e3aa2-fafa-49b8-ae04-90315babb1d4,0.8297298592500617,0.6,3.0,0.39832449093280636,0.2,0.2485402182633587,0.3567460645487345,1.0,5.0,0.0,0
2aa10a27-30c7-42fa-a754-623b57441436,020ff159-4271-4aa5-87f3-9295346f6563,0.8297298592500617,0.6,3.0,0.39832449093280636,0.6,0.31530071999913584,0.1616253953204818,0.0,4.0,5.0,0
2aa10a27-30c7-42fa-a754-623b57441436,5c1d0582-adee-41cb-bbe3-230e78acd299,0.8297298592500617,0.6,3.0,0.39832449093280636,0.6,0.13442713841525677,0.8039132575143135,1.0,4.0,4.0,1
2aa10a27-30c7-42fa-a754-623b57441436,6df290df-6194-497e-9997-fd6713e1435f,0.8297298592500617,0.6,3.0,0.39832449093280636,1.0,0.7637061762371852,0.8809980926459479,0.6,4.0,1.0,0
2aa10a27-30c7-42fa-a754-623b57441436,dd77c881-c04d-4f99-9177-d94ef20adb4f,0.8297298592500617,0.6,3.0,0.39832449093280636,0.6,0.616612541041993,0.6647291139113415,0.0,0.0,5.0,1
2aa10a27-30c7-42fa-a754-623b57441436,dd77c881-c04d-4f99-9177-d94ef20adb4f,0.8297298592500617,0.6,3.0,0.39832449093280636,0.6,0.616612541041993,0.6647291139113415,0.0,2.0,6.0,0
2aa10a27-30c7-42fa-a754-623b57441436,b5455ff3-4469-4b08-b2d0-3b4b8a9faa28,0.8297298592500617,0.6,3.0,0.39832449093280636,0.2,0.8168045396107254,0.12498281746751883,0.3,3.0,0.0,1
2aa10a27-30c7-42fa-a754-623b57441436,5145c478-0b39-4ab7-a906-e1b9735ba3ce,0.8297298592500617,0.6,3.0,0.39832449093280636,0.6,0.8786936977058606,0.9587100682359623,1.0,4.0,0.0,0
2aa10a27-30c7-42fa-a754-623b57441436,09a8b01c-9886-431b-860f-484d959f9fd8,0.8297298592500617,0.6,3.0,0.39832449093280636,0.2,0.7949409365509817,0.650881327422057,0.0,3.0,1.0,0
2aa10a27-30c7-42fa-a754-623b57441436,a38cc35a-c8b1-493c-ad3e-67dba34f85e7,0.8297298592500617,0.6,3.0,0.39832449093280636,0.6,0.41036269496507194,0.08761541400278205,0.0,3.0,2.0,0
2aa10a27-30c7-42fa-a754-623b57441436,69f0bb17-25d2-40ca-9934-1d66d65b38ec,0.8297298592500617,0.6,3.0,0.39832449093280636,1.0,0.5123580186270776,0.31857910523425825,0.6,1.0,2.0,1
2aa10a27-30c7-42fa-a754-623b57441436,f62e1330-1cf0-425f-9f10-6ddf9042abcd,0.8297298592500617,0.6,3.0,0.39832449093280636,1.0,0.9321622696421319,0.2356252848280802,1.0,1.0,2.0,0
2aa10a27-30c7-42fa-a754-623b57441436,e2cc89a7-6e52-40e3-8411-87a3295c8a0e,0.8297298592500617,0.6,3.0,0.39832449093280636,0.2,0.3237254478661281,0.030381800897473776,0.3,4.0,2.0,0
2aa10a27-30c7-42fa-a754-623b57441436,0279e518-1bb2-4b7d-adb3-74104bab7995,0.8297298592500617,0.6,3.0,0.39832449093280636,1.0,0.48298817741352884,0.6867808649438274,0.6,3.0,0.0,0
2aa10a27-30c7-42fa-a754-623b57441436,160450d5-9356-496d-a71d-78413a2828c7,0.8297298592500617,0.6,3.0,0.39832449093280636,0.2,0.6437789001540966,0.8506322574276396,1.0,2.0,3.0,0
2aa10a27-30c7-42fa-a754-623b57441436,4ae5516d-8df6-4ce0-a1a2-7fe96b97c4ed,0.8297298592500617,0.6,3.0,0.39832449093280636,0.6,0.7394686693887754,0.3658730909863124,0.3,1.0,1.0,0
2aa10a27-30c7-42fa-a754-623b57441436,e3e4e158-1e76-4fc3-a85b-e05b8b8a0ccb,0.8297298592500617,0.6,3.0,0.39832449093280636,0.6,0.639410932283415,0.2933005026004223,0.0,4.0,6.0,0
2aa10a27-30c7-42fa-a754-623b57441436,ae260348-9d86-49fc-b010-b38655f0aa4c,0.8297298592500617,0.6,3.0,0.39832449093280636,0.6,0.6156726777562007,0.7631540220976764,0.3,0.0,2.0,1
2aa10a27-30c7-42fa-a754-623b57441436,1fca9427-3cae-42d5-bed5-488302ac2459,0.8297298592500617,0.6,3.0,0.39832449093280636,0.6,0.396450442114459,0.6699625843471093,0.0,0.0,3.0,0
2aa10a27-30c7-42fa-a754-623b57441436,dd77c881-c04d-4f99-9177-d94ef20adb4f,0.8297298592500617,0.6,3.0,0.39832449093280636,0.6,0.616612541041993,0.6647291139113415,0.0,2.0,4.0,0
2aa10a27-30c7-42fa-a754-623b57441436,1e9ac78a-0ad3-4758-94d2-679a7c60a672,0.8297298592500617,0.6,3.0,0.39832449093280636,0.6,0.1486437037821284,0.8157193928134632,0.6,4.0,5.0,1
2aa10a27-30c7-42fa-a754-623b57441436,b1ef27f4-c212-4d80-95b3-1ccfcccee40b,0.8297298592500617,0.6,3.0,0.39832449093280636,1.0,0.273179116013828,0.9075422104826739,1.0,3.0,0.0,0
2aa10a27-30c7-42fa-a754-623b57441436,21197103-286c-4e08-8f2e-e1f0c1aa4b65,0.8297298592500617,0.6,3.0,0.39832449093280636,0.2,0.974231980237957,0.8883695246489081,0.6,2.0,4.0,1
a5d115cd-f430-4bed-ba4e-22037f3bdf34,4a47a28f-ebfe-4e2c-b5a5-219b771c2344,0.24481812742844145,0.2,18.0,0.6431372179395838,1.0,0.886582543106834,0.6746693780314743,0.3,3.0,4.0,1
a5d115cd-f430-4bed-ba4e-22037f3bdf34,dba04d24-2e37-4c46-ae54-9c34510dff1f,0.24481812742844145,0.2,18.0,0.6431372179395838,1.0,0.8419986133538263,0.7052929283686935,0.0,4.0,2.0,1
a5d115cd-f430-4bed-ba4e-22037f3bdf34,e2cc89a7-6e52-40e3-8411-87a3295c8a0e,0.24481812742844145,0.2,18.0,0.6431372179395838,0.2,0.3237254478661281,0.030381800897473776,0.3,3.0,2.0,0
a5d115cd-f430-4bed-ba4e-22037f3bdf34,a32c33b9-2ae0-4565-b4cd-8c363bd2dbb1,0.24481812742844145,0.2,18.0,0.6431372179395838,0.6,0.4675427346881219,0.5919389716094521,0.3,2.0,6.0,0
a5d115cd-f430-4bed-ba4e-22037f3bdf34,6cef895f-06aa-4942-bedd-72fff31eb379,0.24481812742844145,0.2,18.0,0.6431372179395838,0.2,0.8773089936408774,0.6446474280251517,1.0,2.0,0.0,0
a5d115cd-f430-4bed-ba4e-22037f3bdf34,e4e6b795-9ea2-4e67-a482-101b379e3dd3,0.24481812742844145,0.2,18.0,0.6431372179395838,0.6,0.7178715876853263,0.49460864618565403,0.0,2.0,0.0,1
a5d115cd-f430-4bed-ba4e-22037f3bdf34,ca05174e-a4f7-4654-890c-a2d577d622a4,0.24481812742844145,0.2,18.0,0.6431372179395838,0.6,0.2772344656929614,0.3717860192537389,1.0,5.0,4.0,0
a5d115cd-f430-4bed-ba4e-22037f3bdf34,50485b49-6f87-4fbb-a6d8-cc894f5ad343,0.24481812742844145,0.2,18.0,0.6431372179395838,0.2,0.489665412099198,0.42118413108785735,0.3,4.0,4.0,1
a5d115cd-f430-4bed-ba4e-22037f3bdf34,e44b9013-f4a8-49bf-9379-87dcbb2e8e53,0.24481812742844145,0.2,18.0,0.6431372179395838,1.0,0.36258242224859283,0.32306846386650134,0.3,5.0,2.0,0
a5d115cd-f430-4bed-ba4e-22037f3bdf34,4ba8e189-dadf-4dd5-b53d-7c4e20e6a1b9,0.24481812742844145,0.2,18.0,0.6431372179395838,1.0,0.4261308026245366,0.5885791737632688,0.3,1.0,5.0,1
a5d115cd-f430-4bed-ba4e-22037f3bdf34,fb36e3d1-7446-45e0-9d41-48f394b60fa9,0.24481812742844145,0.2,18.0,0.6431372179395838,0.6,0.6937735815060089,0.32932384475875576,0.0,4.0,2.0,0
a5d115cd-f430-4bed-ba4e-22037f3bdf34,19d3638b-3623-485e-a7a3-bed4ec53eb28,0.24481812742844145,0.2,18.0,0.6431372179395838,0.2,0.22255292506683805,0.2999183439789205,0.0,4.0,3.0,1
a5d115cd-f430-4bed-ba4e-22037f3bdf34,b008e459-aec4-4940-b0b0-b9521473a99b,0.24481812742844145,0.2,18.0,0.6431372179395838,0.2,0.8465976222683373,0.22635650862391665,1.0,3.0,4.0,0
a5d115cd-f430-4bed-ba4e-22037f3bdf34,6670ddb8-85fa-45e6-9af6-91adbac350a8,0.24481812742844145,0.2,18.0,0.6431372179395838,1.0,0.5273671033049591,0.12936862090556023,0.0,4.0,0.0,0
a5d115cd-f430-4bed-ba4e-22037f3bdf34,f4511c0e-1907-4564-85be-6208646f9403,0.24481812742844145,0.2,18.0,0.6431372179395838,0.6,0.9737144331912416,0.8489993802384885,0.3,4.0,0.0,0
a5d115cd-f430-4bed-ba4e-22037f3bdf34,15ffb6f4-0363-4611-afec-93fefe2ffd83,0.24481812742844145,0.2,18.0,0.6431372179395838,0.2,0.9223427256162328,0.7798431272433336,0.3,5.0,0.0,0
a5d115cd-f430-4bed-ba4e-22037f3bdf34,68ffa0bd-b298-4476-a51a-141035550fd6,0.24481812742844145,0.2,18.0,0.6431372179395838,1.0,0.7873450415195071,0.20198131932556307,0.3,3.0,1.0,0
a5d115cd-f430-4bed-ba4e-22037f3bdf34,b972f906-99a3-4c64-8a3c-52215d80d34b,0.24481812742844145,0.2,18.0,0.6431372179395838,0.2,0.7557609477960204,0.33890958121625947,0.3,0.0,3.0,1
a5d115cd-f430-4bed-ba4e-22037f3bdf34,b972f906-99a3-4c64-8a3c-52215d80d34b,0.24481812742844145,0.2,18.0,0.6431372179395838,0.2,0.7557609477960204,0.33890958121625947,0.3,1.0,5.0,1
a5d115cd-f430-4bed-ba4e-22037f3bdf34,68ffa0bd-b298-4476-a51a-141035550fd6,0.24481812742844145,0.2,18.0,0.6431372179395838,1.0,0.7873450415195071,0.20198131932556307,0.3,1.0,0.0,0
a5d115cd-f430-4bed-ba4e-22037f3bdf34,f2d9a85b-88a4-4950-96c1-3a460d8c8fab,0.24481812742844145,0.2,18.0,0.6431372179395838,1.0,0.3746902350991088,0.34879260140220214,0.3,1.0,3.0,1
a5d115cd-f430-4bed-ba4e-22037f3bdf34,e3e4e158-1e76-4fc3-a85b-e05b8b8a0ccb,0.24481812742844145,0.2,18.0,0.6431372179395838,0.6,0.639410932283415,0.2933005026004223,0.0,5.0,5.0,1
a5d115cd-f430-4bed-ba4e-22037f3bdf34,bf1c16a4-e182-4ecc-8023-e458da60daac,0.24481812742844145,0.2,18.0,0.6431372179395838,1.0,0.24964749169716674,0.6258043806862246,0.6,0.0,6.0,0
a5d115cd-f430-4bed-ba4e-22037f3bdf34,f9e2c26a-8651-45e9-95ac-020bf84e5d87,0.24481812742844145,0.2,18.0,0.6431372179395838,1.0,0.5925107460897749,0.3638178643767461,0.6,4.0,1.0,0
a5d115cd-f430-4bed-ba4e-22037f3bdf34,2a4e6f6f-8a97-4b0f-8706-b5b5c9a3506e,0.24481812742844145,0.2,18.0,0.6431372179395838,1.0,0.508305717299449,0.5779541132057853,1.0,1.0,0.0,0
a5d115cd-f430-4bed-ba4e-22037f3bdf34,78c12d9f-999b-460d-b319-9bd7627866b0,0.24481812742844145,0.2,18.0,0.6431372179395838,0.2,0.5225456025796394,0.35235373770664025,0.3,2.0,4.0,0
a5d115cd-f430-4bed-ba4e-22037f3bdf34,b306c2e8-e14e-48ab-ba50-0a1e2c26a1c9,0.24481812742844145,0.2,18.0,0.6431372179395838,0.2,0.3501289126422822,0.7428895955658196,0.3,1.0,6.0,0
a5d115cd-f430-4bed-ba4e-22037f3bdf34,88e79e28-8590-4873-baf3-158ade3d3e32,0.24481812742844145,0.2,18.0,0.6431372179395838,1.0,0.9148647291612199,0.12864998776038128,0.0,4.0,2.0,0
a5d115cd-f430-4bed-ba4e-22037f3bdf34,19d3638b-3623-485e-a7a3-bed4ec53eb28,0.24481812742844145,0.2,18.0,0.6431372179395838,0.2,0.22255292506683805,0.2999183439789205,0.0,3.0,5.0,1
a5d115cd-f430-4bed-ba4e-22037f3bdf34,160450d5-9356-496d-a71d-78413a2828c7,0.24481812742844145,0.2,18.0,0.6431372179395838,0.2,0.6437789001540966,0.8506322574276396,1.0,3.0,6.0,1
a5d115cd-f430-4bed-ba4e-22037f3bdf34,c65f2822-55d3-4e67-b0e3-dcb7ed48c4fc,0.24481812742844145,0.2,18.0,0.6431372179395838,0.2,0.5969201348829377,0.6751594254540361,0.3,3.0,3.0,0
a5d115cd-f430-4bed-ba4e-22037f3bdf34,fc4acfb5-647c-49b2-9c8c-e8b0e4b17239,0.24481812742844145,0.2,18.0,0.6431372179395838,0.6,0.9661698956227394,0.22641288621518874,0.0,0.0,2.0,1
a5d115cd-f430-4bed-ba4e-22037f3bdf34,7b512031-30a6-4d3c-8e53-4acf4b15efd9,0.24481812742844145,0.2,18.0,0.6431372179395838,0.6,0.20961141822392887,0.22555703805048077,1.0,0.0,3.0,1
a5d115cd-f430-4bed-ba4e-22037f3bdf34,8618c927-9c33-4057-8bfe-9828bd93601a,0.24481812742844145,0.2,18.0,0.6431372179395838,0.6,0.22804722680585615,0.021203888490483047,0.6,0.0,5.0,0
a5d115cd-f430-4bed-ba4e-22037f3bdf34,b1ecfa5c-68a1-4a8a-846a-dfb97027e1f6,0.24481812742844145,0.2,18.0,0.6431372179395838,0.6,0.47396075244655456,0.7794108057492125,1.0,1.0,1.0,1
a5d115cd-f430-4bed-ba4e-22037f3bdf34,4df46fb7-f407-42f6-a653-9d8438903f61,0.24481812742844145,0.2,18.0,0.6431372179395838,1.0,0.9723558352169928,0.2356344975085155,1.0,0.0,3.0,1
a5d115cd-f430-4bed-ba4e-22037f3bdf34,7cae5725-f4a7-4615-ab21-00fad572f2f3,0.24481812742844145,0.2,18.0,0.6431372179395838,1.0,0.8991240703271256,0.15308566915688449,0.3,2.0,1.0,0
a5d115cd-f430-4bed-ba4e-22037f3bdf34,09a8b01c-9886-431b-860f-484d959f9fd8,0.24481812742844145,0.2,18.0,0.6431372179395838,0.2,0.7949409365509817,0.650881327422057,0.0,0.0,6.0,0
a5d115cd-f430-4bed-ba4e-22037f3bdf34,3ceffdd1-05b8-4296-8ead-87aa963b9836,0.24481812742844145,0.2,18.0,0.6431372179395838,1.0,0.4937077765458606,0.9078087859837904,0.3,4.0,4.0,1
a5d115cd-f430-4bed-ba4e-22037f3bdf34,b20bab7d-8fe1-4291-9511-746d551c6381,0.24481812742844145,0.2,18.0,0.6431372179395838,1.0,0.30803403606513613,0.290684856511908,0.0,4.0,0.0,1
c99a9365-5d36-4163-a584-764bd2b86814,4b00903d-63e9-4414-b21a-341b0a8b4f74,0.6119080800872457,0.2,2.0,0.7662727572387633,0.2,0.6633655398442496,0.5256274218571385,0.0,3.0,2.0,1
c99a9365-5d36-4163-a584-764bd2b86814,78c12d9f-999b-460d-b319-9bd7627866b0,0.6119080800872457,0.2,2.0,0.7662727572387633,0.2,0.5225456025796394,0.35235373770664025,0.3,0.0,6.0,1
c99a9365-5d36-4163-a584-764bd2b86814,cf67b867-661f-4761-aa9e-bd64b50cabad,0.6119080800872457,0.2,2.0,0.7662727572387633,0.6,0.9775452477834666,0.8291857681957223,0.6,0.0,0.0,1
c99a9365-5d36-4163-a584-764bd2b86814,de80c064-1511-4251-84a5-ba1187978d32,0.6119080800872457,0.2,2.0,0.7662727572387633,1.0,0.37359855622088356,0.32543416209529763,0.0,3.0,3.0,0
c99a9365-5d36-4163-a584-764bd2b86814,5e04770f-4a25-48a2-ad93-cef1ed97d455,0.6119080800872457,0.2,2.0,0.7662727572387633,1.0,0.6810890391339975,0.862719881758954,0.3,4.0,6.0,1
c99a9365-5d36-4163-a584-764bd2b86814,3ddfda87-b4e3-4c16-8683-a4523f15acf2,0.6119080800872457,0.2,2.0,0.7662727572387633,1.0,0.9807055615364045,0.6381156208224877,0.3,3.0,6.0,0
c99a9365-5d36-4163-a584-764bd2b86814,85a991a1-00c2-4f3b-a2f1-2edd3ed3c13b,0.6119080800872457,0.2,2.0,0.7662727572387633,0.6,0.885115810475927,0.053316349790826556,0.3,2.0,5.0,0
c99a9365-5d36-4163-a584-764bd2b86814,06497e85-86a1-47f4-bbdd-a5f778924253,0.6119080800872457,0.2,2.0,0.7662727572387633,0.2,0.19052222599951962,0.20137632619118384,0.3,4.0,2.0,1
c99a9365-5d36-4163-a584-764bd2b86814,d05c6a73-7fda-4aba-88c3-900cedb6b9a6,0.6119080800872457,0.2,2.0,0.7662727572387633,0.6,0.37465691625557584,0.04502897108590176,0.0,4.0,5.0,0
c99a9365-5d36-4163-a584-764bd2b86814,059f7915-4179-4fab-ab9a-979f2ce6e218,0.6119080800872457,0.2,2.0,0.7662727572387633,1.0,0.9507761192432672,0.14440395180459542,0.6,4.0,1.0,1
c99a9365-5d36-4163-a584-764bd2b86814,10fa412c-7efe-46f7-89b0-c6aa11d87532,0.6119080800872457,0.2,2.0,0.7662727572387633,1.0,0.911960789245008,0.6298188715387788,0.3,3.0,5.0,1
c99a9365-5d36-4163-a584-764bd2b86814,34df5d01-15ed-49be-beaf-1edba5ce73f3,0.6119080800872457,0.2,2.0,0.7662727572387633,0.2,0.570771685431961,0.8647552667165631,0.3,0.0,0.0,1
c99a9365-5d36-4163-a584-764bd2b86814,319d65cc-35fb-4fd2-8d36-0aaeae8c1599,0.6119080800872457,0.2,2.0,0.7662727572387633,0.2,0.3492163442071033,0.6358648613159886,0.3,5.0,6.0,1
c99a9365-5d36-4163-a584-764bd2b86814,69f0bb17-25d2-40ca-9934-1d66d65b38ec,0.6119080800872457,0.2,2.0,0.7662727572387633,1.0,0.5123580186270776,0.31857910523425825,0.6,1.0,1.0,0
c99a9365-5d36-4163-a584-764bd2b86814,c192b11f-4447-40a2-80a6-390cd362dfa5,0.6119080800872457,0.2,2.0,0.7662727572387633,1.0,0.7363853294533637,0.9004772949138748,0.6,2.0,0.0,0
c99a9365-5d36-4163-a584-764bd2b86814,ef4564ad-37cb-422e-9258-c0dd09e686d8,0.6119080800872457,0.2,2.0,0.7662727572387633,0.6,0.7134305197216956,0.4952020834976343,0.0,0.0,1.0,0
c99a9365-5d36-4163-a584-764bd2b86814,c777c23f-b2f3-4f1d-bbea-1e7286fac786,0.6119080800872457,0.2,2.0,0.7662727572387633,0.2,0.9597491309827612,0.04607692524933382,0.0,3.0,2.0,1
c99a9365-5d36-4163-a584-764bd2b86814,9ef9ff12-8bfc-4d55-ba1e-d4fa03792c95,0.6119080800872457,0.2,2.0,0.7662727572387633,0.2,0.482599597367356,0.7341152293318791,0.0,0.0,2.0,1
c99a9365-5d36-4163-a584-764bd2b86814,dd23fd07-88e1-462e-bc3b-00e51b7428ff,0.6119080800872457,0.2,2.0,0.7662727572387633,0.2,0.9167390499607783,0.453942637731402,1.0,4.0,5.0,1
c99a9365-5d36-4163-a584-764bd2b86814,7cae5725-f4a7-4615-ab21-00fad572f2f3,0.6119080800872457,0.2,2.0,0.7662727572387633,1.0,0.8991240703271256,0.15308566915688449,0.3,4.0,2.0,1
c99a9365-5d36-4163-a584-764bd2b86814,06497e85-86a1-47f4-bbdd-a5f778924253,0.6119080800872457,0.2,2.0,0.7662727572387633,0.2,0.19052222599951962,0.20137632619118384,0.3,0.0,3.0,1
c99a9365-5d36-4163-a584-764bd2b86814,fc4acfb5-647c-49b2-9c8c-e8b0e4b17239,0.6119080800872457,0.2,2.0,0.7662727572387633,0.6,0.9661698956227394,0.22641288621518874,0.0,5.0,1.0,1
c99a9365-5d36-4163-a584-764bd2b86814,cd43d020-95b3-4fce-8795-f8fd1c5756af,0.6119080800872457,0.2,2.0,0.7662727572387633,0.6,0.5573941486973442,0.11632937988922598,0.3,5.0,6.0,1
c99a9365-5d36-4163-a584-764bd2b86814,85930d8e-50d0-4f7b-acb8-caaac625dd0e,0.6119080800872457,0.2,2.0,0.7662727572387633,1.0,0.718363556324442,0.8165727833244342,0.6,1.0,3.0,0
c99a9365-5d36-4163-a584-764bd2b86814,7d8ed681-553e-4f86-8328-93bdf476bee2,0.6119080800872457,0.2,2.0,0.7662727572387633,0.6,0.8243337011258274,0.4855544869796419,1.0,0.0,0.0,0
c99a9365-5d36-4163-a584-764bd2b86814,21197103-286c-4e08-8f2e-e1f0c1aa4b65,0.6119080800872457,0.2,2.0,0.7662727572387633,0.2,0.974231980237957,0.8883695246489081,0.6,2.0,3.0,1
c99a9365-5d36-4163-a584-764bd2b86814,aaf45fe2-a218-49a4-8030-1b040505fcc2,0.6119080800872457,0.2,2.0,0.7662727572387633,0.2,0.36982601339710064,0.6947724975849392,0.3,0.0,0.0,1
c99a9365-5d36-4163-a584-764bd2b86814,85f2c72b-1210-493c-bae7-744c4b2353fc,0.6119080800872457,0.2,2.0,0.7662727572387633,0.6,0.5307520434712122,0.17871782093842026,1.0,2.0,5.0,0
c99a9365-5d36-4163-a584-764bd2b86814,45cea0cf-acbc-4a1c-ae67-7da156ce4e33,0.6119080800872457,0.2,2.0,0.7662727572387633,0.6,0.44790999008794674,0.8240533460888545,0.3,1.0,1.0,0
c99a9365-5d36-4163-a584-764bd2b86814,85a991a1-00c2-4f3b-a2f1-2edd3ed3c13b,0.6119080800872457,0.2,2.0,0.7662727572387633,0.6,0.885115810475927,0.053316349790826556,0.3,0.0,6.0,1
c99a9365-5d36-4163-a584-764bd2b86814,19e80ef1-4224-4720-a093-1f15d029cdae,0.6119080800872457,0.2,2.0,0.7662727572387633,1.0,0.8175424886601043,0.7192671703216541,0.6,2.0,1.0,1
c99a9365-5d36-4163-a584-764bd2b86814,042f11d0-6ddd-4561-8c2c-5e00545a621e,0.6119080800872457,0.2,2.0,0.7662727572387633,1.0,0.7872798003899497,0.9285445017428434,0.6,5.0,1.0,0
c99a9365-5d36-4163-a584-764bd2b86814,fda140a2-2654-463e-a825-e101e2f7921b,0.6119080800872457,0.2,2.0,0.7662727572387633,0.2,0.3998020556294877,0.9744658783076392,0.0,5.0,0.0,0
c99a9365-5d36-4163-a584-764bd2b86814,7e5fb408-a839-4c94-af31-f8f846c10b16,0.6119080800872457,0.2,2.0,0.7662727572387633,0.6,0.3750883081968893,0.7913034251586659,1.0,1.0,1.0,0
c99a9365-5d36-4163-a584-764bd2b86814,a38cc35a-c8b1-493c-ad3e-67dba34f85e7,0.6119080800872457,0.2,2.0,0.7662727572387633,0.6,0.41036269496507194,0.08761541400278205,0.0,4.0,3.0,1
c99a9365-5d36-4163-a584-764bd2b86814,0d91a5c8-4b22-4198-b963-be98907527f4,0.6119080800872457,0.2,2.0,0.7662727572387633,0.2,0.36811976533001634,0.7445398250927052,0.0,4.0,4.0,1
c99a9365-5d36-4163-a584-764bd2b86814,ad581338-27d8-4935-86c9-5f785bf435c2,0.6119080800872457,0.2,2.0,0.7662727572387633,1.0,0.3943185155107163,0.2811618959132587,0.3,2.0,1.0,0
c99a9365-5d36-4163-a584-764bd2b86814,c0831cb8-2671-4f2e-9498-e74d21da6f33,0.6119080800872457,0.2,2.0,0.7662727572387633,0.2,0.678838712580165,0.49622340240440477,1.0,4.0,4.0,1
c99a9365-5d36-4163-a584-764bd2b86814,6a40cbad-655b-4606-9b92-d053c779e9a1,0.6119080800872457,0.2,2.0,0.7662727572387633,0.2,0.7251468800412657,0.941344002350994,0.0,3.0,6.0,1
c99a9365-5d36-4163-a584-764bd2b86814,0c914be4-9a3f-42b1-9a0d-7b75e4458ea2,0.6119080800872457,0.2,2.0,0.7662727572387633,0.2,0.6120270413649967,0.8895054166969376,0.3,3.0,6.0,1
079708e5-eadc-48b0-9237-78ca6f14b7e4,e02821d5-6c11-48d3-9e5a-ab797cf10dfd,0.2412116368134264,0.2,1.0,0.8877083202029972,0.2,0.30278131508958317,0.8518530351666224,0.6,3.0,4.0,1
079708e5-eadc-48b0-9237-78ca6f14b7e4,e02821d5-6c11-48d3-9e5a-ab797cf10dfd,0.2412116368134264,0.2,1.0,0.8877083202029972,0.2,0.30278131508958317,0.8518530351666224,0.6,4.0,5.0,0
079708e5-eadc-48b0-9237-78ca6f14b7e4,8ed783a1-387d-4717-b5f7-15de4d9164c0,0.2412116368134264,0.2,1.0,0.8877083202029972,1.0,0.6957695377284588,0.9476351583956032,0.0,2.0,4.0,0
079708e5-eadc-48b0-9237-78ca6f14b7e4,db87c9f7-0d43-43e7-bfc8-10a75114f27b,0.2412116368134264,0.2,1.0,0.8877083202029972,1.0,0.5554553024932305,0.03495342538664914,0.6,5.0,0.0,0
079708e5-eadc-48b0-9237-78ca6f14b7e4,74148153-f45d-4239-a353-bd87a356743e,0.2412116368134264,0.2,1.0,0.8877083202029972,0.6,0.6999994035333063,0.6902791079691951,0.6,1.0,3.0,1
079708e5-eadc-48b0-9237-78ca6f14b7e4,87a7aeb8-bf34-460e-bb3c-fbe35cf1ef81,0.2412116368134264,0.2,1.0,0.8877083202029972,1.0,0.7885085605778664,0.825897641598029,0.6,4.0,1.0,1
079708e5-eadc-48b0-9237-78ca6f14b7e4,f99793e2-bf1f-4652-b717-b380cf1b82d9,0.2412116368134264,0.2,1.0,0.8877083202029972,1.0,0.3478973552809047,0.15349034844890785,0.0,0.0,1.0,1
079708e5-eadc-48b0-9237-78ca6f14b7e4,c65f2822-55d3-4e67-b0e3-dcb7ed48c4fc,0.2412116368134264,0.2,1.0,0.8877083202029972,0.2,0.5969201348829377,0.6751594254540361,0.3,2.0,1.0,1
079708e5-eadc-48b0-9237-78ca6f14b7e4,153e892c-7403-48b3-b3e5-7a4444a6af33,0.2412116368134264,0.2,1.0,0.8877083202029972,1.0,0.268440635924974,0.5517497858340187,0.3,3.0,3.0,0
079708e5-eadc-48b0-9237-78ca6f14b7e4,1c71f507-dfea-4b96-86e6-8a12d5a0d8da,0.2412116368134264,0.2,1.0,0.8877083202029972,1.0,0.9354478790984506,0.6224732640307242,0.0,2.0,2.0,1
079708e5-eadc-48b0-9237-78ca6f14b7e4,5e04770f-4a25-48a2-ad93-cef1ed97d455,0.2412116368134264,0.2,1.0,0.8877083202029972,1.0,0.6810890391339975,0.862719881758954,0.3,2.0,5.0,0
079708e5-eadc-48b0-9237-78ca6f14b7e4,de80c064-1511-4251-84a5-ba1187978d32,0.2412116368134264,0.2,1.0,0.8877083202029972,1.0,0.37359855622088356,0.32543416209529763,0.0,4.0,4.0,1
079708e5-eadc-48b0-9237-78ca6f14b7e4,775861d5-545e-4ddf-b332-3aabb9bd0e76,0.2412116368134264,0.2,1.0,0.8877083202029972,1.0,0.8513642364331833,0.05300666587800451,0.6,1.0,0.0,0
079708e5-eadc-48b0-9237-78ca6f14b7e4,4df06409-5880-4fd2-840e-02e90385cc4e,0.2412116368134264,0.2,1.0,0.8877083202029972,1.0,0.19470747542775022,0.6843276576228667,0.0,1.0,2.0,0
079708e5-eadc-48b0-9237-78ca6f14b7e4,6194ece5-783c-4da7-bdc5-d5536c904afd,0.2412116368134264,0.2,1.0,0.8877083202029972,0.6,0.6048572623235224,0.928472011746639,0.3,5.0,6.0,0
079708e5-eadc-48b0-9237-78ca6f14b7e4,8a2b6b58-3f67-4179-b80b-643dade73512,0.2412116368134264,0.2,1.0,0.8877083202029972,0.6,0.31611651735255464,0.7525389528715243,1.0,5.0,4.0,0
079708e5-eadc-48b0-9237-78ca6f14b7e4,425b9a2c-d3c2-418b-8da0-71ea5c07dd63,0.2412116368134264,0.2,1.0,0.8877083202029972,0.2,0.5351171693089606,0.9651204126148089,0.0,2.0,0.0,1
079708e5-eadc-48b0-9237-78ca6f14b7e4,dbb00897-88a6-4e66-bf2b-d540c730bdb9,0.2412116368134264,0.2,1.0,0.8877083202029972,0.6,0.9518329178984374,0.4047620165937216,0.0,3.0,3.0,0
079708e5-eadc-48b0-9237-78ca6f14b7e4,d05c6a73-7fda-4aba-88c3-900cedb6b9a6,0.2412116368134264,0.2,1.0,0.8877083202029972,0.6,0.37465691625557584,0.04502897108590176,0.0,3.0,5.0,0
079708e5-eadc-48b0-9237-78ca6f14b7e4,ad581338-27d8-4935-86c9-5f785bf435c2,0.2412116368134264,0.2,1.0,0.8877083202029972,1.0,0.3943185155107163,0.2811618959132587,0.3,3.0,1.0,0
079708e5-eadc-48b0-9237-78ca6f14b7e4,8ed783a1-387d-4717-b5f7-15de4d9164c0,0.2412116368134264,0.2,1.0,0.8877083202029972,1.0,0.6957695377284588,0.9476351583956032,0.0,1.0,4.0,0
079708e5-eadc-48b0-9237-78ca6f14b7e4,dd23fd07-88e1-462e-bc3b-00e51b7428ff,0.2412116368134264,0.2,1.0,0.8877083202029972,0.2,0.9167390499607783,0.453942637731402,1.0,5.0,6.0,0
079708e5-eadc-48b0-9237-78ca6f14b7e4,0764c1e1-84c4-4344-814b-56f447356699,0.2412116368134264,0.2,1.0,0.8877083202029972,0.2,0.36478434898577183,0.31372887152086304,0.3,1.0,3.0,1
079708e5-eadc-48b0-9237-78ca6f14b7e4,50485b49-6f87-4fbb-a6d8-cc894f5ad343,0.2412116368134264,0.2,1.0,0.8877083202029972,0.2,0.489665412099198,0.42118413108785735,0.3,3.0,3.0,1
079708e5-eadc-48b0-9237-78ca6f14b7e4,ca05174e-a4f7-4654-890c-a2d577d622a4,0.2412116368134264,0.2,1.0,0.8877083202029972,0.6,0.2772344656929614,0.3717860192537389,1.0,4.0,6.0,0
079708e5-eadc-48b0-9237-78ca6f14b7e4,b972f906-99a3-4c64-8a3c-52215d80d34b,0.2412116368134264,0.2,1.0,0.8877083202029972,0.2,0.7557609477960204,0.33890958121625947,0.3,3.0,6.0,1
079708e5-eadc-48b0-9237-78ca6f14b7e4,35fc8989-8da0-422f-a619-1517d94a5ef1,0.2412116368134264,0.2,1.0,0.8877083202029972,0.6,0.53636942704019,0.22090661672949963,1.0,3.0,3.0,1
079708e5-eadc-48b0-9237-78ca6f14b7e4,4a47a28f-ebfe-4e2c-b5a5-219b771c2344,0.2412116368134264,0.2,1.0,0.8877083202029972,1.0,0.886582543106834,0.6746693780314743,0.3,2.0,2.0,0
079708e5-eadc-48b0-9237-78ca6f14b7e4,86df6ab5-0a91-4c31-ae77-b6a97acaa3b6,0.2412116368134264,0.2,1.0,0.8877083202029972,0.2,0.6626325512293207,0.22621734088053103,1.0,1.0,1.0,0
079708e5-eadc-48b0-9237-78ca6f14b7e4,06deada8-30c5-413b-9c3c-714dac3f16dc,0.2412116368134264,0.2,1.0,0.8877083202029972,1.0,0.35763710304451657,0.8208832504363414,1.0,5.0,6.0,0
079708e5-eadc-48b0-9237-78ca6f14b7e4,f2b47773-ae1a-4e1a-83d1-6e1190805e45,0.2412116368134264,0.2,1.0,0.8877083202029972,0.2,0.47451581704366996,0.8941437054017293,0.0,3.0,1.0,1
079708e5-eadc-48b0-9237-78ca6f14b7e4,c5beb2bc-7876-4318-b66a-dab1f0815f72,0.2412116368134264,0.2,1.0,0.8877083202029972,0.6,0.40881718791361676,0.5939586390142232,0.0,1.0,3.0,0
079708e5-eadc-48b0-9237-78ca6f14b7e4,74148153-f45d-4239-a353-bd87a356743e,0.2412116368134264,0.2,1.0,0.8877083202029972,0.6,0.6999994035333063,0.6902791079691951,0.6,5.0,2.0,1
079708e5-eadc-48b0-9237-78ca6f14b7e4,cfaac6f7-b976-4661-8cd2-98f3a4e3a281,0.2412116368134264,0.2,1.0,0.8877083202029972,0.2,0.17993656314318568,0.2972789514204549,0.3,1.0,0.0,1
079708e5-eadc-48b0-9237-78ca6f14b7e4,9d28a4ed-19ea-45ff-8c87-cd755a39633c,0.2412116368134264,0.2,1.0,0.8877083202029972,1.0,0.9699569764835101,0.3864034459374597,1.0,1.0,1.0,0
079708e5-eadc-48b0-9237-78ca6f14b7e4,65c54c61-8bed-4502-891f-54207581973c,0.2412116368134264,0.2,1.0,0.8877083202029972,0.6,0.5609694251913983,0.4769640187588726,1.0,1.0,1.0,0
079708e5-eadc-48b0-9237-78ca6f14b7e4,06497e85-86a1-47f4-bbdd-a5f778924253,0.2412116368134264,0.2,1.0,0.8877083202029972,0.2,0.19052222599951962,0.20137632619118384,0.3,0.0,2.0,1
079708e5-eadc-48b0-9237-78ca6f14b7e4,d72916bd-ef8f-4502-bba8-725c04f85a5f,0.2412116368134264,0.2,1.0,0.8877083202029972,0.2,0.854828063402321,0.2603597878713769,0.0,3.0,1.0,1
079708e5-eadc-48b0-9237-78ca6f14b7e4,b7f3f687-720d-4c2e-b765-833d1f628763,0.2412116368134264,0.2,1.0,0.8877083202029972,0.6,0.5040757896213439,0.7654432929579714,0.6,3.0,5.0,0
079708e5-eadc-48b0-9237-78ca6f14b7e4,4e038b59-7940-4187-89a4-aa8900eb4584,0.2412116368134264,0.2,1.0,0.8877083202029972,0.6,0.8162686834681103,0.09548613580741361,0.3,1.0,6.0,1
7e3a0d38-4cad-40a3-9acc-ef8e0273301e,bcc862ed-ee8c-4519-bd6f-df3684168181,0.24960014492205743,0.2,8.0,0.7351822226370246,1.0,0.9327717807626915,0.3397410335113047,0.3,1.0,4.0,1
7e3a0d38-4cad-40a3-9acc-ef8e0273301e,9ef9ff12-8bfc-4d55-ba1e-d4fa03792c95,0.24960014492205743,0.2,8.0,0.7351822226370246,0.2,0.482599597367356,0.7341152293318791,0.0,4.0,5.0,1
7e3a0d38-4cad-40a3-9acc-ef8e0273301e,b8f55e48-9d55-4d28-bc80-497a7d36ac53,0.24960014492205743,0.2,8.0,0.7351822226370246,0.6,0.5364632049642664,0.9010207096938249,0.6,1.0,3.0,0
7e3a0d38-4cad-40a3-9acc-ef8e0273301e,1e9ac78a-0ad3-4758-94d2-679a7c60a672,0.24960014492205743,0.2,8.0,0.7351822226370246,0.6,0.1486437037821284,0.8157193928134632,0.6,4.0,2.0,0
7e3a0d38-4cad-40a3-9acc-ef8e0273301e,fb36e3d1-7446-45e0-9d41-48f394b60fa9,0.24960014492205743,0.2,8.0,0.7351822226370246,0.6,0.6937735815060089,0.32932384475875576,0.0,3.0,4.0,1
7e3a0d38-4cad-40a3-9acc-ef8e0273301e,bfa4d06d-4c33-44f5-a582-6f5fc24bfd7f,0.24960014492205743,0.2,8.0,0.7351822226370246,0.2,0.6497798817429743,0.4331009496434778,1.0,2.0,5.0,0
7e3a0d38-4cad-40a3-9acc-ef8e0273301e,f2b47773-ae1a-4e1a-83d1-6e1190805e45,0.24960014492205743,0.2,8.0,0.7351822226370246,0.2,0.47451581704366996,0.8941437054017293,0.0,4.0,6.0,1
7e3a0d38-4cad-40a3-9acc-ef8e0273301e,122cf437-7436-42ed-ba9f-fd1238cad94f,0.24960014492205743,0.2,8.0,0.7351822226370246,0.6,0.7296624097080157,0.24684751428984442,0.6,1.0,4.0,1
7e3a0d38-4cad-40a3-9acc-ef8e0273301e,b7c1594e-c23f-4a6c-b842-737b0c93b147,0.24960014492205743,0.2,8.0,0.7351822226370246,1.0,0.3323463750225212,0.10510906779710338,0.3,5.0,4.0,0
7e3a0d38-4cad-40a3-9acc-ef8e0273301e,a17bf541-effa-44fe-bb93-e99cb560a113,0.24960014492205743,0.2,8.0,0.7351822226370246,0.6,0.6843407970867683,0.1004271940167254,0.6,1.0,6.0,0
7e3a0d38-4cad-40a3-9acc-ef8e0273301e,4a47a28f-ebfe-4e2c-b5a5-219b771c2344,0.24960014492205743,0.2,8.0,0.7351822226370246,1.0,0.886582543106834,0.6746693780314743,0.3,2.0,5.0,0
7e3a0d38-4cad-40a3-9acc-ef8e0273301e,9fbecf58-4b47-499b-af70-5be883e292d6,0.24960014492205743,0.2,8.0,0.7351822226370246,1.0,0.6813001709251447,0.40858971174533243,0.0,3.0,3.0,0
7e3a0d38-4cad-40a3-9acc-ef8e0273301e,1f8de1f5-f4a5-410b-85f9-a2177b221fd0,0.24960014492205743,0.2,8.0,0.7351822226370246,0.2,0.9355406398663405,0.9993664824422813,1.0,0.0,6.0,0
7e3a0d38-4cad-40a3-9acc-ef8e0273301e,4590aaee-b789-46de-a082-c6807a962ec2,0.24960014492205743,0.2,8.0,0.7351822226370246,1.0,0.9792453221449127,0.1694110619506124,1.0,3.0,3.0,1
7e3a0d38-4cad-40a3-9acc-ef8e0273301e,a17bf541-effa-44fe-bb93-e99cb560a113,0.24960014492205743,0.2,8.0,0.7351822226370246,0.6,0.6843407970867683,0.1004271940167254,0.6,3.0,0.0,0
7e3a0d38-4cad-40a3-9acc-ef8e0273301e,c2aa2f4b-31d0-4751-b78b-9bc94a917dd3,0.24960014492205743,0.2,8.0,0.7351822226370246,0.2,0.9632839642542039,0.47862263242291936,0.3,3.0,2.0,0
7e3a0d38-4cad-40a3-9acc-ef8e0273301e,61ae4cd0-4feb-4315-9993-55959a8ab125,0.24960014492205743,0.2,8.0,0.7351822226370246,0.6,0.5247340762216478,0.34315624408831924,0.0,0.0,0.0,0
7e3a0d38-4cad-40a3-9acc-ef8e0273301e,8bf86bf8-6510-4e3c-a240-21e3b94e264e,0.24960014492205743,0.2,8.0,0.7351822226370246,0.6,0.9444299160166787,0.9759914132168259,0.0,2.0,5.0,1
7e3a0d38-4cad-40a3-9acc-ef8e0273301e,f32bd05f-f328-4f1a-be52-e7eeae8d75e8,0.24960014492205743,0.2,8.0,0.7351822226370246,1.0,0.7522989076063284,0.09818661644669102,0.3,0.0,4.0,0
7e3a0d38-4cad-40a3-9acc-ef8e0273301e,72e21539-04f0-470f-b69d-9a418f7ff37b,0.24960014492205743,0.2,8.0,0.7351822226370246,0.2,0.6144010067276086,0.8682015664155024,0.6,1.0,3.0,0
7e3a0d38-4cad-40a3-9acc-ef8e0273301e,f9e2c26a-8651-45e9-95ac-020bf84e5d87,0.24960014492205743,0.2,8.0,0.7351822226370246,1.0,0.5925107460897749,0.3638178643767461,0.6,0.0,4.0,0
7e3a0d38-4cad-40a3-9acc-ef8e0273301e,42438319-d9cd-4491-91c4-7e8df4051b62,0.24960014492205743,0.2,8.0,0.7351822226370246,0.2,0.6023180626659986,0.9806347370894578,0.0,5.0,3.0,0
7e3a0d38-4cad-40a3-9acc-ef8e0273301e,1b648ad6-0817-4f80-a7aa-9a94a583454e,0.24960014492205743,0.2,8.0,0.7351822226370246,1.0,0.9167464792916038,0.10114468166917334,0.0,5.0,2.0,0
7e3a0d38-4cad-40a3-9acc-ef8e0273301e,bbaf1fa3-f0d2-4cf1-a007-2ff9a73a4732,0.24960014492205743,0.2,8.0,0.7351822226370246,0.6,0.943547710035929,0.4668619140050845,1.0,5.0,0.0,0
7e3a0d38-4cad-40a3-9acc-ef8e0273301e,cd408280-465f-4896-b05f-85290441236d,0.24960014492205743,0.2,8.0,0.7351822226370246,1.0,0.22129010421141973,0.167964745667194,0.6,5.0,0.0,0
7e3a0d38-4cad-40a3-9acc-ef8e0273301e,b8a59f9c-9152-4e9d-9227-81b450029be0,0.24960014492205743,0.2,8.0,0.7351822226370246,0.2,0.9082416607735994,0.8438860705844703,1.0,3.0,5.0,1
7e3a0d38-4cad-40a3-9acc-ef8e0273301e,92da4efc-92e2-4b63-a697-25a464242c2d,0.24960014492205743,0.2,8.0,0.7351822226370246,1.0,0.6595170148426077,0.9265692444764961,1.0,0.0,6.0,1
7e3a0d38-4cad-40a3-9acc-ef8e0273301e,122cf437-7436-42ed-ba9f-fd1238cad94f,0.24960014492205743,0.2,8.0,0.7351822226370246,0.6,0.7296624097080157,0.24684751428984442,0.6,2.0,1.0,1
7e3a0d38-4cad-40a3-9acc-ef8e0273301e,965ef1a3-f422-4510-af75-d3f89e3642dd,0.24960014492205743,0.2,8.0,0.7351822226370246,1.0,0.4273005359792914,0.6938722867459519,0.6,0.0,2.0,0
7e3a0d38-4cad-40a3-9acc-ef8e0273301e,6a24fb3d-8584-44db-80ec-a8943d9d4953,0.24960014492205743,0.2,8.0,0.7351822226370246,0.2,0.7990830790974275,0.6468922285040184,0.6,1.0,0.0,0
7e3a0d38-4cad-40a3-9acc-ef8e0273301e,768074f2-fa60-4a87-b7e9-0fe45c042ba8,0.24960014492205743,0.2,8.0,0.7351822226370246,0.6,0.44816631031351084,0.885378023796285,0.0,5.0,1.0,0
7e3a0d38-4cad-40a3-9acc-ef8e0273301e,1e4deb48-10af-482d-89be-a40b3cfa6237,0.24960014492205743,0.2,8.0,0.7351822226370246,0.2,0.45812006017454143,0.5670116153989458,0.0,2.0,4.0,1
7e3a0d38-4cad-40a3-9acc-ef8e0273301e,69f0bb17-25d2-40ca-9934-1d66d65b38ec,0.24960014492205743,0.2,8.0,0.7351822226370246,1.0,0.5123580186270776,0.31857910523425825,0.6,3.0,3.0,1
7e3a0d38-4cad-40a3-9acc-ef8e0273301e,df3f8908-754b-4f66-b4a5-0f54f1bbdef1,0.24960014492205743,0.2,8.0,0.7351822226370246,0.2,0.9006532918063022,0.624832175706485,0.6,2.0,1.0,0
7e3a0d38-4cad-40a3-9acc-ef8e0273301e,d05c6a73-7fda-4aba-88c3-900cedb6b9a6,0.24960014492205743,0.2,8.0,0.7351822226370246,0.6,0.37465691625557584,0.04502897108590176,0.0,3.0,1.0,1
7e3a0d38-4cad-40a3-9acc-ef8e0273301e,b76881f6-7f27-4c43-8ef9-41162752919f,0.24960014492205743,0.2,8.0,0.7351822226370246,1.0,0.440401152269174,0.05205596231391263,0.0,5.0,4.0,1
7e3a0d38-4cad-40a3-9acc-ef8e0273301e,9fbecf58-4b47-499b-af70-5be883e292d6,0.24960014492205743,0.2,8.0,0.7351822226370246,1.0,0.6813001709251447,0.40858971174533243,0.0,3.0,2.0,0
7e3a0d38-4cad-40a3-9acc-ef8e0273301e,b8a59f9c-9152-4e9d-9227-81b450029be0,0.24960014492205743,0.2,8.0,0.7351822226370246,0.2,0.9082416607735994,0.8438860705844703,1.0,5.0,4.0,0
7e3a0d38-4cad-40a3-9acc-ef8e0273301e,6df290df-6194-497e-9997-fd6713e1435f,0.24960014492205743,0.2,8.0,0.7351822226370246,1.0,0.7637061762371852,0.8809980926459479,0.6,1.0,2.0,0
7e3a0d38-4cad-40a3-9acc-ef8e0273301e,3c045d5e-db0b-42a4-8b36-5a8f0192e0a9,0.24960014492205743,0.2,8.0,0.7351822226370246,0.6,0.9703557392871628,0.4741186336216032,0.3,5.0,6.0,1
6b4fdb3d-3294-497f-a260-1aa28eb37ea3,a38cc35a-c8b1-493c-ad3e-67dba34f85e7,0.349965765159307,0.2,18.0,0.6609693197767199,0.6,0.41036269496507194,0.08761541400278205,0.0,5.0,3.0,1
6b4fdb3d-3294-497f-a260-1aa28eb37ea3,5939c634-d641-4ed7-8910-517780e88b75,0.349965765159307,0.2,18.0,0.6609693197767199,0.6,0.7523652503478826,0.6850593430585846,0.3,3.0,3.0,0
6b4fdb3d-3294-497f-a260-1aa28eb37ea3,3fb0a35d-d0bf-4534-9f63-995064c4e8af,0.349965765159307,0.2,18.0,0.6609693197767199,0.2,0.4877773325800844,0.17627426660923395,0.3,4.0,5.0,1
6b4fdb3d-3294-497f-a260-1aa28eb37ea3,1448df8a-d98e-4341-b986-a8f8b8a384c2,0.349965765159307,0.2,18.0,0.6609693197767199,1.0,0.1288249955168966,0.3673497152563451,0.6,2.0,1.0,0
6b4fdb3d-3294-497f-a260-1aa28eb37ea3,bb149053-41e0-46bd-ae04-d392610b827f,0.349965765159307,0.2,18.0,0.6609693197767199,1.0,0.9892289095536471,0.5376980874726343,0.3,0.0,1.0,0
6b4fdb3d-3294-497f-a260-1aa28eb37ea3,33aa1631-5d42-4228-84c3-639ac72cf903,0.349965765159307,0.2,18.0,0.6609693197767199,1.0,0.20605411083785363,0.7031088164784068,0.3,3.0,1.0,1
6b4fdb3d-3294-497f-a260-1aa28eb37ea3,15ffb6f4-0363-4611-afec-93fefe2ffd83,0.349965765159307,0.2,18.0,0.6609693197767199,0.2,0.9223427256162328,0.7798431272433336,0.3,5.0,2.0,1
6b4fdb3d-3294-497f-a260-1aa28eb37ea3,06f5b296-916f-4c42-aec7-d6f62bba9d9b,0.349965765159307,0.2,18.0,0.6609693197767199,0.2,0.3223108679637023,0.4183220717622109,1.0,4.0,6.0,1
6b4fdb3d-3294-497f-a260-1aa28eb37ea3,5c628898-abde-4c5b-8dc9-253bfab0c323,0.349965765159307,0.2,18.0,0.6609693197767199,0.6,0.29562602483866546,0.8882279982692427,0.3,0.0,1.0,1
6b4fdb3d-3294-497f-a260-1aa28eb37ea3,effc8e6d-3fa0-4ad0-84e0-49ceb18ecfdf,0.349965765159307,0.2,18.0,0.6609693197767199,1.0,0.1753861576369154,0.018304751217713022,0.6,1.0,4.0,0
6b4fdb3d-3294-497f-a260-1aa28eb37ea3,122cf437-7436-42ed-ba9f-fd1238cad94f,0.349965765159307,0.2,18.0,0.6609693197767199,0.6,0.7296624097080157,0.24684751428984442,0.6,5.0,5.0,0
6b4fdb3d-3294-497f-a260-1aa28eb37ea3,e33220eb-1aa5-4702-8b7f-82096cbf244c,0.349965765159307,0.2,18.0,0.6609693197767199,0.2,0.8045091416614435,0.9303962480539164,0.0,4.0,2.0,0
6b4fdb3d-3294-497f-a260-1aa28eb37ea3,94f447d1-ce40-4abc-9492-1b4fa652cdf8,0.349965765159307,0.2,18.0,0.6609693197767199,0.2,0.7747992350688047,0.24068147068829215,1.0,3.0,0.0,1
6b4fdb3d-3294-497f-a260-1aa28eb37ea3,21197103-286c-4e08-8f2e-e1f0c1aa4b65,0.349965765159307,0.2,18.0,0.6609693197767199,0.2,0.974231980237957,0.8883695246489081,0.6,1.0,1.0,0
6b4fdb3d-3294-497f-a260-1aa28eb37ea3,fe09dd6a-bc95-42e6-bb3c-61d404a20200,0.349965765159307,0.2,18.0,0.6609693197767199,0.2,0.852490071939042,0.9956463958670673,0.3,1.0,4.0,0
6b4fdb3d-3294-497f-a260-1aa28eb37ea3,5a34f357-525c-4e8c-9761-fca6c5ef4a54,0.349965765159307,0.2,18.0,0.6609693197767199,1.0,0.32612342892093527,0.37000647225331373,0.3,1.0,5.0,0
6b4fdb3d-3294-497f-a260-1aa28eb37ea3,122cf437-7436-42ed-ba9f-fd1238cad94f,0.349965765159307,0.2,18.0,0.6609693197767199,0.6,0.7296624097080157,0.24684751428984442,0.6,2.0,2.0,0
6b4fdb3d-3294-497f-a260-1aa28eb37ea3,9ef9ff12-8bfc-4d55-ba1e-d4fa03792c95,0.349965765159307,0.2,18.0,0.6609693197767199,0.2,0.482599597367356,0.7341152293318791,0.0,2.0,6.0,1
6b4fdb3d-3294-497f-a260-1aa28eb37ea3,aaf45fe2-a218-49a4-8030-1b040505fcc2,0.349965765159307,0.2,18.0,0.6609693197767199,0.2,0.36982601339710064,0.6947724975849392,0.3,3.0,3.0,1
6b4fdb3d-3294-497f-a260-1aa28eb37ea3,0b449292-cc57-4b11-94d1-9d0d6fdf931d,0.349965765159307,0.2,18.0,0.6609693197767199,0.2,0.24562239677446035,0.4286144615110886,0.6,4.0,5.0,1
6b4fdb3d-3294-497f-a260-1aa28eb37ea3,cd43d020-95b3-4fce-8795-f8fd1c5756af,0.349965765159307,0.2,18.0,0.6609693197767199,0.6,0.5573941486973442,0.11632937988922598,0.3,0.0,6.0,0
6b4fdb3d-3294-497f-a260-1aa28eb37ea3,be7b953b-bf68-42e7-957e-b6f8f29af69d,0.349965765159307,0.2,18.0,0.6609693197767199,1.0,0.6945243897343877,0.4669732371344246,1.0,4.0,4.0,0
6b4fdb3d-3294-497f-a260-1aa28eb37ea3,7d674302-c495-4faa-b60b-2f991e7f10b1,0.349965765159307,0.2,18.0,0.6609693197767199,0.6,0.6945598719886059,0.6688730857607941,1.0,3.0,3.0,1
6b4fdb3d-3294-497f-a260-1aa28eb37ea3,b08e025f-b00e-487d-9769-6e771d335fcd,0.349965765159307,0.2,18.0,0.6609693197767199,0.6,0.35587631985892465,0.5051778789164922,0.3,4.0,3.0,1
6b4fdb3d-3294-497f-a260-1aa28eb37ea3,b08c5e45-1706-4711-993f-50cbf58e2335,0.349965765159307,0.2,18.0,0.6609693197767199,0.6,0.7901117853804409,0.22604311984039915,0.0,1.0,1.0,1
6b4fdb3d-3294-497f-a260-1aa28eb37ea3,e4db18b0-d91a-4fe4-b05f-eda25f38ea0d,0.349965765159307,0.2,18.0,0.6609693197767199,0.2,0.5776591949487476,0.19019373944895102,0.3,5.0,5.0,1
6b4fdb3d-3294-497f-a260-1aa28eb37ea3,9f019ca3-6a4d-4f1c-8cfd-4fc983011cd8,0.349965765159307,0.2,18.0,0.6609693197767199,0.6,0.8592879525285462,0.4771610349793223,0.6,3.0,5.0,0
6b4fdb3d-3294-497f-a260-1aa28eb37ea3,a26f3aa1-8131-40eb-8610-e57f92d60b1d,0.349965765159307,0.2,18.0,0.6609693197767199,0.6,0.5405955324673002,0.22788898669340596,0.3,3.0,0.0,1
6b4fdb3d-3294-497f-a260-1aa28eb37ea3,2a4e6f6f-8a97-4b0f-8706-b5b5c9a3506e,0.349965765159307,0.2,18.0,0.6609693197767199,1.0,0.508305717299449,0.5779541132057853,1.0,1.0,1.0,0
6b4fdb3d-3294-497f-a260-1aa28eb37ea3,b9638733-3416-47d7-b548-7e0af0dbe65f,0.349965765159307,0.2,18.0,0.6609693197767199,0.2,0.7200468573060492,0.4981514611185579,0.6,4.0,5.0,0
6b4fdb3d-3294-497f-a260-1aa28eb37ea3,4c734813-4a8a-4ce6-81e5-fc4a2a5db3a2,0.349965765159307,0.2,18.0,0.6609693197767199,0.6,0.10056769438917118,0.5730262898413426,0.3,5.0,3.0,0
6b4fdb3d-3294-497f-a260-1aa28eb37ea3,effc8e6d-3fa0-4ad0-84e0-49ceb18ecfdf,0.349965765159307,0.2,18.0,0.6609693197767199,1.0,0.1753861576369154,0.018304751217713022,0.6,3.0,0.0,0
6b4fdb3d-3294-497f-a260-1aa28eb37ea3,965ef1a3-f422-4510-af75-d3f89e3642dd,0.349965765159307,0.2,18.0,0.6609693197767199,1.0,0.4273005359792914,0.6938722867459519,0.6,5.0,5.0,1
6b4fdb3d-3294-497f-a260-1aa28eb37ea3,bfa4d06d-4c33-44f5-a582-6f5fc24bfd7f,0.349965765159307,0.2,18.0,0.6609693197767199,0.2,0.6497798817429743,0.4331009496434778,1.0,5.0,1.0,0
6b4fdb3d-3294-497f-a260-1aa28eb37ea3,684277da-f62a-49f6-b09e-1b7e786c463b,0.349965765159307,0.2,18.0,0.6609693197767199,1.0,0.457984105173436,0.7791379129900283,0.6,0.0,0.0,0
6b4fdb3d-3294-497f-a260-1aa28eb37ea3,3ddfda87-b4e3-4c16-8683-a4523f15acf2,0.349965765159307,0.2,18.0,0.6609693197767199,1.0,0.9807055615364045,0.6381156208224877,0.3,3.0,5.0,0
6b4fdb3d-3294-497f-a260-1aa28eb37ea3,c65f2822-55d3-4e67-b0e3-dcb7ed48c4fc,0.349965765159307,0.2,18.0,0.6609693197767199,0.2,0.5969201348829377,0.6751594254540361,0.3,1.0,3.0,1
6b4fdb3d-3294-497f-a260-1aa28eb37ea3,6194ece5-783c-4da7-bdc5-d5536c904afd,0.349965765159307,0.2,18.0,0.6609693197767199,0.6,0.6048572623235224,0.928472011746639,0.3,4.0,4.0,1
6b4fdb3d-3294-497f-a260-1aa28eb37ea3,b939da7f-028e-4294-87a9-cae844ef2396,0.349965765159307,0.2,18.0,0.6609693197767199,1.0,0.28159591151234475,0.3654017291850822,1.0,5.0,3.0,0
6b4fdb3d-3294-497f-a260-1aa28eb37ea3,f62e1330-1cf0-425f-9f10-6ddf9042abcd,0.349965765159307,0.2,18.0,0.6609693197767199,1.0,0.9321622696421319,0.2356252848280802,1.0,0.0,5.0,0
8ca32b78-124f-4326-9f81-100dfaa17cd6,8ab6ed8b-51d4-454f-85f3-3f6b976bb994,0.37009806967700715,0.6,13.0,0.3523279314895022,1.0,0.28732703598303644,0.30524872168293893,0.3,2.0,5.0,0
8ca32b78-124f-4326-9f81-100dfaa17cd6,b939da7f-028e-4294-87a9-cae844ef2396,0.37009806967700715,0.6,13.0,0.3523279314895022,1.0,0.28159591151234475,0.3654017291850822,1.0,0.0,1.0,1
8ca32b78-124f-4326-9f81-100dfaa17cd6,e4e6b795-9ea2-4e67-a482-101b379e3dd3,0.37009806967700715,0.6,13.0,0.3523279314895022,0.6,0.7178715876853263,0.49460864618565403,0.0,5.0,3.0,0
8ca32b78-124f-4326-9f81-100dfaa17cd6,4fdb3305-ba7f-45fd-908f-aee1f36874a7,0.37009806967700715,0.6,13.0,0.3523279314895022,0.2,0.9186809012161644,0.8525202868433427,1.0,1.0,1.0,0
8ca32b78-124f-4326-9f81-100dfaa17cd6,382dc6cd-e931-4c06-8335-e8acc1df4c50,0.37009806967700715,0.6,13.0,0.3523279314895022,0.2,0.558623921637297,0.1308595947819554,1.0,3.0,1.0,1
8ca32b78-124f-4326-9f81-100dfaa17cd6,06deada8-30c5-413b-9c3c-714dac3f16dc,0.37009806967700715,0.6,13.0,0.3523279314895022,1.0,0.35763710304451657,0.8208832504363414,1.0,1.0,1.0,0
8ca32b78-124f-4326-9f81-100dfaa17cd6,5c1d0582-adee-41cb-bbe3-230e78acd299,0.37009806967700715,0.6,13.0,0.3523279314895022,0.6,0.13442713841525677,0.8039132575143135,1.0,2.0,6.0,0
8ca32b78-124f-4326-9f81-100dfaa17cd6,d96815d9-4db7-48f0-85a0-eddc3b7b916f,0.37009806967700715,0.6,13.0,0.3523279314895022,0.6,0.4536278778772145,0.0754688004112799,1.0,5.0,1.0,1
8ca32b78-124f-4326-9f81-100dfaa17cd6,1448df8a-d98e-4341-b986-a8f8b8a384c2,0.37009806967700715,0.6,13.0,0.3523279314895022,1.0,0.1288249955168966,0.3673497152563451,0.6,2.0,0.0,0
8ca32b78-124f-4326-9f81-100dfaa17cd6,2f70d43e-6f07-4505-9201-cce02cbbe2f9,0.37009806967700715,0.6,13.0,0.3523279314895022,0.2,0.9098855720694773,0.2703699432968346,0.0,3.0,5.0,1
8ca32b78-124f-4326-9f81-100dfaa17cd6,2e56c0c7-a2d4-4606-8362-ead47ba989cf,0.37009806967700715,0.6,13.0,0.3523279314895022,1.0,0.9838404823093492,0.5555768002260758,0.0,0.0,5.0,0
8ca32b78-124f-4326-9f81-100dfaa17cd6,4df46fb7-f407-42f6-a653-9d8438903f61,0.37009806967700715,0.6,13.0,0.3523279314895022,1.0,0.9723558352169928,0.2356344975085155,1.0,1.0,4.0,0
8ca32b78-124f-4326-9f81-100dfaa17cd6,ab31027b-1533-4573-87ee-591c4e74f603,0.37009806967700715,0.6,13.0,0.3523279314895022,0.2,0.13414284675556443,0.8188515466757538,1.0,2.0,3.0,1
8ca32b78-124f-4326-9f81-100dfaa17cd6,4eda28e3-9d9e-4f06-badb-0cb04245ce38,0.37009806967700715,0.6,13.0,0.3523279314895022,0.6,0.2524816678776829,0.7419096525240588,0.6,2.0,2.0,1
8ca32b78-124f-4326-9f81-100dfaa17cd6,7b512031-30a6-4d3c-8e53-4acf4b15efd9,0.37009806967700715,0.6,13.0,0.3523279314895022,0.6,0.20961141822392887,0.22555703805048077,1.0,1.0,2.0,1
8ca32b78-124f-4326-9f81-100dfaa17cd6,4c734813-4a8a-4ce6-81e5-fc4a2a5db3a2,0.37009806967700715,0.6,13.0,0.3523279314895022,0.6,0.10056769438917118,0.5730262898413426,0.3,2.0,6.0,1
8ca32b78-124f-4326-9f81-100dfaa17cd6,bfa4d06d-4c33-44f5-a582-6f5fc24bfd7f,0.37009806967700715,0.6,13.0,0.3523279314895022,0.2,0.6497798817429743,0.4331009496434778,1.0,5.0,3.0,0
8ca32b78-124f-4326-9f81-100dfaa17cd6,ca05174e-a4f7-4654-890c-a2d577d622a4,0.37009806967700715,0.6,13.0,0.3523279314895022,0.6,0.2772344656929614,0.3717860192537389,1.0,0.0,4.0,0
8ca32b78-124f-4326-9f81-100dfaa17cd6,122cf437-7436-42ed-ba9f-fd1238cad94f,0.37009806967700715,0.6,13.0,0.3523279314895022,0.6,0.7296624097080157,0.24684751428984442,0.6,2.0,3.0,0
8ca32b78-124f-4326-9f81-100dfaa17cd6,bcc862ed-ee8c-4519-bd6f-df3684168181,0.37009806967700715,0.6,13.0,0.3523279314895022,1.0,0.9327717807626915,0.3397410335113047,0.3,4.0,3.0,1
8ca32b78-124f-4326-9f81-100dfaa17cd6,667e3056-15dd-4db1-8e1b-b615cf4a3827,0.37009806967700715,0.6,13.0,0.3523279314895022,0.6,0.15606825708589728,0.7606037779959967,0.0,0.0,5.0,1
8ca32b78-124f-4326-9f81-100dfaa17cd6,4590aaee-b789-46de-a082-c6807a962ec2,0.37009806967700715,0.6,13.0,0.3523279314895022,1.0,0.9792453221449127,0.1694110619506124,1.0,5.0,3.0,0
8ca32b78-124f-4326-9f81-100dfaa17cd6,6a40cbad-655b-4606-9b92-d053c779e9a1,0.37009806967700715,0.6,13.0,0.3523279314895022,0.2,0.7251468800412657,0.941344002350994,0.0,2.0,3.0,0
8ca32b78-124f-4326-9f81-100dfaa17cd6,bcc862ed-ee8c-4519-bd6f-df3684168181,0.37009806967700715,0.6,13.0,0.3523279314895022,1.0,0.9327717807626915,0.3397410335113047,0.3,5.0,6.0,1
8ca32b78-124f-4326-9f81-100dfaa17cd6,c5beb2bc-7876-4318-b66a-dab1f0815f72,0.37009806967700715,0.6,13.0,0.3523279314895022,0.6,0.40881718791361676,0.5939586390142232,0.0,2.0,4.0,1
8ca32b78-124f-4326-9f81-100dfaa17cd6,ab31027b-1533-4573-87ee-591c4e74f603,0.37009806967700715,0.6,13.0,0.3523279314895022,0.2,0.13414284675556443,0.8188515466757538,1.0,4.0,6.0,1
8ca32b78-124f-4326-9f81-100dfaa17cd6,78c12d9f-999b-460d-b319-9bd7627866b0,0.37009806967700715,0.6,13.0,0.3523279314895022,0.2,0.5225456025796394,0.35235373770664025,0.3,3.0,6.0,0
8ca32b78-124f-4326-9f81-100dfaa17cd6,e45bd99d-504e-4e64-83b1-c517b6b084cf,0.37009806967700715,0.6,13.0,0.3523279314895022,1.0,0.2973675063752232,0.26685392748809267,0.0,3.0,1.0,0
8ca32b78-124f-4326-9f81-100dfaa17cd6,cd43d020-95b3-4fce-8795-f8fd1c5756af,0.37009806967700715,0.6,13.0,0.3523279314895022,0.6,0.5573941486973442,0.11632937988922598,0.3,5.0,4.0,1
8ca32b78-124f-4326-9f81-100dfaa17cd6,f62e1330-1cf0-425f-9f10-6ddf9042abcd,0.37009806967700715,0.6,13.0,0.3523279314895022,1.0,0.9321622696421319,0.2356252848280802,1.0,0.0,3.0,1
8ca32b78-124f-4326-9f81-100dfaa17cd6,1e4deb48-10af-482d-89be-a40b3cfa6237,0.37009806967700715,0.6,13.0,0.3523279314895022,0.2,0.45812006017454143,0.5670116153989458,0.0,3.0,6.0,0
8ca32b78-124f-4326-9f81-100dfaa17cd6,bcc862ed-ee8c-4519-bd6f-df3684168181,0.37009806967700715,0.6,13.0,0.3523279314895022,1.0,0.9327717807626915,0.3397410335113047,0.3,5.0,0.0,0
8ca32b78-124f-4326-9f81-100dfaa17cd6,694b0a7e-d4bd-489d-991e-0fc7e0b7eae9,0.37009806967700715,0.6,13.0,0.3523279314895022,0.6,0.3343722183141432,0.2359196929431705,1.0,0.0,6.0,0
8ca32b78-124f-4326-9f81-100dfaa17cd6,8e97dadb-1a1b-42b9-ab2b-901aa2169415,0.37009806967700715,0.6,13.0,0.3523279314895022,0.6,0.4258214568056816,0.9395878832020562,1.0,4.0,0.0,1
8ca32b78-124f-4326-9f81-100dfaa17cd6,e33220eb-1aa5-4702-8b7f-82096cbf244c,0.37009806967700715,0.6,13.0,0.3523279314895022,0.2,0.8045091416614435,0.9303962480539164,0.0,5.0,5.0,0
8ca32b78-124f-4326-9f81-100dfaa17cd6,5e05eec7-1e62-4d54-96f8-a536e832863a,0.37009806967700715,0.6,13.0,0.3523279314895022,0.2,0.99982637880827,0.7415351340320897,0.0,1.0,1.0,1
8ca32b78-124f-4326-9f81-100dfaa17cd6,dfb0809f-a08c-4519-85d0-1f790e6cd5d9,0.37009806967700715,0.6,13.0,0.3523279314895022,1.0,0.12996439027292325,0.8581884567519729,1.0,0.0,2.0,0
8ca32b78-124f-4326-9f81-100dfaa17cd6,1f1d5ce2-33eb-44b8-b139-1507fb4718cc,0.37009806967700715,0.6,13.0,0.3523279314895022,1.0,0.5291681488699617,0.6223076451667475,0.0,4.0,2.0,0
8ca32b78-124f-4326-9f81-100dfaa17cd6,a32c33b9-2ae0-4565-b4cd-8c363bd2dbb1,0.37009806967700715,0.6,13.0,0.3523279314895022,0.6,0.4675427346881219,0.5919389716094521,0.3,4.0,5.0,1
8ca32b78-124f-4326-9f81-100dfaa17cd6,79cb3b8e-aafa-418e-97aa-f7fdcb3d6c58,0.37009806967700715,0.6,13.0,0.3523279314895022,0.2,0.3730266808058288,0.7752357696427774,0.3,1.0,6.0,1
5ab32bbb-23df-4695-a7f4-1b0fe8fc7b8f,15b5cdd7-9aed-490f-9cb8-4f9a900eb398,0.26785156996017634,0.6,11.0,0.5388628984159367,0.2,0.17789822129463906,0.6431782959777482,0.0,5.0,6.0,0
5ab32bbb-23df-4695-a7f4-1b0fe8fc7b8f,f2d9a85b-88a4-4950-96c1-3a460d8c8fab,0.26785156996017634,0.6,11.0,0.5388628984159367,1.0,0.3746902350991088,0.34879260140220214,0.3,0.0,3.0,0
5ab32bbb-23df-4695-a7f4-1b0fe8fc7b8f,7b512031-30a6-4d3c-8e53-4acf4b15efd9,0.26785156996017634,0.6,11.0,0.5388628984159367,0.6,0.20961141822392887,0.22555703805048077,1.0,1.0,6.0,0
5ab32bbb-23df-4695-a7f4-1b0fe8fc7b8f,6059807a-e497-4a84-9074-8799b7986611,0.26785156996017634,0.6,11.0,0.5388628984159367,0.6,0.4781895633511416,0.7748754537301457,0.0,5.0,3.0,1
5ab32bbb-23df-4695-a7f4-1b0fe8fc7b8f,4b00903d-63e9-4414-b21a-341b0a8b4f74,0.26785156996017634,0.6,11.0,0.5388628984159367,0.2,0.6633655398442496,0.5256274218571385,0.0,4.0,2.0,0
5ab32bbb-23df-4695-a7f4-1b0fe8fc7b8f,1448df8a-d98e-4341-b986-a8f8b8a384c2,0.26785156996017634,0.6,11.0,0.5388628984159367,1.0,0.1288249955168966,0.3673497152563451,0.6,2.0,6.0,0
5ab32bbb-23df-4695-a7f4-1b0fe8fc7b8f,bbaf1fa3-f0d2-4cf1-a007-2ff9a73a4732,0.26785156996017634,0.6,11.0,0.5388628984159367,0.6,0.943547710035929,0.4668619140050845,1.0,3.0,2.0,1
5ab32bbb-23df-4695-a7f4-1b0fe8fc7b8f,e78aa463-4c6f-47dc-a5bb-968ac81532c7,0.26785156996017634,0.6,11.0,0.5388628984159367,0.6,0.961259998425001,0.14413543131777729,0.6,1.0,6.0,0
5ab32bbb-23df-4695-a7f4-1b0fe8fc7b8f,35fc8989-8da0-422f-a619-1517d94a5ef1,0.26785156996017634,0.6,11.0,0.5388628984159367,0.6,0.53636942704019,0.22090661672949963,1.0,5.0,5.0,0
5ab32bbb-23df-4695-a7f4-1b0fe8fc7b8f,225af4bb-7dea-491a-b6ce-984e91ad99bf,0.26785156996017634,0.6,11.0,0.5388628984159367,0.2,0.954287099322196,0.3931698082459284,0.3,3.0,5.0,0
5ab32bbb-23df-4695-a7f4-1b0fe8fc7b8f,e033b700-4879-4d96-af09-314a42b40ec0,0.26785156996017634,0.6,11.0,0.5388628984159367,0.6,0.5265277997852419,0.306413896951497,1.0,0.0,4.0,1
5ab32bbb-23df-4695-a7f4-1b0fe8fc7b8f,8ed783a1-387d-4717-b5f7-15de4d9164c0,0.26785156996017634,0.6,11.0,0.5388628984159367,1.0,0.6957695377284588,0.9476351583956032,0.0,2.0,6.0,1
5ab32bbb-23df-4695-a7f4-1b0fe8fc7b8f,b61ea83c-607e-45d0-8e7b-1b85dc0719bf,0.26785156996017634,0.6,11.0,0.5388628984159367,0.2,0.48020855047645894,0.4947416007255965,1.0,2.0,5.0,0
5ab32bbb-23df-4695-a7f4-1b0fe8fc7b8f,e45bd99d-504e-4e64-83b1-c517b6b084cf,0.26785156996017634,0.6,11.0,0.5388628984159367,1.0,0.2973675063752232,0.26685392748809267,0.0,3.0,0.0,0
5ab32bbb-23df-4695-a7f4-1b0fe8fc7b8f,8c20762d-72fc-4a90-9284-b697f6205faa,0.26785156996017634,0.6,11.0,0.5388628984159367,0.2,0.809327370784988,0.46262162923016714,0.6,0.0,6.0,1
5ab32bbb-23df-4695-a7f4-1b0fe8fc7b8f,a8daf424-06ed-42c5-99ea-74a1e01591a9,0.26785156996017634,0.6,11.0,0.5388628984159367,0.6,0.6995840419204985,0.5852213104701965,0.0,4.0,1.0,0
5ab32bbb-23df-4695-a7f4-1b0fe8fc7b8f,ef4564ad-37cb-422e-9258-c0dd09e686d8,0.26785156996017634,0.6,11.0,0.5388628984159367,0.6,0.7134305197216956,0.4952020834976343,0.0,1.0,1.0,1
5ab32bbb-23df-4695-a7f4-1b0fe8fc7b8f,b972f906-99a3-4c64-8a3c-52215d80d34b,0.26785156996017634,0.6,11.0,0.5388628984159367,0.2,0.7557609477960204,0.33890958121625947,0.3,2.0,5.0,1
5ab32bbb-23df-4695-a7f4-1b0fe8fc7b8f,5ac7df38-e13e-4ddf-ac1d-8bd8825c2903,0.26785156996017634,0.6,11.0,0.5388628984159367,0.2,0.5606417702241059,0.9155246766150124,0.0,3.0,3.0,1
5ab32bbb-23df-4695-a7f4-1b0fe8fc7b8f,8977ae1e-0308-44ae-a8c8-f83ca0744d63,0.26785156996017634,0.6,11.0,0.5388628984159367,0.6,0.8507600711322102,0.25582976206381436,0.6,0.0,2.0,1
5ab32bbb-23df-4695-a7f4-1b0fe8fc7b8f,4ae5516d-8df6-4ce0-a1a2-7fe96b97c4ed,0.26785156996017634,0.6,11.0,0.5388628984159367,0.6,0.7394686693887754,0.3658730909863124,0.3,0.0,4.0,0
5ab32bbb-23df-4695-a7f4-1b0fe8fc7b8f,ad581338-27d8-4935-86c9-5f785bf435c2,0.26785156996017634,0.6,11.0,0.5388628984159367,1.0,0.3943185155107163,0.2811618959132587,0.3,5.0,5.0,1
5ab32bbb-23df-4695-a7f4-1b0fe8fc7b8f,01fe4a49-c1a0-4cc3-8dc8-8402e6b11064,0.26785156996017634,0.6,11.0,0.5388628984159367,1.0,0.6879754206461195,0.49287097672138225,0.3,3.0,3.0,0
5ab32bbb-23df-4695-a7f4-1b0fe8fc7b8f,b008e459-aec4-4940-b0b0-b9521473a99b,0.26785156996017634,0.6,11.0,0.5388628984159367,0.2,0.8465976222683373,0.22635650862391665,1.0,5.0,5.0,0
5ab32bbb-23df-4695-a7f4-1b0fe8fc7b8f,f62e1330-1cf0-425f-9f10-6ddf9042abcd,0.26785156996017634,0.6,11.0,0.5388628984159367,1.0,0.9321622696421319,0.2356252848280802,1.0,3.0,6.0,0
5ab32bbb-23df-4695-a7f4-1b0fe8fc7b8f,15ffb6f4-0363-4611-afec-93fefe2ffd83,0.26785156996017634,0.6,11.0,0.5388628984159367,0.2,0.9223427256162328,0.7798431272433336,0.3,2.0,0.0,1
5ab32bbb-23df-4695-a7f4-1b0fe8fc7b8f,90b5993b-1b5d-4363-8738-1f1566b34091,0.26785156996017634,0.6,11.0,0.5388628984159367,0.2,0.20193175818065728,0.8491249460757495,1.0,5.0,5.0,1
5ab32bbb-23df-4695-a7f4-1b0fe8fc7b8f,8d8bd000-8a84-4c8b-bdc8-797008544155,0.26785156996017634,0.6,11.0,0.5388628984159367,1.0,0.14606305453676433,0.13377939697072627,0.0,4.0,3.0,0
5ab32bbb-23df-4695-a7f4-1b0fe8fc7b8f,ad90952f-caf0-425d-8039-7263f702df91,0.26785156996017634,0.6,11.0,0.5388628984159367,0.2,0.9254823202465832,0.36840241779614114,0.0,3.0,3.0,0
5ab32bbb-23df-4695-a7f4-1b0fe8fc7b8f,0279e518-1bb2-4b7d-adb3-74104bab7995,0.26785156996017634,0.6,11.0,0.5388628984159367,1.0,0.48298817741352884,0.6867808649438274,0.6,4.0,1.0,1
5ab32bbb-23df-4695-a7f4-1b0fe8fc7b8f,4a47a28f-ebfe-4e2c-b5a5-219b771c2344,0.26785156996017634,0.6,11.0,0.5388628984159367,1.0,0.886582543106834,0.6746693780314743,0.3,1.0,3.0,1
5ab32bbb-23df-4695-a7f4-1b0fe8fc7b8f,1e7d8873-b56a-4886-a1ad-5de73c350f8e,0.26785156996017634,0.6,11.0,0.5388628984159367,0.6,0.39376459292746124,0.062329554128436215,0.6,4.0,6.0,1
5ab32bbb-23df-4695-a7f4-1b0fe8fc7b8f,c65f2822-55d3-4e67-b0e3-dcb7ed48c4fc,0.26785156996017634,0.6,11.0,0.5388628984159367,0.2,0.5969201348829377,0.6751594254540361,0.3,4.0,4.0,0
5ab32bbb-23df-4695-a7f4-1b0fe8fc7b8f,1448df8a-d98e-4341-b986-a8f8b8a384c2,0.26785156996017634,0.6,11.0,0.5388628984159367,1.0,0.1288249955168966,0.3673497152563451,0.6,1.0,5.0,1
5ab32bbb-23df-4695-a7f4-1b0fe8fc7b8f,ad90952f-caf0-425d-8039-7263f702df91,0.26785156996017634,0.6,11.0,0.5388628984159367,0.2,0.9254823202465832,0.36840241779614114,0.0,0.0,4.0,1
5ab32bbb-23df-4695-a7f4-1b0fe8fc7b8f,06f5b296-916f-4c42-aec7-d6f62bba9d9b,0.26785156996017634,0.6,11.0,0.5388628984159367,0.2,0.3223108679637023,0.4183220717622109,1.0,1.0,4.0,1
5ab32bbb-23df-4695-a7f4-1b0fe8fc7b8f,b08e025f-b00e-487d-9769-6e771d335fcd,0.26785156996017634,0.6,11.0,0.5388628984159367,0.6,0.35587631985892465,0.5051778789164922,0.3,2.0,6.0,1
5ab32bbb-23df-4695-a7f4-1b0fe8fc7b8f,1448df8a-d98e-4341-b986-a8f8b8a384c2,0.26785156996017634,0.6,11.0,0.5388628984159367,1.0,0.1288249955168966,0.3673497152563451,0.6,4.0,2.0,0
5ab32bbb-23df-4695-a7f4-1b0fe8fc7b8f,290546aa-9a27-44b0-96cf-1cbe5de0ac63,0.26785156996017634,0.6,11.0,0.5388628984159367,0.2,0.8840031953521331,0.909469052204089,0.3,5.0,0.0,1
5ab32bbb-23df-4695-a7f4-1b0fe8fc7b8f,c65f2822-55d3-4e67-b0e3-dcb7ed48c4fc,0.26785156996017634,0.6,11.0,0.5388628984159367,0.2,0.5969201348829377,0.6751594254540361,0.3,2.0,5.0,1
eb1ef4a3-6031-47aa-9853-7e11ce665665,694b0a7e-d4bd-489d-991e-0fc7e0b7eae9,0.5269172676256725,1.0,1.0,0.7386916378346413,0.6,0.3343722183141432,0.2359196929431705,1.0,5.0,2.0,0
eb1ef4a3-6031-47aa-9853-7e11ce665665,78815b00-b8cf-4b53-9b5c-0a0cc08481cf,0.5269172676256725,1.0,1.0,0.7386916378346413,0.6,0.9610158815047943,0.2578843936513069,0.0,4.0,4.0,0
eb1ef4a3-6031-47aa-9853-7e11ce665665,a17bf541-effa-44fe-bb93-e99cb560a113,0.5269172676256725,1.0,1.0,0.7386916378346413,0.6,0.6843407970867683,0.1004271940167254,0.6,1.0,0.0,1
eb1ef4a3-6031-47aa-9853-7e11ce665665,bbaf1fa3-f0d2-4cf1-a007-2ff9a73a4732,0.5269172676256725,1.0,1.0,0.7386916378346413,0.6,0.943547710035929,0.4668619140050845,1.0,1.0,4.0,0
eb1ef4a3-6031-47aa-9853-7e11ce665665,b76881f6-7f27-4c43-8ef9-41162752919f,0.5269172676256725,1.0,1.0,0.7386916378346413,1.0,0.440401152269174,0.05205596231391263,0.0,1.0,5.0,1
eb1ef4a3-6031-47aa-9853-7e11ce665665,3e8780dc-c7a9-4934-8e6f-110d379812e4,0.5269172676256725,1.0,1.0,0.7386916378346413,1.0,0.5060570262278341,0.2300402347272693,0.6,2.0,3.0,1
eb1ef4a3-6031-47aa-9853-7e11ce665665,bfa4d06d-4c33-44f5-a582-6f5fc24bfd7f,0.5269172676256725,1.0,1.0,0.7386916378346413,0.2,0.6497798817429743,0.4331009496434778,1.0,0.0,2.0,0
eb1ef4a3-6031-47aa-9853-7e11ce665665,8ab6ed8b-51d4-454f-85f3-3f6b976bb994,0.5269172676256725,1.0,1.0,0.7386916378346413,1.0,0.28732703598303644,0.30524872168293893,0.3,4.0,1.0,0
eb1ef4a3-6031-47aa-9853-7e11ce665665,5c1d0582-adee-41cb-bbe3-230e78acd299,0.5269172676256725,1.0,1.0,0.7386916378346413,0.6,0.13442713841525677,0.8039132575143135,1.0,5.0,2.0,0
eb1ef4a3-6031-47aa-9853-7e11ce665665,6cef895f-06aa-4942-bedd-72fff31eb379,0.5269172676256725,1.0,1.0,0.7386916378346413,0.2,0.8773089936408774,0.6446474280251517,1.0,4.0,1.0,1
eb1ef4a3-6031-47aa-9853-7e11ce665665,fda140a2-2654-463e-a825-e101e2f7921b,0.5269172676256725,1.0,1.0,0.7386916378346413,0.2,0.3998020556294877,0.9744658783076392,0.0,3.0,0.0,1
eb1ef4a3-6031-47aa-9853-7e11ce665665,8155e67e-e6b6-4564-9fbc-a422dfbb4728,0.5269172676256725,1.0,1.0,0.7386916378346413,0.2,0.3282195111753295,0.7588859461800079,0.0,0.0,4.0,1
eb1ef4a3-6031-47aa-9853-7e11ce665665,94f447d1-ce40-4abc-9492-1b4fa652cdf8,0.5269172676256725,1.0,1.0,0.7386916378346413,0.2,0.7747992350688047,0.24068147068829215,1.0,2.0,5.0,0
eb1ef4a3-6031-47aa-9853-7e11ce665665,4ba8e189-dadf-4dd5-b53d-7c4e20e6a1b9,0.5269172676256725,1.0,1.0,0.7386916378346413,1.0,0.4261308026245366,0.5885791737632688,0.3,1.0,6.0,1
eb1ef4a3-6031-47aa-9853-7e11ce665665,a7da2f9e-cfe5-4f9b-a2a9-83b121e1b3a8,0.5269172676256725,1.0,1.0,0.7386916378346413,1.0,0.8629090312240775,0.8986309655053686,0.3,3.0,1.0,1
eb1ef4a3-6031-47aa-9853-7e11ce665665,1448df8a-d98e-4341-b986-a8f8b8a384c2,0.5269172676256725,1.0,1.0,0.7386916378346413,1.0,0.1288249955168966,0.3673497152563451,0.6,1.0,4.0,1
eb1ef4a3-6031-47aa-9853-7e11ce665665,90b5993b-1b5d-4363-8738-1f1566b34091,0.5269172676256725,1.0,1.0,0.7386916378346413,0.2,0.20193175818065728,0.8491249460757495,1.0,0.0,4.0,1
eb1ef4a3-6031-47aa-9853-7e11ce665665,b61ea83c-607e-45d0-8e7b-1b85dc0719bf,0.5269172676256725,1.0,1.0,0.7386916378346413,0.2,0.48020855047645894,0.4947416007255965,1.0,4.0,2.0,0
eb1ef4a3-6031-47aa-9853-7e11ce665665,f9e2c26a-8651-45e9-95ac-020bf84e5d87,0.5269172676256725,1.0,1.0,0.7386916378346413,1.0,0.5925107460897749,0.3638178643767461,0.6,2.0,6.0,1
eb1ef4a3-6031-47aa-9853-7e11ce665665,88e79e28-8590-4873-baf3-158ade3d3e32,0.5269172676256725,1.0,1.0,0.7386916378346413,1.0,0.9148647291612199,0.12864998776038128,0.0,4.0,4.0,1
eb1ef4a3-6031-47aa-9853-7e11ce665665,78c12d9f-999b-460d-b319-9bd7627866b0,0.5269172676256725,1.0,1.0,0.7386916378346413,0.2,0.5225456025796394,0.35235373770664025,0.3,2.0,0.0,0
eb1ef4a3-6031-47aa-9853-7e11ce665665,c0831cb8-2671-4f2e-9498-e74d21da6f33,0.5269172676256725,1.0,1.0,0.7386916378346413,0.2,0.678838712580165,0.49622340240440477,1.0,1.0,3.0,1
eb1ef4a3-6031-47aa-9853-7e11ce665665,9f7ae8c9-dc90-4236-adb6-2109245d9021,0.5269172676256725,1.0,1.0,0.7386916378346413,0.6,0.8963101399292399,0.12506351553810924,0.0,5.0,6.0,0
eb1ef4a3-6031-47aa-9853-7e11ce665665,8d3c9344-6c45-43f7-a583-eb49f1bd7c4b,0.5269172676256725,1.0,1.0,0.7386916378346413,1.0,0.32697303710818776,0.18910296519857916,0.6,1.0,3.0,0
eb1ef4a3-6031-47aa-9853-7e11ce665665,3fb0a35d-d0bf-4534-9f63-995064c4e8af,0.5269172676256725,1.0,1.0,0.7386916378346413,0.2,0.4877773325800844,0.17627426660923395,0.3,2.0,2.0,1
eb1ef4a3-6031-47aa-9853-7e11ce665665,2ab0f7b1-b672-4fd3-bf9d-b9435c307791,0.5269172676256725,1.0,1.0,0.7386916378346413,0.6,0.4930337984475558,0.8483250712740258,0.6,2.0,5.0,0
eb1ef4a3-6031-47aa-9853-7e11ce665665,b1ef27f4-c212-4d80-95b3-1ccfcccee40b,0.5269172676256725,1.0,1.0,0.7386916378346413,1.0,0.273179116013828,0.9075422104826739,1.0,2.0,6.0,1
eb1ef4a3-6031-47aa-9853-7e11ce665665,27de15b7-4423-4163-9a52-27eba3556133,0.5269172676256725,1.0,1.0,0.7386916378346413,0.2,0.8025233861040034,0.45458734247358457,0.6,0.0,1.0,1
eb1ef4a3-6031-47aa-9853-7e11ce665665,e8df6458-6771-4ac9-9072-87c3e1750d40,0.5269172676256725,1.0,1.0,0.7386916378346413,0.2,0.43364799363262085,0.28863566461256474,0.0,4.0,3.0,1
eb1ef4a3-6031-47aa-9853-7e11ce665665,b85c5447-3934-4a5f-a2ea-5cf406ba1386,0.5269172676256725,1.0,1.0,0.7386916378346413,0.2,0.7359215878835874,0.20471404262800852,1.0,5.0,4.0,1
eb1ef4a3-6031-47aa-9853-7e11ce665665,1c71f507-dfea-4b96-86e6-8a12d5a0d8da,0.5269172676256725,1.0,1.0,0.7386916378346413,1.0,0.9354478790984506,0.6224732640307242,0.0,4.0,5.0,0
eb1ef4a3-6031-47aa-9853-7e11ce665665,1448df8a-d98e-4341-b986-a8f8b8a384c2,0.5269172676256725,1.0,1.0,0.7386916378346413,1.0,0.1288249955168966,0.3673497152563451,0.6,3.0,0.0,0
eb1ef4a3-6031-47aa-9853-7e11ce665665,b8f55e48-9d55-4d28-bc80-497a7d36ac53,0.5269172676256725,1.0,1.0,0.7386916378346413,0.6,0.5364632049642664,0.9010207096938249,0.6,5.0,3.0,0
eb1ef4a3-6031-47aa-9853-7e11ce665665,45cea0cf-acbc-4a1c-ae67-7da156ce4e33,0.5269172676256725,1.0,1.0,0.7386916378346413,0.6,0.44790999008794674,0.8240533460888545,0.3,5.0,5.0,0
eb1ef4a3-6031-47aa-9853-7e11ce665665,eab77546-5660-4b6f-8ed6-d113d4c924cb,0.5269172676256725,1.0,1.0,0.7386916378346413,0.6,0.6257718626796875,0.29583808895330166,0.0,5.0,4.0,0
eb1ef4a3-6031-47aa-9853-7e11ce665665,43b70bae-10ef-4dc3-9f9b-b39a1eacb2d1,0.5269172676256725,1.0,1.0,0.7386916378346413,1.0,0.6227481543871835,0.008705213531018718,1.0,5.0,6.0,1
eb1ef4a3-6031-47aa-9853-7e11ce665665,b1ecfa5c-68a1-4a8a-846a-dfb97027e1f6,0.5269172676256725,1.0,1.0,0.7386916378346413,0.6,0.47396075244655456,0.7794108057492125,1.0,2.0,6.0,1
eb1ef4a3-6031-47aa-9853-7e11ce665665,4ae5516d-8df6-4ce0-a1a2-7fe96b97c4ed,0.5269172676256725,1.0,1.0,0.7386916378346413,0.6,0.7394686693887754,0.3658730909863124,0.3,3.0,3.0,1
eb1ef4a3-6031-47aa-9853-7e11ce665665,dfb0809f-a08c-4519-85d0-1f790e6cd5d9,0.5269172676256725,1.0,1.0,0.7386916378346413,1.0,0.12996439027292325,0.8581884567519729,1.0,2.0,5.0,0
eb1ef4a3-6031-47aa-9853-7e11ce665665,2767a00e-73cb-4ec0-8f10-1f2685529dd8,0.5269172676256725,1.0,1.0,0.7386916378346413,0.2,0.14774330715500755,0.17529814661096454,0.3,2.0,2.0,1
9046b626-adfa-4e41-bdc0-8b48ef4c6b7a,19d3638b-3623-485e-a7a3-bed4ec53eb28,0.8889156479561762,0.2,1.0,0.522097025681815,0.2,0.22255292506683805,0.2999183439789205,0.0,5.0,5.0,1
9046b626-adfa-4e41-bdc0-8b48ef4c6b7a,b7334163-6b0b-4be1-b584-94370f17d451,0.8889156479561762,0.2,1.0,0.522097025681815,1.0,0.6214743123780008,0.24793030815786732,0.6,5.0,4.0,1
9046b626-adfa-4e41-bdc0-8b48ef4c6b7a,dba04d24-2e37-4c46-ae54-9c34510dff1f,0.8889156479561762,0.2,1.0,0.522097025681815,1.0,0.8419986133538263,0.7052929283686935,0.0,4.0,6.0,1
9046b626-adfa-4e41-bdc0-8b48ef4c6b7a,fb36e3d1-7446-45e0-9d41-48f394b60fa9,0.8889156479561762,0.2,1.0,0.522097025681815,0.6,0.6937735815060089,0.32932384475875576,0.0,2.0,2.0,1
9046b626-adfa-4e41-bdc0-8b48ef4c6b7a,8c822518-d0dc-460d-93c7-d9d033a078ba,0.8889156479561762,0.2,1.0,0.522097025681815,1.0,0.5475099359609544,0.9553256935848943,1.0,3.0,2.0,0
9046b626-adfa-4e41-bdc0-8b48ef4c6b7a,382dc6cd-e931-4c06-8335-e8acc1df4c50,0.8889156479561762,0.2,1.0,0.522097025681815,0.2,0.558623921637297,0.1308595947819554,1.0,0.0,4.0,1
9046b626-adfa-4e41-bdc0-8b48ef4c6b7a,1448df8a-d98e-4341-b986-a8f8b8a384c2,0.8889156479561762,0.2,1.0,0.522097025681815,1.0,0.1288249955168966,0.3673497152563451,0.6,3.0,0.0,0
9046b626-adfa-4e41-bdc0-8b48ef4c6b7a,35fc8989-8da0-422f-a619-1517d94a5ef1,0.8889156479561762,0.2,1.0,0.522097025681815,0.6,0.53636942704019,0.22090661672949963,1.0,3.0,3.0,1
9046b626-adfa-4e41-bdc0-8b48ef4c6b7a,b7c1594e-c23f-4a6c-b842-737b0c93b147,0.8889156479561762,0.2,1.0,0.522097025681815,1.0,0.3323463750225212,0.10510906779710338,0.3,4.0,6.0,0
9046b626-adfa-4e41-bdc0-8b48ef4c6b7a,72e21539-04f0-470f-b69d-9a418f7ff37b,0.8889156479561762,0.2,1.0,0.522097025681815,0.2,0.6144010067276086,0.8682015664155024,0.6,1.0,1.0,1
9046b626-adfa-4e41-bdc0-8b48ef4c6b7a,68ffa0bd-b298-4476-a51a-141035550fd6,0.8889156479561762,0.2,1.0,0.522097025681815,1.0,0.7873450415195071,0.20198131932556307,0.3,5.0,1.0,0
9046b626-adfa-4e41-bdc0-8b48ef4c6b7a,10061fb7-f1ca-4d39-a324-536b4bc6d836,0.8889156479561762,0.2,1.0,0.522097025681815,0.2,0.618739880361464,0.7410470610420968,1.0,3.0,3.0,0
9046b626-adfa-4e41-bdc0-8b48ef4c6b7a,684277da-f62a-49f6-b09e-1b7e786c463b,0.8889156479561762,0.2,1.0,0.522097025681815,1.0,0.457984105173436,0.7791379129900283,0.6,5.0,1.0,0
9046b626-adfa-4e41-bdc0-8b48ef4c6b7a,2e56c0c7-a2d4-4606-8362-ead47ba989cf,0.8889156479561762,0.2,1.0,0.522097025681815,1.0,0.9838404823093492,0.5555768002260758,0.0,0.0,3.0,0
9046b626-adfa-4e41-bdc0-8b48ef4c6b7a,78c12d9f-999b-460d-b319-9bd7627866b0,0.8889156479561762,0.2,1.0,0.522097025681815,0.2,0.5225456025796394,0.35235373770664025,0.3,2.0,6.0,0
9046b626-adfa-4e41-bdc0-8b48ef4c6b7a,e4db18b0-d91a-4fe4-b05f-eda25f38ea0d,0.8889156479561762,0.2,1.0,0.522097025681815,0.2,0.5776591949487476,0.19019373944895102,0.3,5.0,5.0,1
9046b626-adfa-4e41-bdc0-8b48ef4c6b7a,19e80ef1-4224-4720-a093-1f15d029cdae,0.8889156479561762,0.2,1.0,0.522097025681815,1.0,0.8175424886601043,0.7192671703216541,0.6,0.0,6.0,1
9046b626-adfa-4e41-bdc0-8b48ef4c6b7a,e4db18b0-d91a-4fe4-b05f-eda25f38ea0d,0.8889156479561762,0.2,1.0,0.522097025681815,0.2,0.5776591949487476,0.19019373944895102,0.3,0.0,6.0,1
9046b626-adfa-4e41-bdc0-8b48ef4c6b7a,e44b9013-f4a8-49bf-9379-87dcbb2e8e53,0.8889156479561762,0.2,1.0,0.522097025681815,1.0,0.36258242224859283,0.32306846386650134,0.3,3.0,4.0,1
9046b626-adfa-4e41-bdc0-8b48ef4c6b7a,18d9fc90-579e-4041-988f-c2fa9da7d9f1,0.8889156479561762,0.2,1.0,0.522097025681815,0.2,0.611318917479668,0.23509193379958115,0.3,2.0,3.0,1
9046b626-adfa-4e41-bdc0-8b48ef4c6b7a,18c8f5c0-62d6-4353-8121-04a82ac26ed8,0.8889156479561762,0.2,1.0,0.522097025681815,1.0,0.14611128000847454,0.5869443165834576,0.3,5.0,4.0,1
9046b626-adfa-4e41-bdc0-8b48ef4c6b7a,7c817b5c-6572-44b4-8692-fb0a6e6339be,0.8889156479561762,0.2,1.0,0.522097025681815,1.0,0.5648788196988385,0.6966139096390322,0.6,2.0,5.0,0
9046b626-adfa-4e41-bdc0-8b48ef4c6b7a,382dc6cd-e931-4c06-8335-e8acc1df4c50,0.8889156479561762,0.2,1.0,0.522097025681815,0.2,0.558623921637297,0.1308595947819554,1.0,3.0,5.0,1
9046b626-adfa-4e41-bdc0-8b48ef4c6b7a,3fb0a35d-d0bf-4534-9f63-995064c4e8af,0.8889156479561762,0.2,1.0,0.522097025681815,0.2,0.4877773325800844,0.17627426660923395,0.3,4.0,1.0,0
9046b626-adfa-4e41-bdc0-8b48ef4c6b7a,ad581338-27d8-4935-86c9-5f785bf435c2,0.8889156479561762,0.2,1.0,0.522097025681815,1.0,0.3943185155107163,0.2811618959132587,0.3,1.0,0.0,1
9046b626-adfa-4e41-bdc0-8b48ef4c6b7a,5c1d0582-adee-41cb-bbe3-230e78acd299,0.8889156479561762,0.2,1.0,0.522097025681815,0.6,0.13442713841525677,0.8039132575143135,1.0,1.0,3.0,1
9046b626-adfa-4e41-bdc0-8b48ef4c6b7a,4ae5516d-8df6-4ce0-a1a2-7fe96b97c4ed,0.8889156479561762,0.2,1.0,0.522097025681815,0.6,0.7394686693887754,0.3658730909863124,0.3,3.0,3.0,0
9046b626-adfa-4e41-bdc0-8b48ef4c6b7a,84c440d3-55ef-46aa-abeb-ca96e8632be9,0.8889156479561762,0.2,1.0,0.522097025681815,0.6,0.5539423499120992,0.05768859541460958,0.6,1.0,2.0,1
9046b626-adfa-4e41-bdc0-8b48ef4c6b7a,89df2650-7e95-4104-8f42-5cb62ffb481a,0.8889156479561762,0.2,1.0,0.522097025681815,0.2,0.29630278019401196,0.3424606722909498,0.0,5.0,0.0,1
9046b626-adfa-4e41-bdc0-8b48ef4c6b7a,74e91ec2-7e97-4477-a254-e11129eee045,0.8889156479561762,0.2,1.0,0.522097025681815,1.0,0.4127752338799551,0.9613455666412534,0.3,2.0,5.0,1
9046b626-adfa-4e41-bdc0-8b48ef4c6b7a,b404278c-bd4e-43f3-b805-2473f7c0eb3d,0.8889156479561762,0.2,1.0,0.522097025681815,0.6,0.2463507248368063,0.8830515088702483,0.3,1.0,0.0,0
9046b626-adfa-4e41-bdc0-8b48ef4c6b7a,667e3056-15dd-4db1-8e1b-b615cf4a3827,0.8889156479561762,0.2,1.0,0.522097025681815,0.6,0.15606825708589728,0.7606037779959967,0.0,1.0,2.0,0
9046b626-adfa-4e41-bdc0-8b48ef4c6b7a,85a991a1-00c2-4f3b-a2f1-2edd3ed3c13b,0.8889156479561762,0.2,1.0,0.522097025681815,0.6,0.885115810475927,0.053316349790826556,0.3,3.0,1.0,0
9046b626-adfa-4e41-bdc0-8b48ef4c6b7a,7cae5725-f4a7-4615-ab21-00fad572f2f3,0.8889156479561762,0.2,1.0,0.522097025681815,1.0,0.8991240703271256,0.15308566915688449,0.3,2.0,0.0,1
9046b626-adfa-4e41-bdc0-8b48ef4c6b7a,1dbb57c0-dbf1-4996-b33e-610ff0e1a4c5,0.8889156479561762,0.2,1.0,0.522097025681815,0.2,0.6520298599863723,0.91316722678243,1.0,1.0,2.0,0
9046b626-adfa-4e41-bdc0-8b48ef4c6b7a,eab77546-5660-4b6f-8ed6-d113d4c924cb,0.8889156479561762,0.2,1.0,0.522097025681815,0.6,0.6257718626796875,0.29583808895330166,0.0,4.0,2.0,1
9046b626-adfa-4e41-bdc0-8b48ef4c6b7a,5939c634-d641-4ed7-8910-517780e88b75,0.8889156479561762,0.2,1.0,0.522097025681815,0.6,0.7523652503478826,0.6850593430585846,0.3,3.0,0.0,1
9046b626-adfa-4e41-bdc0-8b48ef4c6b7a,fccbd80d-e8cc-4cf0-adb9-85c0aa640f7f,0.8889156479561762,0.2,1.0,0.522097025681815,1.0,0.7950919292205237,0.850748587791265,0.0,0.0,4.0,0
9046b626-adfa-4e41-bdc0-8b48ef4c6b7a,8a2b6b58-3f67-4179-b80b-643dade73512,0.8889156479561762,0.2,1.0,0.522097025681815,0.6,0.31611651735255464,0.7525389528715243,1.0,1.0,5.0,1
9046b626-adfa-4e41-bdc0-8b48ef4c6b7a,4df06409-5880-4fd2-840e-02e90385cc4e,0.8889156479561762,0.2,1.0,0.522097025681815,1.0,0.19470747542775022,0.6843276576228667,0.0,4.0,2.0,0
9ee63c34-55fa-43fe-965d-4a86dbf41d2d,9ef9ff12-8bfc-4d55-ba1e-d4fa03792c95,0.43751182377647424,0.2,7.0,0.35327205771332326,0.2,0.482599597367356,0.7341152293318791,0.0,4.0,5.0,1
9ee63c34-55fa-43fe-965d-4a86dbf41d2d,b7f3f687-720d-4c2e-b765-833d1f628763,0.43751182377647424,0.2,7.0,0.35327205771332326,0.6,0.5040757896213439,0.7654432929579714,0.6,4.0,5.0,0
9ee63c34-55fa-43fe-965d-4a86dbf41d2d,51656879-b9de-4976-b3d5-c8a240739e35,0.43751182377647424,0.2,7.0,0.35327205771332326,0.6,0.12393733137164058,0.5053225155587664,1.0,2.0,2.0,0
9ee63c34-55fa-43fe-965d-4a86dbf41d2d,5e05eec7-1e62-4d54-96f8-a536e832863a,0.43751182377647424,0.2,7.0,0.35327205771332326,0.2,0.99982637880827,0.7415351340320897,0.0,0.0,3.0,0
9ee63c34-55fa-43fe-965d-4a86dbf41d2d,3fb0a35d-d0bf-4534-9f63-995064c4e8af,0.43751182377647424,0.2,7.0,0.35327205771332326,0.2,0.4877773325800844,0.17627426660923395,0.3,0.0,1.0,0
9ee63c34-55fa-43fe-965d-4a86dbf41d2d,7e5fb408-a839-4c94-af31-f8f846c10b16,0.43751182377647424,0.2,7.0,0.35327205771332326,0.6,0.3750883081968893,0.7913034251586659,1.0,2.0,0.0,1
9ee63c34-55fa-43fe-965d-4a86dbf41d2d,8a2b6b58-3f67-4179-b80b-643dade73512,0.43751182377647424,0.2,7.0,0.35327205771332326,0.6,0.31611651735255464,0.7525389528715243,1.0,5.0,6.0,0
9ee63c34-55fa-43fe-965d-4a86dbf41d2d,319d65cc-35fb-4fd2-8d36-0aaeae8c1599,0.43751182377647424,0.2,7.0,0.35327205771332326,0.2,0.3492163442071033,0.6358648613159886,0.3,0.0,1.0,1
9ee63c34-55fa-43fe-965d-4a86dbf41d2d,b08e025f-b00e-487d-9769-6e771d335fcd,0.43751182377647424,0.2,7.0,0.35327205771332326,0.6,0.35587631985892465,0.5051778789164922,0.3,3.0,3.0,1
9ee63c34-55fa-43fe-965d-4a86dbf41d2d,19d3638b-3623-485e-a7a3-bed4ec53eb28,0.43751182377647424,0.2,7.0,0.35327205771332326,0.2,0.22255292506683805,0.2999183439789205,0.0,1.0,4.0,0
9ee63c34-55fa-43fe-965d-4a86dbf41d2d,319d65cc-35fb-4fd2-8d36-0aaeae8c1599,0.43751182377647424,0.2,7.0,0.35327205771332326,0.2,0.3492163442071033,0.6358648613159886,0.3,3.0,4.0,1
9ee63c34-55fa-43fe-965d-4a86dbf41d2d,97ffd70a-47e9-4398-92a1-d66d4e4e7ac9,0.43751182377647424,0.2,7.0,0.35327205771332326,1.0,0.4738888800802551,0.7582398953411875,1.0,1.0,2.0,0
9ee63c34-55fa-43fe-965d-4a86dbf41d2d,f9e2c26a-8651-45e9-95ac-020bf84e5d87,0.43751182377647424,0.2,7.0,0.35327205771332326,1.0,0.5925107460897749,0.3638178643767461,0.6,1.0,0.0,0
9ee63c34-55fa-43fe-965d-4a86dbf41d2d,5ac7df38-e13e-4ddf-ac1d-8bd8825c2903,0.43751182377647424,0.2,7.0,0.35327205771332326,0.2,0.5606417702241059,0.9155246766150124,0.0,2.0,1.0,0
9ee63c34-55fa-43fe-965d-4a86dbf41d2d,122cf437-7436-42ed-ba9f-fd1238cad94f,0.43751182377647424,0.2,7.0,0.35327205771332326,0.6,0.7296624097080157,0.24684751428984442,0.6,1.0,4.0,0
9ee63c34-55fa-43fe-965d-4a86dbf41d2d,1f8de1f5-f4a5-410b-85f9-a2177b221fd0,0.43751182377647424,0.2,7.0,0.35327205771332326,0.2,0.9355406398663405,0.9993664824422813,1.0,2.0,0.0,0
9ee63c34-55fa-43fe-965d-4a86dbf41d2d,6e8ca283-10c7-434c-826a-837f38ec5444,0.43751182377647424,0.2,7.0,0.35327205771332326,0.2,0.6513768543337128,0.6342982912007427,1.0,5.0,1.0,0
9ee63c34-55fa-43fe-965d-4a86dbf41d2d,4590aaee-b789-46de-a082-c6807a962ec2,0.43751182377647424,0.2,7.0,0.35327205771332326,1.0,0.9792453221449127,0.1694110619506124,1.0,0.0,5.0,0
9ee63c34-55fa-43fe-965d-4a86dbf41d2d,85f2c72b-1210-493c-bae7-744c4b2353fc,0.43751182377647424,0.2,7.0,0.35327205771332326,0.6,0.5307520434712122,0.17871782093842026,1.0,5.0,2.0,0
9ee63c34-55fa-43fe-965d-4a86dbf41d2d,4a47a28f-ebfe-4e2c-b5a5-219b771c2344,0.43751182377647424,0.2,7.0,0.35327205771332326,1.0,0.886582543106834,0.6746693780314743,0.3,5.0,6.0,0
9ee63c34-55fa-43fe-965d-4a86dbf41d2d,fe560b2d-9461-419f-952d-3526d1d58cc6,0.43751182377647424,0.2,7.0,0.35327205771332326,1.0,0.582611192457266,0.5549319795003286,0.0,5.0,5.0,0
9ee63c34-55fa-43fe-965d-4a86dbf41d2d,7d674302-c495-4faa-b60b-2f991e7f10b1,0.43751182377647424,0.2,7.0,0.35327205771332326,0.6,0.6945598719886059,0.6688730857607941,1.0,5.0,5.0,1
9ee63c34-55fa-43fe-965d-4a86dbf41d2d,cd408280-465f-4896-b05f-85290441236d,0.43751182377647424,0.2,7.0,0.35327205771332326,1.0,0.22129010421141973,0.167964745667194,0.6,1.0,2.0,0
9ee63c34-55fa-43fe-965d-4a86dbf41d2d,bf1c16a4-e182-4ecc-8023-e458da60daac,0.43751182377647424,0.2,7.0,0.35327205771332326,1.0,0.24964749169716674,0.6258043806862246,0.6,1.0,3.0,0
9ee63c34-55fa-43fe-965d-4a86dbf41d2d,1f8de1f5-f4a5-410b-85f9-a2177b221fd0,0.43751182377647424,0.2,7.0,0.35327205771332326,0.2,0.9355406398663405,0.9993664824422813,1.0,1.0,3.0,1
9ee63c34-55fa-43fe-965d-4a86dbf41d2d,61f8b793-eb21-415f-be6a-1dace64c1dab,0.43751182377647424,0.2,7.0,0.35327205771332326,0.2,0.5789373941878594,0.5534783138488689,0.0,1.0,1.0,0
9ee63c34-55fa-43fe-965d-4a86dbf41d2d,ad90952f-caf0-425d-8039-7263f702df91,0.43751182377647424,0.2,7.0,0.35327205771332326,0.2,0.9254823202465832,0.36840241779614114,0.0,5.0,2.0,1
9ee63c34-55fa-43fe-965d-4a86dbf41d2d,7a3805f8-637d-41ce-ac78-d79938def8ea,0.43751182377647424,0.2,7.0,0.35327205771332326,0.2,0.6005977206832448,0.609661198171549,0.0,3.0,5.0,1
9ee63c34-55fa-43fe-965d-4a86dbf41d2d,a26f3aa1-8131-40eb-8610-e57f92d60b1d,0.43751182377647424,0.2,7.0,0.35327205771332326,0.6,0.5405955324673002,0.22788898669340596,0.3,3.0,1.0,0
9ee63c34-55fa-43fe-965d-4a86dbf41d2d,153d2d46-4437-4840-90a1-e5308394b291,0.43751182377647424,0.2,7.0,0.35327205771332326,0.6,0.8859430875649702,0.004809331333315514,0.6,0.0,5.0,0
9ee63c34-55fa-43fe-965d-4a86dbf41d2d,d05c6a73-7fda-4aba-88c3-900cedb6b9a6,0.43751182377647424,0.2,7.0,0.35327205771332326,0.6,0.37465691625557584,0.04502897108590176,0.0,4.0,0.0,1
9ee63c34-55fa-43fe-965d-4a86dbf41d2d,d05c6a73-7fda-4aba-88c3-900cedb6b9a6,0.43751182377647424,0.2,7.0,0.35327205771332326,0.6,0.37465691625557584,0.04502897108590176,0.0,5.0,0.0,0
9ee63c34-55fa-43fe-965d-4a86dbf41d2d,ae260348-9d86-49fc-b010-b38655f0aa4c,0.43751182377647424,0.2,7.0,0.35327205771332326,0.6,0.6156726777562007,0.7631540220976764,0.3,1.0,5.0,0
9ee63c34-55fa-43fe-965d-4a86dbf41d2d,b972f906-99a3-4c64-8a3c-52215d80d34b,0.43751182377647424,0.2,7.0,0.35327205771332326,0.2,0.7557609477960204,0.33890958121625947,0.3,0.0,4.0,1
9ee63c34-55fa-43fe-965d-4a86dbf41d2d,d879a756-cb6b-4026-a00a-656051801b5f,0.43751182377647424,0.2,7.0,0.35327205771332326,1.0,0.19670829855613808,0.6495454402345533,1.0,1.0,1.0,0
9ee63c34-55fa-43fe-965d-4a86dbf41d2d,15ffb6f4-0363-4611-afec-93fefe2ffd83,0.43751182377647424,0.2,7.0,0.35327205771332326,0.2,0.9223427256162328,0.7798431272433336,0.3,1.0,2.0,1
9ee63c34-55fa-43fe-965d-4a86dbf41d2d,8977ae1e-0308-44ae-a8c8-f83ca0744d63,0.43751182377647424,0.2,7.0,0.35327205771332326,0.6,0.8507600711322102,0.25582976206381436,0.6,4.0,5.0,0
9ee63c34-55fa-43fe-965d-4a86dbf41d2d,85736eaa-5d46-446f-bc37-90664659af7c,0.43751182377647424,0.2,7.0,0.35327205771332326,0.2,0.5071632128531129,0.5363921784426651,0.3,0.0,0.0,1
9ee63c34-55fa-43fe-965d-4a86dbf41d2d,9f019ca3-6a4d-4f1c-8cfd-4fc983011cd8,0.43751182377647424,0.2,7.0,0.35327205771332326,0.6,0.8592879525285462,0.4771610349793223,0.6,1.0,0.0,1
9ee63c34-55fa-43fe-965d-4a86dbf41d2d,89df2650-7e95-4104-8f42-5cb62ffb481a,0.43751182377647424,0.2,7.0,0.35327205771332326,0.2,0.29630278019401196,0.3424606722909498,0.0,3.0,1.0,1
fa74e32b-0276-4ccd-8713-e78189201b08,3ddfda87-b4e3-4c16-8683-a4523f15acf2,0.5754000277372411,0.2,13.0,0.3467904286297866,1.0,0.9807055615364045,0.6381156208224877,0.3,5.0,5.0,1
fa74e32b-0276-4ccd-8713-e78189201b08,43b70bae-10ef-4dc3-9f9b-b39a1eacb2d1,0.5754000277372411,0.2,13.0,0.3467904286297866,1.0,0.6227481543871835,0.008705213531018718,1.0,0.0,1.0,0
fa74e32b-0276-4ccd-8713-e78189201b08,df3f8908-754b-4f66-b4a5-0f54f1bbdef1,0.5754000277372411,0.2,13.0,0.3467904286297866,0.2,0.9006532918063022,0.624832175706485,0.6,0.0,4.0,1
fa74e32b-0276-4ccd-8713-e78189201b08,d879a756-cb6b-4026-a00a-656051801b5f,0.5754000277372411,0.2,13.0,0.3467904286297866,1.0,0.19670829855613808,0.6495454402345533,1.0,0.0,4.0,0
fa74e32b-0276-4ccd-8713-e78189201b08,7cae5725-f4a7-4615-ab21-00fad572f2f3,0.5754000277372411,0.2,13.0,0.3467904286297866,1.0,0.8991240703271256,0.15308566915688449,0.3,4.0,1.0,1
fa74e32b-0276-4ccd-8713-e78189201b08,6194ece5-783c-4da7-bdc5-d5536c904afd,0.5754000277372411,0.2,13.0,0.3467904286297866,0.6,0.6048572623235224,0.928472011746639,0.3,4.0,6.0,0
fa74e32b-0276-4ccd-8713-e78189201b08,8155e67e-e6b6-4564-9fbc-a422dfbb4728,0.5754000277372411,0.2,13.0,0.3467904286297866,0.2,0.3282195111753295,0.7588859461800079,0.0,3.0,5.0,1
fa74e32b-0276-4ccd-8713-e78189201b08,f4511c0e-1907-4564-85be-6208646f9403,0.5754000277372411,0.2,13.0,0.3467904286297866,0.6,0.9737144331912416,0.8489993802384885,0.3,0.0,6.0,1
fa74e32b-0276-4ccd-8713-e78189201b08,5ac7df38-e13e-4ddf-ac1d-8bd8825c2903,0.5754000277372411,0.2,13.0,0.3467904286297866,0.2,0.5606417702241059,0.9155246766150124,0.0,2.0,1.0,0
fa74e32b-0276-4ccd-8713-e78189201b08,2f70d43e-6f07-4505-9201-cce02cbbe2f9,0.5754000277372411,0.2,13.0,0.3467904286297866,0.2,0.9098855720694773,0.2703699432968346,0.0,0.0,0.0,0
fa74e32b-0276-4ccd-8713-e78189201b08,b76881f6-7f27-4c43-8ef9-41162752919f,0.5754000277372411,0.2,13.0,0.3467904286297866,1.0,0.440401152269174,0.05205596231391263,0.0,1.0,0.0,1
fa74e32b-0276-4ccd-8713-e78189201b08,c5beb2bc-7876-4318-b66a-dab1f0815f72,0.5754000277372411,0.2,13.0,0.3467904286297866,0.6,0.40881718791361676,0.5939586390142232,0.0,2.0,2.0,0
fa74e32b-0276-4ccd-8713-e78189201b08,299e9ca4-b5a4-4951-88ff-3985383763f0,0.5754000277372411,0.2,13.0,0.3467904286297866,0.2,0.7548560181125934,0.465904244394832,0.6,4.0,6.0,1
fa74e32b-0276-4ccd-8713-e78189201b08,45cea0cf-acbc-4a1c-ae67-7da156ce4e33,0.5754000277372411,0.2,13.0,0.3467904286297866,0.6,0.44790999008794674,0.8240533460888545,0.3,3.0,3.0,0
fa74e32b-0276-4ccd-8713-e78189201b08,e3e4e158-1e76-4fc3-a85b-e05b8b8a0ccb,0.5754000277372411,0.2,13.0,0.3467904286297866,0.6,0.639410932283415,0.2933005026004223,0.0,4.0,4.0,1
fa74e32b-0276-4ccd-8713-e78189201b08,8c20762d-72fc-4a90-9284-b697f6205faa,0.5754000277372411,0.2,13.0,0.3467904286297866,0.2,0.809327370784988,0.46262162923016714,0.6,5.0,3.0,0
fa74e32b-0276-4ccd-8713-e78189201b08,85f2c72b-1210-493c-bae7-744c4b2353fc,0.5754000277372411,0.2,13.0,0.3467904286297866,0.6,0.5307520434712122,0.17871782093842026,1.0,5.0,0.0,1
fa74e32b-0276-4ccd-8713-e78189201b08,5b598b97-310b-48b1-a31c-086e59102b7b,0.5754000277372411,0.2,13.0,0.3467904286297866,0.2,0.7003193052156396,0.8859898883469448,0.0,2.0,4.0,1
fa74e32b-0276-4ccd-8713-e78189201b08,19e80ef1-4224-4720-a093-1f15d029cdae,0.5754000277372411,0.2,13.0,0.3467904286297866,1.0,0.8175424886601043,0.7192671703216541,0.6,0.0,2.0,0
fa74e32b-0276-4ccd-8713-e78189201b08,ca05174e-a4f7-4654-890c-a2d577d622a4,0.5754000277372411,0.2,13.0,0.3467904286297866,0.6,0.2772344656929614,0.3717860192537389,1.0,2.0,3.0,0
fa74e32b-0276-4ccd-8713-e78189201b08,10fa412c-7efe-46f7-89b0-c6aa11d87532,0.5754000277372411,0.2,13.0,0.3467904286297866,1.0,0.911960789245008,0.6298188715387788,0.3,1.0,1.0,1
fa74e32b-0276-4ccd-8713-e78189201b08,34df5d01-15ed-49be-beaf-1edba5ce73f3,0.5754000277372411,0.2,13.0,0.3467904286297866,0.2,0.570771685431961,0.8647552667165631,0.3,0.0,5.0,1
fa74e32b-0276-4ccd-8713-e78189201b08,9d28a4ed-19ea-45ff-8c87-cd755a39633c,0.5754000277372411,0.2,13.0,0.3467904286297866,1.0,0.9699569764835101,0.3864034459374597,1.0,5.0,3.0,0
fa74e32b-0276-4ccd-8713-e78189201b08,8c20762d-72fc-4a90-9284-b697f6205faa,0.5754000277372411,0.2,13.0,0.3467904286297866,0.2,0.809327370784988,0.46262162923016714,0.6,0.0,3.0,0
fa74e32b-0276-4ccd-8713-e78189201b08,c4200dd0-0628-49ac-a3d4-9cafb23a3f7c,0.5754000277372411,0.2,13.0,0.3467904286297866,0.6,0.23204019132352335,0.14567973078804342,0.3,1.0,2.0,1
fa74e32b-0276-4ccd-8713-e78189201b08,d05c6a73-7fda-4aba-88c3-900cedb6b9a6,0.5754000277372411,0.2,13.0,0.3467904286297866,0.6,0.37465691625557584,0.04502897108590176,0.0,4.0,6.0,1
fa74e32b-0276-4ccd-8713-e78189201b08,b7c1594e-c23f-4a6c-b842-737b0c93b147,0.5754000277372411,0.2,13.0,0.3467904286297866,1.0,0.3323463750225212,0.10510906779710338,0.3,3.0,5.0,0
fa74e32b-0276-4ccd-8713-e78189201b08,be7b953b-bf68-42e7-957e-b6f8f29af69d,0.5754000277372411,0.2,13.0,0.3467904286297866,1.0,0.6945243897343877,0.4669732371344246,1.0,3.0,3.0,0
fa74e32b-0276-4ccd-8713-e78189201b08,d05c6a73-7fda-4aba-88c3-900cedb6b9a6,0.5754000277372411,0.2,13.0,0.3467904286297866,0.6,0.37465691625557584,0.04502897108590176,0.0,2.0,0.0,0
fa74e32b-0276-4ccd-8713-e78189201b08,86df6ab5-0a91-4c31-ae77-b6a97acaa3b6,0.5754000277372411,0.2,13.0,0.3467904286297866,0.2,0.6626325512293207,0.22621734088053103,1.0,4.0,6.0,1
fa74e32b-0276-4ccd-8713-e78189201b08,bf1c16a4-e182-4ecc-8023-e458da60daac,0.5754000277372411,0.2,13.0,0.3467904286297866,1.0,0.24964749169716674,0.6258043806862246,0.6,3.0,5.0,0
fa74e32b-0276-4ccd-8713-e78189201b08,4923fb26-e583-4c24-ac52-8838a0ed3a98,0.5754000277372411,0.2,13.0,0.3467904286297866,1.0,0.553388277838538,0.7019544741283528,1.0,4.0,4.0,1
fa74e32b-0276-4ccd-8713-e78189201b08,f02458a6-6ff7-47a1-8e01-b8ff21f7812d,0.5754000277372411,0.2,13.0,0.3467904286297866,0.2,0.336680938116936,0.2620493339390677,0.6,2.0,0.0,0
fa74e32b-0276-4ccd-8713-e78189201b08,c0831cb8-2671-4f2e-9498-e74d21da6f33,0.5754000277372411,0.2,13.0,0.3467904286297866,0.2,0.678838712580165,0.49622340240440477,1.0,5.0,1.0,1
fa74e32b-0276-4ccd-8713-e78189201b08,f2b47773-ae1a-4e1a-83d1-6e1190805e45,0.5754000277372411,0.2,13.0,0.3467904286297866,0.2,0.47451581704366996,0.8941437054017293,0.0,1.0,6.0,1
fa74e32b-0276-4ccd-8713-e78189201b08,f4511c0e-1907-4564-85be-6208646f9403,0.5754000277372411,0.2,13.0,0.3467904286297866,0.6,0.9737144331912416,0.8489993802384885,0.3,5.0,3.0,0
fa74e32b-0276-4ccd-8713-e78189201b08,04b630df-e955-44a2-ba81-7807bb8bbf0e,0.5754000277372411,0.2,13.0,0.3467904286297866,0.6,0.26969467315661044,0.7945253868283686,1.0,3.0,1.0,0
fa74e32b-0276-4ccd-8713-e78189201b08,b85c5447-3934-4a5f-a2ea-5cf406ba1386,0.5754000277372411,0.2,13.0,0.3467904286297866,0.2,0.7359215878835874,0.20471404262800852,1.0,1.0,2.0,1
fa74e32b-0276-4ccd-8713-e78189201b08,7cae5725-f4a7-4615-ab21-00fad572f2f3,0.5754000277372411,0.2,13.0,0.3467904286297866,1.0,0.8991240703271256,0.15308566915688449,0.3,0.0,1.0,0
fa74e32b-0276-4ccd-8713-e78189201b08,94f447d1-ce40-4abc-9492-1b4fa652cdf8,0.5754000277372411,0.2,13.0,0.3467904286297866,0.2,0.7747992350688047,0.24068147068829215,1.0,1.0,4.0,0
1cfdbfe7-34c2-4ea3-b5de-cbb8403038b5,2e62bb91-bbcc-427c-86f2-60487a06e1ea,0.5238396478806772,0.2,14.0,0.846417795785362,0.6,0.9970298553106509,0.5346422845071757,0.3,4.0,1.0,1
1cfdbfe7-34c2-4ea3-b5de-cbb8403038b5,ae260348-9d86-49fc-b010-b38655f0aa4c,0.5238396478806772,0.2,14.0,0.846417795785362,0.6,0.6156726777562007,0.7631540220976764,0.3,0.0,4.0,1
1cfdbfe7-34c2-4ea3-b5de-cbb8403038b5,1fca9427-3cae-42d5-bed5-488302ac2459,0.5238396478806772,0.2,14.0,0.846417795785362,0.6,0.396450442114459,0.6699625843471093,0.0,0.0,0.0,0
1cfdbfe7-34c2-4ea3-b5de-cbb8403038b5,b972f906-99a3-4c64-8a3c-52215d80d34b,0.5238396478806772,0.2,14.0,0.846417795785362,0.2,0.7557609477960204,0.33890958121625947,0.3,2.0,6.0,1
1cfdbfe7-34c2-4ea3-b5de-cbb8403038b5,059f7915-4179-4fab-ab9a-979f2ce6e218,0.5238396478806772,0.2,14.0,0.846417795785362,1.0,0.9507761192432672,0.14440395180459542,0.6,2.0,6.0,1
1cfdbfe7-34c2-4ea3-b5de-cbb8403038b5,7e5fb408-a839-4c94-af31-f8f846c10b16,0.5238396478806772,0.2,14.0,0.846417795785362,0.6,0.3750883081968893,0.7913034251586659,1.0,5.0,5.0,1
1cfdbfe7-34c2-4ea3-b5de-cbb8403038b5,3fb0a35d-d0bf-4534-9f63-995064c4e8af,0.5238396478806772,0.2,14.0,0.846417795785362,0.2,0.4877773325800844,0.17627426660923395,0.3,0.0,4.0,1
1cfdbfe7-34c2-4ea3-b5de-cbb8403038b5,e33220eb-1aa5-4702-8b7f-82096cbf244c,0.5238396478806772,0.2,14.0,0.846417795785362,0.2,0.8045091416614435,0.9303962480539164,0.0,3.0,4.0,1
1cfdbfe7-34c2-4ea3-b5de-cbb8403038b5,684277da-f62a-49f6-b09e-1b7e786c463b,0.5238396478806772,0.2,14.0,0.846417795785362,1.0,0.457984105173436,0.7791379129900283,0.6,1.0,5.0,0
1cfdbfe7-34c2-4ea3-b5de-cbb8403038b5,4b297a66-3334-402c-af3b-f9ee2b621b0b,0.5238396478806772,0.2,14.0,0.846417795785362,0.2,0.16180119098371584,0.2582859429792861,0.0,5.0,1.0,0
1cfdbfe7-34c2-4ea3-b5de-cbb8403038b5,21197103-286c-4e08-8f2e-e1f0c1aa4b65,0.5238396478806772,0.2,14.0,0.846417795785362,0.2,0.974231980237957,0.8883695246489081,0.6,5.0,1.0,1
1cfdbfe7-34c2-4ea3-b5de-cbb8403038b5,90e0e36e-2a3f-4349-b92f-d283a363e309,0.5238396478806772,0.2,14.0,0.846417795785362,0.6,0.37903438078382046,0.7659731746919894,0.6,2.0,3.0,1
1cfdbfe7-34c2-4ea3-b5de-cbb8403038b5,aaf45fe2-a218-49a4-8030-1b040505fcc2,0.5238396478806772,0.2,14.0,0.846417795785362,0.2,0.36982601339710064,0.6947724975849392,0.3,4.0,6.0,1
1cfdbfe7-34c2-4ea3-b5de-cbb8403038b5,3c045d5e-db0b-42a4-8b36-5a8f0192e0a9,0.5238396478806772,0.2,14.0,0.846417795785362,0.6,0.9703557392871628,0.4741186336216032,0.3,1.0,1.0,1
1cfdbfe7-34c2-4ea3-b5de-cbb8403038b5,18c8f5c0-62d6-4353-8121-04a82ac26ed8,0.5238396478806772,0.2,14.0,0.846417795785362,1.0,0.14611128000847454,0.5869443165834576,0.3,4.0,5.0,1
1cfdbfe7-34c2-4ea3-b5de-cbb8403038b5,6a217f2a-6a27-417d-a68f-a01e2a149c82,0.5238396478806772,0.2,14.0,0.846417795785362,1.0,0.6505590801619944,0.0878064055229939,0.6,1.0,6.0,0
1cfdbfe7-34c2-4ea3-b5de-cbb8403038b5,29943de0-bf3c-49cd-84da-43ca10216d5a,0.5238396478806772,0.2,14.0,0.846417795785362,1.0,0.24742902261843305,0.882207830248756,0.0,3.0,0.0,1
1cfdbfe7-34c2-4ea3-b5de-cbb8403038b5,786a081e-bed1-4dd5-af8f-b24a2969db27,0.5238396478806772,0.2,14.0,0.846417795785362,1.0,0.2204606202831086,0.8790686327551894,0.6,1.0,0.0,0
1cfdbfe7-34c2-4ea3-b5de-cbb8403038b5,f62e1330-1cf0-425f-9f10-6ddf9042abcd,0.5238396478806772,0.2,14.0,0.846417795785362,1.0,0.9321622696421319,0.2356252848280802,1.0,0.0,1.0,0
1cfdbfe7-34c2-4ea3-b5de-cbb8403038b5,8ed783a1-387d-4717-b5f7-15de4d9164c0,0.5238396478806772,0.2,14.0,0.846417795785362,1.0,0.6957695377284588,0.9476351583956032,0.0,2.0,6.0,0
1cfdbfe7-34c2-4ea3-b5de-cbb8403038b5,ca05174e-a4f7-4654-890c-a2d577d622a4,0.5238396478806772,0.2,14.0,0.846417795785362,0.6,0.2772344656929614,0.3717860192537389,1.0,0.0,4.0,1
1cfdbfe7-34c2-4ea3-b5de-cbb8403038b5,e8df6458-6771-4ac9-9072-87c3e1750d40,0.5238396478806772,0.2,14.0,0.846417795785362,0.2,0.43364799363262085,0.28863566461256474,0.0,3.0,3.0,0
1cfdbfe7-34c2-4ea3-b5de-cbb8403038b5,7e5fb408-a839-4c94-af31-f8f846c10b16,0.5238396478806772,0.2,14.0,0.846417795785362,0.6,0.3750883081968893,0.7913034251586659,1.0,3.0,2.0,0
1cfdbfe7-34c2-4ea3-b5de-cbb8403038b5,0764c1e1-84c4-4344-814b-56f447356699,0.5238396478806772,0.2,14.0,0.846417795785362,0.2,0.36478434898577183,0.31372887152086304,0.3,2.0,0.0,1
1cfdbfe7-34c2-4ea3-b5de-cbb8403038b5,2270dcd6-f4ba-4acf-b863-271ea249c419,0.5238396478806772,0.2,14.0,0.846417795785362,0.6,0.888509462672205,0.11768090665028597,0.0,5.0,0.0,0
1cfdbfe7-34c2-4ea3-b5de-cbb8403038b5,45cea0cf-acbc-4a1c-ae67-7da156ce4e33,0.5238396478806772,0.2,14.0,0.846417795785362,0.6,0.44790999008794674,0.8240533460888545,0.3,5.0,6.0,1
1cfdbfe7-34c2-4ea3-b5de-cbb8403038b5,ff0af660-6a5f-4fd7-b2e1-c43344816514,0.5238396478806772,0.2,14.0,0.846417795785362,1.0,0.5024161230527904,0.7433967816161681,0.3,2.0,3.0,0
1cfdbfe7-34c2-4ea3-b5de-cbb8403038b5,3ceffdd1-05b8-4296-8ead-87aa963b9836,0.5238396478806772,0.2,14.0,0.846417795785362,1.0,0.4937077765458606,0.9078087859837904,0.3,1.0,3.0,0
1cfdbfe7-34c2-4ea3-b5de-cbb8403038b5,b9638733-3416-47d7-b548-7e0af0dbe65f,0.5238396478806772,0.2,14.0,0.846417795785362,0.2,0.7200468573060492,0.4981514611185579,0.6,3.0,3.0,0
1cfdbfe7-34c2-4ea3-b5de-cbb8403038b5,ce563c1b-e3b8-441d-8833-a4b1974ef8ad,0.5238396478806772,0.2,14.0,0.846417795785362,0.2,0.2484209913313706,0.8711314111441384,0.6,0.0,0.0,1
1cfdbfe7-34c2-4ea3-b5de-cbb8403038b5,61ae4cd0-4feb-4315-9993-55959a8ab125,0.5238396478806772,0.2,14.0,0.846417795785362,0.6,0.5247340762216478,0.34315624408831924,0.0,3.0,1.0,1
1cfdbfe7-34c2-4ea3-b5de-cbb8403038b5,e44b9013-f4a8-49bf-9379-87dcbb2e8e53,0.5238396478806772,0.2,14.0,0.846417795785362,1.0,0.36258242224859283,0.32306846386650134,0.3,4.0,3.0,0
1cfdbfe7-34c2-4ea3-b5de-cbb8403038b5,7c817b5c-6572-44b4-8692-fb0a6e6339be,0.5238396478806772,0.2,14.0,0.846417795785362,1.0,0.5648788196988385,0.6966139096390322,0.6,2.0,3.0,1
1cfdbfe7-34c2-4ea3-b5de-cbb8403038b5,b08c5e45-1706-4711-993f-50cbf58e2335,0.5238396478806772,0.2,14.0,0.846417795785362,0.6,0.7901117853804409,0.22604311984039915,0.0,1.0,5.0,0
1cfdbfe7-34c2-4ea3-b5de-cbb8403038b5,a32c33b9-2ae0-4565-b4cd-8c363bd2dbb1,0.5238396478806772,0.2,14.0,0.846417795785362,0.6,0.4675427346881219,0.5919389716094521,0.3,0.0,6.0,1
1cfdbfe7-34c2-4ea3-b5de-cbb8403038b5,8ed783a1-387d-4717-b5f7-15de4d9164c0,0.5238396478806772,0.2,14.0,0.846417795785362,1.0,0.6957695377284588,0.9476351583956032,0.0,1.0,0.0,1
1cfdbfe7-34c2-4ea3-b5de-cbb8403038b5,290546aa-9a27-44b0-96cf-1cbe5de0ac63,0.5238396478806772,0.2,14.0,0.846417795785362,0.2,0.8840031953521331,0.909469052204089,0.3,2.0,2.0,1
1cfdbfe7-34c2-4ea3-b5de-cbb8403038b5,e4e6b795-9ea2-4e67-a482-101b379e3dd3,0.5238396478806772,0.2,14.0,0.846417795785362,0.6,0.7178715876853263,0.49460864618565403,0.0,2.0,3.0,0
1cfdbfe7-34c2-4ea3-b5de-cbb8403038b5,74148153-f45d-4239-a353-bd87a356743e,0.5238396478806772,0.2,14.0,0.846417795785362,0.6,0.6999994035333063,0.6902791079691951,0.6,3.0,4.0,0
1cfdbfe7-34c2-4ea3-b5de-cbb8403038b5,61f8b793-eb21-415f-be6a-1dace64c1dab,0.5238396478806772,0.2,14.0,0.846417795785362,0.2,0.5789373941878594,0.5534783138488689,0.0,0.0,0.0,1
86efb09c-7aec-4ed1-9c7a-ce48e9a08c33,0279e518-1bb2-4b7d-adb3-74104bab7995,0.799176824727861,0.2,1.0,0.7217159151988177,1.0,0.48298817741352884,0.6867808649438274,0.6,1.0,1.0,0
86efb09c-7aec-4ed1-9c7a-ce48e9a08c33,bcc862ed-ee8c-4519-bd6f-df3684168181,0.799176824727861,0.2,1.0,0.7217159151988177,1.0,0.9327717807626915,0.3397410335113047,0.3,4.0,5.0,0
86efb09c-7aec-4ed1-9c7a-ce48e9a08c33,5e05eec7-1e62-4d54-96f8-a536e832863a,0.799176824727861,0.2,1.0,0.7217159151988177,0.2,0.99982637880827,0.7415351340320897,0.0,2.0,5.0,0
86efb09c-7aec-4ed1-9c7a-ce48e9a08c33,b08e025f-b00e-487d-9769-6e771d335fcd,0.799176824727861,0.2,1.0,0.7217159151988177,0.6,0.35587631985892465,0.5051778789164922,0.3,4.0,1.0,0
86efb09c-7aec-4ed1-9c7a-ce48e9a08c33,ef4564ad-37cb-422e-9258-c0dd09e686d8,0.799176824727861,0.2,1.0,0.7217159151988177,0.6,0.7134305197216956,0.4952020834976343,0.0,2.0,5.0,0
86efb09c-7aec-4ed1-9c7a-ce48e9a08c33,a38cc35a-c8b1-493c-ad3e-67dba34f85e7,0.799176824727861,0.2,1.0,0.7217159151988177,0.6,0.41036269496507194,0.08761541400278205,0.0,0.0,1.0,0
86efb09c-7aec-4ed1-9c7a-ce48e9a08c33,6059807a-e497-4a84-9074-8799b7986611,0.799176824727861,0.2,1.0,0.7217159151988177,0.6,0.4781895633511416,0.7748754537301457,0.0,2.0,0.0,0
86efb09c-7aec-4ed1-9c7a-ce48e9a08c33,2270dcd6-f4ba-4acf-b863-271ea249c419,0.799176824727861,0.2,1.0,0.7217159151988177,0.6,0.888509462672205,0.11768090665028597,0.0,4.0,5.0,1
86efb09c-7aec-4ed1-9c7a-ce48e9a08c33,c0831cb8-2671-4f2e-9498-e74d21da6f33,0.799176824727861,0.2,1.0,0.7217159151988177,0.2,0.678838712580165,0.49622340240440477,1.0,5.0,3.0,1
86efb09c-7aec-4ed1-9c7a-ce48e9a08c33,31a8a011-26d9-417f-9acd-2dc1aa620cb1,0.799176824727861,0.2,1.0,0.7217159151988177,0.6,0.8578772412513512,0.31368145278296056,0.6,1.0,5.0,1
86efb09c-7aec-4ed1-9c7a-ce48e9a08c33,4df06409-5880-4fd2-840e-02e90385cc4e,0.799176824727861,0.2,1.0,0.7217159151988177,1.0,0.19470747542775022,0.6843276576228667,0.0,1.0,4.0,1
86efb09c-7aec-4ed1-9c7a-ce48e9a08c33,8a2b6b58-3f67-4179-b80b-643dade73512,0.799176824727861,0.2,1.0,0.7217159151988177,0.6,0.31611651735255464,0.7525389528715243,1.0,5.0,4.0,1
86efb09c-7aec-4ed1-9c7a-ce48e9a08c33,15b5cdd7-9aed-490f-9cb8-4f9a900eb398,0.799176824727861,0.2,1.0,0.7217159151988177,0.2,0.17789822129463906,0.6431782959777482,0.0,0.0,2.0,1
86efb09c-7aec-4ed1-9c7a-ce48e9a08c33,1448df8a-d98e-4341-b986-a8f8b8a384c2,0.799176824727861,0.2,1.0,0.7217159151988177,1.0,0.1288249955168966,0.3673497152563451,0.6,5.0,3.0,0
86efb09c-7aec-4ed1-9c7a-ce48e9a08c33,d72916bd-ef8f-4502-bba8-725c04f85a5f,0.799176824727861,0.2,1.0,0.7217159151988177,0.2,0.854828063402321,0.2603597878713769,0.0,2.0,2.0,1
86efb09c-7aec-4ed1-9c7a-ce48e9a08c33,7cae5725-f4a7-4615-ab21-00fad572f2f3,0.799176824727861,0.2,1.0,0.7217159151988177,1.0,0.8991240703271256,0.15308566915688449,0.3,0.0,1.0,1
86efb09c-7aec-4ed1-9c7a-ce48e9a08c33,cfaac6f7-b976-4661-8cd2-98f3a4e3a281,0.799176824727861,0.2,1.0,0.7217159151988177,0.2,0.17993656314318568,0.2972789514204549,0.3,4.0,1.0,1
86efb09c-7aec-4ed1-9c7a-ce48e9a08c33,5e05eec7-1e62-4d54-96f8-a536e832863a,0.799176824727861,0.2,1.0,0.7217159151988177,0.2,0.99982637880827,0.7415351340320897,0.0,5.0,2.0,0
86efb09c-7aec-4ed1-9c7a-ce48e9a08c33,a7da2f9e-cfe5-4f9b-a2a9-83b121e1b3a8,0.799176824727861,0.2,1.0,0.7217159151988177,1.0,0.8629090312240775,0.8986309655053686,0.3,0.0,6.0,1
86efb09c-7aec-4ed1-9c7a-ce48e9a08c33,5b598b97-310b-48b1-a31c-086e59102b7b,0.799176824727861,0.2,1.0,0.7217159151988177,0.2,0.7003193052156396,0.8859898883469448,0.0,4.0,3.0,0
86efb09c-7aec-4ed1-9c7a-ce48e9a08c33,425b9a2c-d3c2-418b-8da0-71ea5c07dd63,0.799176824727861,0.2,1.0,0.7217159151988177,0.2,0.5351171693089606,0.9651204126148089,0.0,0.0,5.0,1
86efb09c-7aec-4ed1-9c7a-ce48e9a08c33,86df6ab5-0a91-4c31-ae77-b6a97acaa3b6,0.799176824727861,0.2,1.0,0.7217159151988177,0.2,0.6626325512293207,0.22621734088053103,1.0,5.0,2.0,1
86efb09c-7aec-4ed1-9c7a-ce48e9a08c33,06497e85-86a1-47f4-bbdd-a5f778924253,0.799176824727861,0.2,1.0,0.7217159151988177,0.2,0.19052222599951962,0.20137632619118384,0.3,4.0,3.0,0
86efb09c-7aec-4ed1-9c7a-ce48e9a08c33,1448df8a-d98e-4341-b986-a8f8b8a384c2,0.799176824727861,0.2,1.0,0.7217159151988177,1.0,0.1288249955168966,0.3673497152563451,0.6,2.0,6.0,1
86efb09c-7aec-4ed1-9c7a-ce48e9a08c33,bf1c16a4-e182-4ecc-8023-e458da60daac,0.799176824727861,0.2,1.0,0.7217159151988177,1.0,0.24964749169716674,0.6258043806862246,0.6,0.0,2.0,0
86efb09c-7aec-4ed1-9c7a-ce48e9a08c33,ae260348-9d86-49fc-b010-b38655f0aa4c,0.799176824727861,0.2,1.0,0.7217159151988177,0.6,0.6156726777562007,0.7631540220976764,0.3,5.0,2.0,0
86efb09c-7aec-4ed1-9c7a-ce48e9a08c33,9f019ca3-6a4d-4f1c-8cfd-4fc983011cd8,0.799176824727861,0.2,1.0,0.7217159151988177,0.6,0.8592879525285462,0.4771610349793223,0.6,5.0,1.0,0
86efb09c-7aec-4ed1-9c7a-ce48e9a08c33,86df6ab5-0a91-4c31-ae77-b6a97acaa3b6,0.799176824727861,0.2,1.0,0.7217159151988177,0.2,0.6626325512293207,0.22621734088053103,1.0,0.0,0.0,1
86efb09c-7aec-4ed1-9c7a-ce48e9a08c33,c65f2822-55d3-4e67-b0e3-dcb7ed48c4fc,0.799176824727861,0.2,1.0,0.7217159151988177,0.2,0.5969201348829377,0.6751594254540361,0.3,5.0,4.0,1
86efb09c-7aec-4ed1-9c7a-ce48e9a08c33,8618c927-9c33-4057-8bfe-9828bd93601a,0.799176824727861,0.2,1.0,0.7217159151988177,0.6,0.22804722680585615,0.021203888490483047,0.6,3.0,1.0,1
86efb09c-7aec-4ed1-9c7a-ce48e9a08c33,6670ddb8-85fa-45e6-9af6-91adbac350a8,0.799176824727861,0.2,1.0,0.7217159151988177,1.0,0.5273671033049591,0.12936862090556023,0.0,0.0,6.0,1
86efb09c-7aec-4ed1-9c7a-ce48e9a08c33,3e875754-69cd-4fee-94a5-57d6da42ef91,0.799176824727861,0.2,1.0,0.7217159151988177,0.2,0.2450411346868676,0.8598019829721676,0.3,5.0,1.0,1
86efb09c-7aec-4ed1-9c7a-ce48e9a08c33,e033b700-4879-4d96-af09-314a42b40ec0,0.799176824727861,0.2,1.0,0.7217159151988177,0.6,0.5265277997852419,0.306413896951497,1.0,3.0,1.0,0
86efb09c-7aec-4ed1-9c7a-ce48e9a08c33,0b449292-cc57-4b11-94d1-9d0d6fdf931d,0.799176824727861,0.2,1.0,0.7217159151988177,0.2,0.24562239677446035,0.4286144615110886,0.6,0.0,5.0,1
86efb09c-7aec-4ed1-9c7a-ce48e9a08c33,3a71361b-e3e1-4223-b68a-ad50ca4dbe62,0.799176824727861,0.2,1.0,0.7217159151988177,1.0,0.6047778022342388,0.49194088405803205,0.6,4.0,1.0,1
86efb09c-7aec-4ed1-9c7a-ce48e9a08c33,4b297a66-3334-402c-af3b-f9ee2b621b0b,0.799176824727861,0.2,1.0,0.7217159151988177,0.2,0.16180119098371584,0.2582859429792861,0.0,0.0,3.0,0
86efb09c-7aec-4ed1-9c7a-ce48e9a08c33,18c8f5c0-62d6-4353-8121-04a82ac26ed8,0.799176824727861,0.2,1.0,0.7217159151988177,1.0,0.14611128000847454,0.5869443165834576,0.3,0.0,4.0,0
86efb09c-7aec-4ed1-9c7a-ce48e9a08c33,bb149053-41e0-46bd-ae04-d392610b827f,0.799176824727861,0.2,1.0,0.7217159151988177,1.0,0.9892289095536471,0.5376980874726343,0.3,4.0,3.0,0
86efb09c-7aec-4ed1-9c7a-ce48e9a08c33,06497e85-86a1-47f4-bbdd-a5f778924253,0.799176824727861,0.2,1.0,0.7217159151988177,0.2,0.19052222599951962,0.20137632619118384,0.3,5.0,5.0,1
86efb09c-7aec-4ed1-9c7a-ce48e9a08c33,f2d9a85b-88a4-4950-96c1-3a460d8c8fab,0.799176824727861,0.2,1.0,0.7217159151988177,1.0,0.3746902350991088,0.34879260140220214,0.3,2.0,1.0,1
60c70517-b7f0-4132-82bd-9f976deab180,87a7aeb8-bf34-460e-bb3c-fbe35cf1ef81,0.5784115566702135,0.2,2.0,0.9410935864065022,1.0,0.7885085605778664,0.825897641598029,0.6,2.0,5.0,1
60c70517-b7f0-4132-82bd-9f976deab180,8ab6ed8b-51d4-454f-85f3-3f6b976bb994,0.5784115566702135,0.2,2.0,0.9410935864065022,1.0,0.28732703598303644,0.30524872168293893,0.3,5.0,0.0,0
60c70517-b7f0-4132-82bd-9f976deab180,b8a59f9c-9152-4e9d-9227-81b450029be0,0.5784115566702135,0.2,2.0,0.9410935864065022,0.2,0.9082416607735994,0.8438860705844703,1.0,0.0,3.0,1
60c70517-b7f0-4132-82bd-9f976deab180,21197103-286c-4e08-8f2e-e1f0c1aa4b65,0.5784115566702135,0.2,2.0,0.9410935864065022,0.2,0.974231980237957,0.8883695246489081,0.6,2.0,2.0,1
60c70517-b7f0-4132-82bd-9f976deab180,b9085332-b2b1-4b72-8021-b3b81398ce92,0.5784115566702135,0.2,2.0,0.9410935864065022,0.6,0.33544730729888195,0.5880404702366536,0.6,2.0,6.0,1
60c70517-b7f0-4132-82bd-9f976deab180,bc2b645f-2327-4ce9-a2d2-c4dfb4c037a4,0.5784115566702135,0.2,2.0,0.9410935864065022,0.6,0.565732669170513,0.9898859782322003,1.0,3.0,0.0,0
60c70517-b7f0-4132-82bd-9f976deab180,50485b49-6f87-4fbb-a6d8-cc894f5ad343,0.5784115566702135,0.2,2.0,0.9410935864065022,0.2,0.489665412099198,0.42118413108785735,0.3,5.0,3.0,1
60c70517-b7f0-4132-82bd-9f976deab180,0b680785-5c4e-4ff3-90da-a95bdb6ddea3,0.5784115566702135,0.2,2.0,0.9410935864065022,1.0,0.9476882864447816,0.37902629176285674,0.0,1.0,1.0,0
60c70517-b7f0-4132-82bd-9f976deab180,06deada8-30c5-413b-9c3c-714dac3f16dc,0.5784115566702135,0.2,2.0,0.9410935864065022,1.0,0.35763710304451657,0.8208832504363414,1.0,5.0,4.0,1
60c70517-b7f0-4132-82bd-9f976deab180,e44b9013-f4a8-49bf-9379-87dcbb2e8e53,0.5784115566702135,0.2,2.0,0.9410935864065022,1.0,0.36258242224859283,0.32306846386650134,0.3,2.0,3.0,0
60c70517-b7f0-4132-82bd-9f976deab180,92da4efc-92e2-4b63-a697-25a464242c2d,0.5784115566702135,0.2,2.0,0.9410935864065022,1.0,0.6595170148426077,0.9265692444764961,1.0,1.0,4.0,0
60c70517-b7f0-4132-82bd-9f976deab180,5c1d0582-adee-41cb-bbe3-230e78acd299,0.5784115566702135,0.2,2.0,0.9410935864065022,0.6,0.13442713841525677,0.8039132575143135,1.0,4.0,0.0,1
60c70517-b7f0-4132-82bd-9f976deab180,18c8f5c0-62d6-4353-8121-04a82ac26ed8,0.5784115566702135,0.2,2.0,0.9410935864065022,1.0,0.14611128000847454,0.5869443165834576,0.3,1.0,6.0,0
60c70517-b7f0-4132-82bd-9f976deab180,c4200dd0-0628-49ac-a3d4-9cafb23a3f7c,0.5784115566702135,0.2,2.0,0.9410935864065022,0.6,0.23204019132352335,0.14567973078804342,0.3,2.0,1.0,0
60c70517-b7f0-4132-82bd-9f976deab180,c0831cb8-2671-4f2e-9498-e74d21da6f33,0.5784115566702135,0.2,2.0,0.9410935864065022,0.2,0.678838712580165,0.49622340240440477,1.0,2.0,2.0,0
60c70517-b7f0-4132-82bd-9f976deab180,b9638733-3416-47d7-b548-7e0af0dbe65f,0.5784115566702135,0.2,2.0,0.9410935864065022,0.2,0.7200468573060492,0.4981514611185579,0.6,5.0,4.0,1
60c70517-b7f0-4132-82bd-9f976deab180,b9085332-b2b1-4b72-8021-b3b81398ce92,0.5784115566702135,0.2,2.0,0.9410935864065022,0.6,0.33544730729888195,0.5880404702366536,0.6,3.0,4.0,0
60c70517-b7f0-4132-82bd-9f976deab180,b30a4759-4017-4c73-a262-ebb3da889ea2,0.5784115566702135,0.2,2.0,0.9410935864065022,0.2,0.2824565624064378,0.9351062106319883,1.0,1.0,1.0,0
60c70517-b7f0-4132-82bd-9f976deab180,74e91ec2-7e97-4477-a254-e11129eee045,0.5784115566702135,0.2,2.0,0.9410935864065022,1.0,0.4127752338799551,0.9613455666412534,0.3,3.0,0.0,0
60c70517-b7f0-4132-82bd-9f976deab180,5a34f357-525c-4e8c-9761-fca6c5ef4a54,0.5784115566702135,0.2,2.0,0.9410935864065022,1.0,0.32612342892093527,0.37000647225331373,0.3,1.0,6.0,0
60c70517-b7f0-4132-82bd-9f976deab180,cf67b867-661f-4761-aa9e-bd64b50cabad,0.5784115566702135,0.2,2.0,0.9410935864065022,0.6,0.9775452477834666,0.8291857681957223,0.6,3.0,3.0,1
60c70517-b7f0-4132-82bd-9f976deab180,9102dfee-3ffe-4500-abcd-856f5c7ba81a,0.5784115566702135,0.2,2.0,0.9410935864065022,0.2,0.14792713695477017,0.6300659561232757,1.0,4.0,0.0,1
60c70517-b7f0-4132-82bd-9f976deab180,06deada8-30c5-413b-9c3c-714dac3f16dc,0.5784115566702135,0.2,2.0,0.9410935864065022,1.0,0.35763710304451657,0.8208832504363414,1.0,2.0,2.0,0
60c70517-b7f0-4132-82bd-9f976deab180,0b680785-5c4e-4ff3-90da-a95bdb6ddea3,0.5784115566702135,0.2,2.0,0.9410935864065022,1.0,0.9476882864447816,0.37902629176285674,0.0,1.0,0.0,1
60c70517-b7f0-4132-82bd-9f976deab180,1e0eed17-c905-405d-992d-8f226b5d3e6b,0.5784115566702135,0.2,2.0,0.9410935864065022,0.6,0.4397816989523534,0.9351795022685058,0.0,2.0,4.0,1
60c70517-b7f0-4132-82bd-9f976deab180,be9d36c1-5645-43bf-b29e-f59fe75b58fc,0.5784115566702135,0.2,2.0,0.9410935864065022,0.2,0.9631836571803765,0.9302866275169228,1.0,2.0,3.0,1
60c70517-b7f0-4132-82bd-9f976deab180,160450d5-9356-496d-a71d-78413a2828c7,0.5784115566702135,0.2,2.0,0.9410935864065022,0.2,0.6437789001540966,0.8506322574276396,1.0,3.0,6.0,1
60c70517-b7f0-4132-82bd-9f976deab180,bbaf1fa3-f0d2-4cf1-a007-2ff9a73a4732,0.5784115566702135,0.2,2.0,0.9410935864065022,0.6,0.943547710035929,0.4668619140050845,1.0,5.0,2.0,0
60c70517-b7f0-4132-82bd-9f976deab180,5bccbbea-6061-4c3b-babf-9f5de9889c73,0.5784115566702135,0.2,2.0,0.9410935864065022,0.2,0.4789495794434827,0.42500061980149273,0.3,0.0,2.0,1
60c70517-b7f0-4132-82bd-9f976deab180,b67ddff0-7385-4797-a300-4a5924cf13c8,0.5784115566702135,0.2,2.0,0.9410935864065022,1.0,0.3295857149138473,0.12338020427621188,1.0,3.0,4.0,0
60c70517-b7f0-4132-82bd-9f976deab180,b08e025f-b00e-487d-9769-6e771d335fcd,0.5784115566702135,0.2,2.0,0.9410935864065022,0.6,0.35587631985892465,0.5051778789164922,0.3,0.0,3.0,1
60c70517-b7f0-4132-82bd-9f976deab180,9fbecf58-4b47-499b-af70-5be883e292d6,0.5784115566702135,0.2,2.0,0.9410935864065022,1.0,0.6813001709251447,0.40858971174533243,0.0,0.0,4.0,0
60c70517-b7f0-4132-82bd-9f976deab180,b1ecfa5c-68a1-4a8a-846a-dfb97027e1f6,0.5784115566702135,0.2,2.0,0.9410935864065022,0.6,0.47396075244655456,0.7794108057492125,1.0,4.0,5.0,0
60c70517-b7f0-4132-82bd-9f976deab180,a38cc35a-c8b1-493c-ad3e-67dba34f85e7,0.5784115566702135,0.2,2.0,0.9410935864065022,0.6,0.41036269496507194,0.08761541400278205,0.0,2.0,1.0,0
60c70517-b7f0-4132-82bd-9f976deab180,6059807a-e497-4a84-9074-8799b7986611,0.5784115566702135,0.2,2.0,0.9410935864065022,0.6,0.4781895633511416,0.7748754537301457,0.0,0.0,2.0,1
60c70517-b7f0-4132-82bd-9f976deab180,f9e2c26a-8651-45e9-95ac-020bf84e5d87,0.5784115566702135,0.2,2.0,0.9410935864065022,1.0,0.5925107460897749,0.3638178643767461,0.6,4.0,2.0,1
60c70517-b7f0-4132-82bd-9f976deab180,85736eaa-5d46-446f-bc37-90664659af7c,0.5784115566702135,0.2,2.0,0.9410935864065022,0.2,0.5071632128531129,0.5363921784426651,0.3,2.0,0.0,0
60c70517-b7f0-4132-82bd-9f976deab180,92da4efc-92e2-4b63-a697-25a464242c2d,0.5784115566702135,0.2,2.0,0.9410935864065022,1.0,0.6595170148426077,0.9265692444764961,1.0,3.0,2.0,0
60c70517-b7f0-4132-82bd-9f976deab180,31a8a011-26d9-417f-9acd-2dc1aa620cb1,0.5784115566702135,0.2,2.0,0.9410935864065022,0.6,0.8578772412513512,0.31368145278296056,0.6,4.0,4.0,0
60c70517-b7f0-4132-82bd-9f976deab180,e4e6b795-9ea2-4e67-a482-101b379e3dd3,0.5784115566702135,0.2,2.0,0.9410935864065022,0.6,0.7178715876853263,0.49460864618565403,0.0,3.0,0.0,1
f3bb5855-ca56-4bf6-9500-e64a0d4906cb,6194ece5-783c-4da7-bdc5-d5536c904afd,0.7940870140900138,0.2,13.0,0.5885129003605748,0.6,0.6048572623235224,0.928472011746639,0.3,2.0,2.0,1
f3bb5855-ca56-4bf6-9500-e64a0d4906cb,1e7d8873-b56a-4886-a1ad-5de73c350f8e,0.7940870140900138,0.2,13.0,0.5885129003605748,0.6,0.39376459292746124,0.062329554128436215,0.6,2.0,3.0,1
f3bb5855-ca56-4bf6-9500-e64a0d4906cb,06497e85-86a1-47f4-bbdd-a5f778924253,0.7940870140900138,0.2,13.0,0.5885129003605748,0.2,0.19052222599951962,0.20137632619118384,0.3,3.0,6.0,0
f3bb5855-ca56-4bf6-9500-e64a0d4906cb,e02821d5-6c11-48d3-9e5a-ab797cf10dfd,0.7940870140900138,0.2,13.0,0.5885129003605748,0.2,0.30278131508958317,0.8518530351666224,0.6,4.0,0.0,1
f3bb5855-ca56-4bf6-9500-e64a0d4906cb,1b648ad6-0817-4f80-a7aa-9a94a583454e,0.7940870140900138,0.2,13.0,0.5885129003605748,1.0,0.9167464792916038,0.10114468166917334,0.0,1.0,0.0,0
f3bb5855-ca56-4bf6-9500-e64a0d4906cb,5e05eec7-1e62-4d54-96f8-a536e832863a,0.7940870140900138,0.2,13.0,0.5885129003605748,0.2,0.99982637880827,0.7415351340320897,0.0,1.0,1.0,0
f3bb5855-ca56-4bf6-9500-e64a0d4906cb,1f8de1f5-f4a5-410b-85f9-a2177b221fd0,0.7940870140900138,0.2,13.0,0.5885129003605748,0.2,0.9355406398663405,0.9993664824422813,1.0,4.0,0.0,0
f3bb5855-ca56-4bf6-9500-e64a0d4906cb,4923fb26-e583-4c24-ac52-8838a0ed3a98,0.7940870140900138,0.2,13.0,0.5885129003605748,1.0,0.553388277838538,0.7019544741283528,1.0,0.0,0.0,0
f3bb5855-ca56-4bf6-9500-e64a0d4906cb,6e8ca283-10c7-434c-826a-837f38ec5444,0.7940870140900138,0.2,13.0,0.5885129003605748,0.2,0.6513768543337128,0.6342982912007427,1.0,2.0,5.0,0
f3bb5855-ca56-4bf6-9500-e64a0d4906cb,8155e67e-e6b6-4564-9fbc-a422dfbb4728,0.7940870140900138,0.2,13.0,0.5885129003605748,0.2,0.3282195111753295,0.7588859461800079,0.0,5.0,1.0,1
f3bb5855-ca56-4bf6-9500-e64a0d4906cb,fccbd80d-e8cc-4cf0-adb9-85c0aa640f7f,0.7940870140900138,0.2,13.0,0.5885129003605748,1.0,0.7950919292205237,0.850748587791265,0.0,1.0,2.0,0
f3bb5855-ca56-4bf6-9500-e64a0d4906cb,299e9ca4-b5a4-4951-88ff-3985383763f0,0.7940870140900138,0.2,13.0,0.5885129003605748,0.2,0.7548560181125934,0.465904244394832,0.6,5.0,3.0,1
f3bb5855-ca56-4bf6-9500-e64a0d4906cb,01fe4a49-c1a0-4cc3-8dc8-8402e6b11064,0.7940870140900138,0.2,13.0,0.5885129003605748,1.0,0.6879754206461195,0.49287097672138225,0.3,4.0,3.0,0
f3bb5855-ca56-4bf6-9500-e64a0d4906cb,667e3056-15dd-4db1-8e1b-b615cf4a3827,0.7940870140900138,0.2,13.0,0.5885129003605748,0.6,0.15606825708589728,0.7606037779959967,0.0,5.0,3.0,1
f3bb5855-ca56-4bf6-9500-e64a0d4906cb,786a081e-bed1-4dd5-af8f-b24a2969db27,0.7940870140900138,0.2,13.0,0.5885129003605748,1.0,0.2204606202831086,0.8790686327551894,0.6,5.0,0.0,0
f3bb5855-ca56-4bf6-9500-e64a0d4906cb,effc8e6d-3fa0-4ad0-84e0-49ceb18ecfdf,0.7940870140900138,0.2,13.0,0.5885129003605748,1.0,0.1753861576369154,0.018304751217713022,0.6,5.0,5.0,1
f3bb5855-ca56-4bf6-9500-e64a0d4906cb,f4511c0e-1907-4564-85be-6208646f9403,0.7940870140900138,0.2,13.0,0.5885129003605748,0.6,0.9737144331912416,0.8489993802384885,0.3,0.0,3.0,1
f3bb5855-ca56-4bf6-9500-e64a0d4906cb,bbaf1fa3-f0d2-4cf1-a007-2ff9a73a4732,0.7940870140900138,0.2,13.0,0.5885129003605748,0.6,0.943547710035929,0.4668619140050845,1.0,3.0,6.0,1
f3bb5855-ca56-4bf6-9500-e64a0d4906cb,09a8b01c-9886-431b-860f-484d959f9fd8,0.7940870140900138,0.2,13.0,0.5885129003605748,0.2,0.7949409365509817,0.650881327422057,0.0,1.0,6.0,1
f3bb5855-ca56-4bf6-9500-e64a0d4906cb,0764c1e1-84c4-4344-814b-56f447356699,0.7940870140900138,0.2,13.0,0.5885129003605748,0.2,0.36478434898577183,0.31372887152086304,0.3,2.0,5.0,1
f3bb5855-ca56-4bf6-9500-e64a0d4906cb,0b449292-cc57-4b11-94d1-9d0d6fdf931d,0.7940870140900138,0.2,13.0,0.5885129003605748,0.2,0.24562239677446035,0.4286144615110886,0.6,0.0,1.0,1
f3bb5855-ca56-4bf6-9500-e64a0d4906cb,74148153-f45d-4239-a353-bd87a356743e,0.7940870140900138,0.2,13.0,0.5885129003605748,0.6,0.6999994035333063,0.6902791079691951,0.6,4.0,4.0,1
f3bb5855-ca56-4bf6-9500-e64a0d4906cb,e4e6b795-9ea2-4e67-a482-101b379e3dd3,0.7940870140900138,0.2,13.0,0.5885129003605748,0.6,0.7178715876853263,0.49460864618565403,0.0,2.0,3.0,1
f3bb5855-ca56-4bf6-9500-e64a0d4906cb,2f2c32fa-6e32-4764-b476-b6f9b3cc5cd7,0.7940870140900138,0.2,13.0,0.5885129003605748,0.2,0.13396258547827183,0.29306867008666404,0.0,5.0,0.0,0
f3bb5855-ca56-4bf6-9500-e64a0d4906cb,19e80ef1-4224-4720-a093-1f15d029cdae,0.7940870140900138,0.2,13.0,0.5885129003605748,1.0,0.8175424886601043,0.7192671703216541,0.6,1.0,0.0,1
f3bb5855-ca56-4bf6-9500-e64a0d4906cb,965ef1a3-f422-4510-af75-d3f89e3642dd,0.7940870140900138,0.2,13.0,0.5885129003605748,1.0,0.4273005359792914,0.6938722867459519,0.6,3.0,5.0,1
f3bb5855-ca56-4bf6-9500-e64a0d4906cb,2767a00e-73cb-4ec0-8f10-1f2685529dd8,0.7940870140900138,0.2,13.0,0.5885129003605748,0.2,0.14774330715500755,0.17529814661096454,0.3,4.0,0.0,1
f3bb5855-ca56-4bf6-9500-e64a0d4906cb,61ae4cd0-4feb-4315-9993-55959a8ab125,0.7940870140900138,0.2,13.0,0.5885129003605748,0.6,0.5247340762216478,0.34315624408831924,0.0,4.0,3.0,1
f3bb5855-ca56-4bf6-9500-e64a0d4906cb,4ba8e189-dadf-4dd5-b53d-7c4e20e6a1b9,0.7940870140900138,0.2,13.0,0.5885129003605748,1.0,0.4261308026245366,0.5885791737632688,0.3,2.0,0.0,0
f3bb5855-ca56-4bf6-9500-e64a0d4906cb,290546aa-9a27-44b0-96cf-1cbe5de0ac63,0.7940870140900138,0.2,13.0,0.5885129003605748,0.2,0.8840031953521331,0.909469052204089,0.3,1.0,2.0,1
f3bb5855-ca56-4bf6-9500-e64a0d4906cb,775861d5-545e-4ddf-b332-3aabb9bd0e76,0.7940870140900138,0.2,13.0,0.5885129003605748,1.0,0.8513642364331833,0.05300666587800451,0.6,4.0,4.0,0
f3bb5855-ca56-4bf6-9500-e64a0d4906cb,7bf57e1f-8d6e-4525-9822-40fe99cb92db,0.7940870140900138,0.2,13.0,0.5885129003605748,0.6,0.646849787279288,0.8371345930324872,0.6,5.0,1.0,1
f3bb5855-ca56-4bf6-9500-e64a0d4906cb,c777c23f-b2f3-4f1d-bbea-1e7286fac786,0.7940870140900138,0.2,13.0,0.5885129003605748,0.2,0.9597491309827612,0.04607692524933382,0.0,0.0,4.0,1
f3bb5855-ca56-4bf6-9500-e64a0d4906cb,85a991a1-00c2-4f3b-a2f1-2edd3ed3c13b,0.7940870140900138,0.2,13.0,0.5885129003605748,0.6,0.885115810475927,0.053316349790826556,0.3,2.0,1.0,0
f3bb5855-ca56-4bf6-9500-e64a0d4906cb,04b630df-e955-44a2-ba81-7807bb8bbf0e,0.7940870140900138,0.2,13.0,0.5885129003605748,0.6,0.26969467315661044,0.7945253868283686,1.0,3.0,3.0,0
f3bb5855-ca56-4bf6-9500-e64a0d4906cb,ae260348-9d86-49fc-b010-b38655f0aa4c,0.7940870140900138,0.2,13.0,0.5885129003605748,0.6,0.6156726777562007,0.7631540220976764,0.3,3.0,1.0,1
f3bb5855-ca56-4bf6-9500-e64a0d4906cb,5c628898-abde-4c5b-8dc9-253bfab0c323,0.7940870140900138,0.2,13.0,0.5885129003605748,0.6,0.29562602483866546,0.8882279982692427,0.3,5.0,4.0,1
f3bb5855-ca56-4bf6-9500-e64a0d4906cb,61f8b793-eb21-415f-be6a-1dace64c1dab,0.7940870140900138,0.2,13.0,0.5885129003605748,0.2,0.5789373941878594,0.5534783138488689,0.0,4.0,5.0,0
f3bb5855-ca56-4bf6-9500-e64a0d4906cb,27de15b7-4423-4163-9a52-27eba3556133,0.7940870140900138,0.2,13.0,0.5885129003605748,0.2,0.8025233861040034,0.45458734247358457,0.6,1.0,2.0,1
f3bb5855-ca56-4bf6-9500-e64a0d4906cb,e78aa463-4c6f-47dc-a5bb-968ac81532c7,0.7940870140900138,0.2,13.0,0.5885129003605748,0.6,0.961259998425001,0.14413543131777729,0.6,3.0,1.0,0
9213cdea-afe2-489b-8b8d-fe930707597b,4eda28e3-9d9e-4f06-badb-0cb04245ce38,0.3496231094394272,0.6,1.0,0.3317096971212215,0.6,0.2524816678776829,0.7419096525240588,0.6,2.0,0.0,1
9213cdea-afe2-489b-8b8d-fe930707597b,f4511c0e-1907-4564-85be-6208646f9403,0.3496231094394272,0.6,1.0,0.3317096971212215,0.6,0.9737144331912416,0.8489993802384885,0.3,1.0,5.0,1
9213cdea-afe2-489b-8b8d-fe930707597b,78815b00-b8cf-4b53-9b5c-0a0cc08481cf,0.3496231094394272,0.6,1.0,0.3317096971212215,0.6,0.9610158815047943,0.2578843936513069,0.0,3.0,4.0,0
9213cdea-afe2-489b-8b8d-fe930707597b,773cb37f-03e9-462d-9f7c-bb397a470391,0.3496231094394272,0.6,1.0,0.3317096971212215,1.0,0.138085119243381,0.17870489763614517,0.6,0.0,0.0,0
9213cdea-afe2-489b-8b8d-fe930707597b,18d9fc90-579e-4041-988f-c2fa9da7d9f1,0.3496231094394272,0.6,1.0,0.3317096971212215,0.2,0.611318917479668,0.23509193379958115,0.3,1.0,4.0,0
9213cdea-afe2-489b-8b8d-fe930707597b,9913533d-faae-4d19-b26f-7d58e0c13607,0.3496231094394272,0.6,1.0,0.3317096971212215,0.6,0.8682957247821264,0.11927861507246895,0.3,0.0,2.0,1
9213cdea-afe2-489b-8b8d-fe930707597b,694b0a7e-d4bd-489d-991e-0fc7e0b7eae9,0.3496231094394272,0.6,1.0,0.3317096971212215,0.6,0.3343722183141432,0.2359196929431705,1.0,5.0,2.0,1
9213cdea-afe2-489b-8b8d-fe930707597b,3feb240a-54de-4548-9d6d-6b68da72c588,0.3496231094394272,0.6,1.0,0.3317096971212215,0.6,0.3534939575862086,0.46875086538360267,0.6,2.0,2.0,0
9213cdea-afe2-489b-8b8d-fe930707597b,6194ece5-783c-4da7-bdc5-d5536c904afd,0.3496231094394272,0.6,1.0,0.3317096971212215,0.6,0.6048572623235224,0.928472011746639,0.3,5.0,2.0,0
9213cdea-afe2-489b-8b8d-fe930707597b,1fca9427-3cae-42d5-bed5-488302ac2459,0.3496231094394272,0.6,1.0,0.3317096971212215,0.6,0.396450442114459,0.6699625843471093,0.0,0.0,2.0,0
9213cdea-afe2-489b-8b8d-fe930707597b,85736eaa-5d46-446f-bc37-90664659af7c,0.3496231094394272,0.6,1.0,0.3317096971212215,0.2,0.5071632128531129,0.5363921784426651,0.3,1.0,3.0,0
9213cdea-afe2-489b-8b8d-fe930707597b,21197103-286c-4e08-8f2e-e1f0c1aa4b65,0.3496231094394272,0.6,1.0,0.3317096971212215,0.2,0.974231980237957,0.8883695246489081,0.6,2.0,3.0,0
9213cdea-afe2-489b-8b8d-fe930707597b,4fdb3305-ba7f-45fd-908f-aee1f36874a7,0.3496231094394272,0.6,1.0,0.3317096971212215,0.2,0.9186809012161644,0.8525202868433427,1.0,2.0,1.0,1
9213cdea-afe2-489b-8b8d-fe930707597b,87a7aeb8-bf34-460e-bb3c-fbe35cf1ef81,0.3496231094394272,0.6,1.0,0.3317096971212215,1.0,0.7885085605778664,0.825897641598029,0.6,5.0,0.0,0
9213cdea-afe2-489b-8b8d-fe930707597b,425b9a2c-d3c2-418b-8da0-71ea5c07dd63,0.3496231094394272,0.6,1.0,0.3317096971212215,0.2,0.5351171693089606,0.9651204126148089,0.0,3.0,4.0,0
9213cdea-afe2-489b-8b8d-fe930707597b,b9638733-3416-47d7-b548-7e0af0dbe65f,0.3496231094394272,0.6,1.0,0.3317096971212215,0.2,0.7200468573060492,0.4981514611185579,0.6,2.0,3.0,0
9213cdea-afe2-489b-8b8d-fe930707597b,775861d5-545e-4ddf-b332-3aabb9bd0e76,0.3496231094394272,0.6,1.0,0.3317096971212215,1.0,0.8513642364331833,0.05300666587800451,0.6,2.0,1.0,0
9213cdea-afe2-489b-8b8d-fe930707597b,e44b9013-f4a8-49bf-9379-87dcbb2e8e53,0.3496231094394272,0.6,1.0,0.3317096971212215,1.0,0.36258242224859283,0.32306846386650134,0.3,4.0,0.0,0
9213cdea-afe2-489b-8b8d-fe930707597b,dbb00897-88a6-4e66-bf2b-d540c730bdb9,0.3496231094394272,0.6,1.0,0.3317096971212215,0.6,0.9518329178984374,0.4047620165937216,0.0,2.0,0.0,0
9213cdea-afe2-489b-8b8d-fe930707597b,5ac7df38-e13e-4ddf-ac1d-8bd8825c2903,0.3496231094394272,0.6,1.0,0.3317096971212215,0.2,0.5606417702241059,0.9155246766150124,0.0,3.0,5.0,0
9213cdea-afe2-489b-8b8d-fe930707597b,b675fdc1-c9db-4f65-ad76-cb5d41d88b8a,0.3496231094394272,0.6,1.0,0.3317096971212215,0.2,0.6871950997280843,0.6183737144963264,0.0,5.0,1.0,1
9213cdea-afe2-489b-8b8d-fe930707597b,de80c064-1511-4251-84a5-ba1187978d32,0.3496231094394272,0.6,1.0,0.3317096971212215,1.0,0.37359855622088356,0.32543416209529763,0.0,0.0,3.0,0
9213cdea-afe2-489b-8b8d-fe930707597b,1448df8a-d98e-4341-b986-a8f8b8a384c2,0.3496231094394272,0.6,1.0,0.3317096971212215,1.0,0.1288249955168966,0.3673497152563451,0.6,0.0,3.0,0
9213cdea-afe2-489b-8b8d-fe930707597b,bf54fdb0-6d82-479e-a9d5-78fc64767a17,0.3496231094394272,0.6,1.0,0.3317096971212215,0.2,0.17614837616217327,0.6505421545039386,1.0,0.0,2.0,0
9213cdea-afe2-489b-8b8d-fe930707597b,3fb0a35d-d0bf-4534-9f63-995064c4e8af,0.3496231094394272,0.6,1.0,0.3317096971212215,0.2,0.4877773325800844,0.17627426660923395,0.3,5.0,6.0,0
9213cdea-afe2-489b-8b8d-fe930707597b,8155e67e-e6b6-4564-9fbc-a422dfbb4728,0.3496231094394272,0.6,1.0,0.3317096971212215,0.2,0.3282195111753295,0.7588859461800079,0.0,1.0,5.0,0
9213cdea-afe2-489b-8b8d-fe930707597b,6a40cbad-655b-4606-9b92-d053c779e9a1,0.3496231094394272,0.6,1.0,0.3317096971212215,0.2,0.7251468800412657,0.941344002350994,0.0,2.0,1.0,0
9213cdea-afe2-489b-8b8d-fe930707597b,122cf437-7436-42ed-ba9f-fd1238cad94f,0.3496231094394272,0.6,1.0,0.3317096971212215,0.6,0.7296624097080157,0.24684751428984442,0.6,5.0,5.0,0
9213cdea-afe2-489b-8b8d-fe930707597b,a7da2f9e-cfe5-4f9b-a2a9-83b121e1b3a8,0.3496231094394272,0.6,1.0,0.3317096971212215,1.0,0.8629090312240775,0.8986309655053686,0.3,2.0,2.0,1
9213cdea-afe2-489b-8b8d-fe930707597b,5e05eec7-1e62-4d54-96f8-a536e832863a,0.3496231094394272,0.6,1.0,0.3317096971212215,0.2,0.99982637880827,0.7415351340320897,0.0,5.0,2.0,1
9213cdea-afe2-489b-8b8d-fe930707597b,6bc2f168-7233-41b6-b378-1e91e4060318,0.3496231094394272,0.6,1.0,0.3317096971212215,0.6,0.8903489988595626,0.4493952204847722,0.6,2.0,1.0,1
9213cdea-afe2-489b-8b8d-fe930707597b,b7334163-6b0b-4be1-b584-94370f17d451,0.3496231094394272,0.6,1.0,0.3317096971212215,1.0,0.6214743123780008,0.24793030815786732,0.6,0.0,2.0,0
9213cdea-afe2-489b-8b8d-fe930707597b,4df06409-5880-4fd2-840e-02e90385cc4e,0.3496231094394272,0.6,1.0,0.3317096971212215,1.0,0.19470747542775022,0.6843276576228667,0.0,1.0,3.0,0
9213cdea-afe2-489b-8b8d-fe930707597b,4df46fb7-f407-42f6-a653-9d8438903f61,0.3496231094394272,0.6,1.0,0.3317096971212215,1.0,0.9723558352169928,0.2356344975085155,1.0,1.0,4.0,0
9213cdea-afe2-489b-8b8d-fe930707597b,68ffa0bd-b298-4476-a51a-141035550fd6,0.3496231094394272,0.6,1.0,0.3317096971212215,1.0,0.7873450415195071,0.20198131932556307,0.3,3.0,2.0,0
9213cdea-afe2-489b-8b8d-fe930707597b,d72916bd-ef8f-4502-bba8-725c04f85a5f,0.3496231094394272,0.6,1.0,0.3317096971212215,0.2,0.854828063402321,0.2603597878713769,0.0,3.0,0.0,1
9213cdea-afe2-489b-8b8d-fe930707597b,10fa412c-7efe-46f7-89b0-c6aa11d87532,0.3496231094394272,0.6,1.0,0.3317096971212215,1.0,0.911960789245008,0.6298188715387788,0.3,0.0,6.0,0
9213cdea-afe2-489b-8b8d-fe930707597b,effc8e6d-3fa0-4ad0-84e0-49ceb18ecfdf,0.3496231094394272,0.6,1.0,0.3317096971212215,1.0,0.1753861576369154,0.018304751217713022,0.6,4.0,4.0,0
9213cdea-afe2-489b-8b8d-fe930707597b,2a4e6f6f-8a97-4b0f-8706-b5b5c9a3506e,0.3496231094394272,0.6,1.0,0.3317096971212215,1.0,0.508305717299449,0.5779541132057853,1.0,2.0,0.0,0
9213cdea-afe2-489b-8b8d-fe930707597b,153d2d46-4437-4840-90a1-e5308394b291,0.3496231094394272,0.6,1.0,0.3317096971212215,0.6,0.8859430875649702,0.004809331333315514,0.6,5.0,0.0,0
51bbc092-0028-4683-afc9-65d0a5286e2d,c65f2822-55d3-4e67-b0e3-dcb7ed48c4fc,0.2015087648459985,0.6,8.0,0.9412144588474667,0.2,0.5969201348829377,0.6751594254540361,0.3,3.0,6.0,1
51bbc092-0028-4683-afc9-65d0a5286e2d,fe560b2d-9461-419f-952d-3526d1d58cc6,0.2015087648459985,0.6,8.0,0.9412144588474667,1.0,0.582611192457266,0.5549319795003286,0.0,2.0,4.0,0
51bbc092-0028-4683-afc9-65d0a5286e2d,cd43d020-95b3-4fce-8795-f8fd1c5756af,0.2015087648459985,0.6,8.0,0.9412144588474667,0.6,0.5573941486973442,0.11632937988922598,0.3,5.0,2.0,1
51bbc092-0028-4683-afc9-65d0a5286e2d,5939c634-d641-4ed7-8910-517780e88b75,0.2015087648459985,0.6,8.0,0.9412144588474667,0.6,0.7523652503478826,0.6850593430585846,0.3,5.0,4.0,1
51bbc092-0028-4683-afc9-65d0a5286e2d,fe09dd6a-bc95-42e6-bb3c-61d404a20200,0.2015087648459985,0.6,8.0,0.9412144588474667,0.2,0.852490071939042,0.9956463958670673,0.3,4.0,1.0,0
51bbc092-0028-4683-afc9-65d0a5286e2d,8bf86bf8-6510-4e3c-a240-21e3b94e264e,0.2015087648459985,0.6,8.0,0.9412144588474667,0.6,0.9444299160166787,0.9759914132168259,0.0,1.0,5.0,1
51bbc092-0028-4683-afc9-65d0a5286e2d,5a34f357-525c-4e8c-9761-fca6c5ef4a54,0.2015087648459985,0.6,8.0,0.9412144588474667,1.0,0.32612342892093527,0.37000647225331373,0.3,5.0,0.0,0
51bbc092-0028-4683-afc9-65d0a5286e2d,6bc2f168-7233-41b6-b378-1e91e4060318,0.2015087648459985,0.6,8.0,0.9412144588474667,0.6,0.8903489988595626,0.4493952204847722,0.6,0.0,0.0,0
51bbc092-0028-4683-afc9-65d0a5286e2d,fccbd80d-e8cc-4cf0-adb9-85c0aa640f7f,0.2015087648459985,0.6,8.0,0.9412144588474667,1.0,0.7950919292205237,0.850748587791265,0.0,4.0,0.0,1
51bbc092-0028-4683-afc9-65d0a5286e2d,99eca1c6-c6f2-4d74-a551-b71f85fad723,0.2015087648459985,0.6,8.0,0.9412144588474667,1.0,0.37557872113137425,0.6908530230033296,0.0,4.0,3.0,0
51bbc092-0028-4683-afc9-65d0a5286e2d,be7b953b-bf68-42e7-957e-b6f8f29af69d,0.2015087648459985,0.6,8.0,0.9412144588474667,1.0,0.6945243897343877,0.4669732371344246,1.0,3.0,3.0,0
51bbc092-0028-4683-afc9-65d0a5286e2d,4df06409-5880-4fd2-840e-02e90385cc4e,0.2015087648459985,0.6,8.0,0.9412144588474667,1.0,0.19470747542775022,0.6843276576228667,0.0,2.0,6.0,0
51bbc092-0028-4683-afc9-65d0a5286e2d,1448df8a-d98e-4341-b986-a8f8b8a384c2,0.2015087648459985,0.6,8.0,0.9412144588474667,1.0,0.1288249955168966,0.3673497152563451,0.6,3.0,1.0,1
51bbc092-0028-4683-afc9-65d0a5286e2d,01fe4a49-c1a0-4cc3-8dc8-8402e6b11064,0.2015087648459985,0.6,8.0,0.9412144588474667,1.0,0.6879754206461195,0.49287097672138225,0.3,1.0,4.0,0
51bbc092-0028-4683-afc9-65d0a5286e2d,bcc862ed-ee8c-4519-bd6f-df3684168181,0.2015087648459985,0.6,8.0,0.9412144588474667,1.0,0.9327717807626915,0.3397410335113047,0.3,3.0,2.0,1
51bbc092-0028-4683-afc9-65d0a5286e2d,e3e4e158-1e76-4fc3-a85b-e05b8b8a0ccb,0.2015087648459985,0.6,8.0,0.9412144588474667,0.6,0.639410932283415,0.2933005026004223,0.0,2.0,5.0,1
51bbc092-0028-4683-afc9-65d0a5286e2d,fe560b2d-9461-419f-952d-3526d1d58cc6,0.2015087648459985,0.6,8.0,0.9412144588474667,1.0,0.582611192457266,0.5549319795003286,0.0,3.0,3.0,1
51bbc092-0028-4683-afc9-65d0a5286e2d,65c54c61-8bed-4502-891f-54207581973c,0.2015087648459985,0.6,8.0,0.9412144588474667,0.6,0.5609694251913983,0.4769640187588726,1.0,3.0,0.0,1
51bbc092-0028-4683-afc9-65d0a5286e2d,97ffd70a-47e9-4398-92a1-d66d4e4e7ac9,0.2015087648459985,0.6,8.0,0.9412144588474667,1.0,0.4738888800802551,0.7582398953411875,1.0,0.0,5.0,0
51bbc092-0028-4683-afc9-65d0a5286e2d,15ffb6f4-0363-4611-afec-93fefe2ffd83,0.2015087648459985,0.6,8.0,0.9412144588474667,0.2,0.9223427256162328,0.7798431272433336,0.3,0.0,2.0,1
51bbc092-0028-4683-afc9-65d0a5286e2d,8d3c9344-6c45-43f7-a583-eb49f1bd7c4b,0.2015087648459985,0.6,8.0,0.9412144588474667,1.0,0.32697303710818776,0.18910296519857916,0.6,2.0,0.0,1
51bbc092-0028-4683-afc9-65d0a5286e2d,3fb0a35d-d0bf-4534-9f63-995064c4e8af,0.2015087648459985,0.6,8.0,0.9412144588474667,0.2,0.4877773325800844,0.17627426660923395,0.3,1.0,2.0,1
51bbc092-0028-4683-afc9-65d0a5286e2d,319d65cc-35fb-4fd2-8d36-0aaeae8c1599,0.2015087648459985,0.6,8.0,0.9412144588474667,0.2,0.3492163442071033,0.6358648613159886,0.3,0.0,1.0,1
51bbc092-0028-4683-afc9-65d0a5286e2d,a86f1d29-fc0a-43b2-a5f5-1c81ea61e113,0.2015087648459985,0.6,8.0,0.9412144588474667,0.2,0.5459412758711781,0.9929580634194145,0.6,2.0,3.0,0
51bbc092-0028-4683-afc9-65d0a5286e2d,b76881f6-7f27-4c43-8ef9-41162752919f,0.2015087648459985,0.6,8.0,0.9412144588474667,1.0,0.440401152269174,0.05205596231391263,0.0,5.0,2.0,1
51bbc092-0028-4683-afc9-65d0a5286e2d,1fca9427-3cae-42d5-bed5-488302ac2459,0.2015087648459985,0.6,8.0,0.9412144588474667,0.6,0.396450442114459,0.6699625843471093,0.0,3.0,3.0,1
51bbc092-0028-4683-afc9-65d0a5286e2d,897e2fd6-d062-4d6b-8350-be1ff289f7d2,0.2015087648459985,0.6,8.0,0.9412144588474667,1.0,0.27839323550003814,0.5426957391813381,1.0,5.0,4.0,0
51bbc092-0028-4683-afc9-65d0a5286e2d,8c20762d-72fc-4a90-9284-b697f6205faa,0.2015087648459985,0.6,8.0,0.9412144588474667,0.2,0.809327370784988,0.46262162923016714,0.6,2.0,4.0,1
51bbc092-0028-4683-afc9-65d0a5286e2d,0d91a5c8-4b22-4198-b963-be98907527f4,0.2015087648459985,0.6,8.0,0.9412144588474667,0.2,0.36811976533001634,0.7445398250927052,0.0,0.0,6.0,1
51bbc092-0028-4683-afc9-65d0a5286e2d,fe560b2d-9461-419f-952d-3526d1d58cc6,0.2015087648459985,0.6,8.0,0.9412144588474667,1.0,0.582611192457266,0.5549319795003286,0.0,3.0,5.0,0
51bbc092-0028-4683-afc9-65d0a5286e2d,723b0875-2f5c-406d-91ef-1ef6768c21e1,0.2015087648459985,0.6,8.0,0.9412144588474667,0.6,0.5865033881557733,0.9546606431143135,0.6,0.0,1.0,1
51bbc092-0028-4683-afc9-65d0a5286e2d,10fa412c-7efe-46f7-89b0-c6aa11d87532,0.2015087648459985,0.6,8.0,0.9412144588474667,1.0,0.911960789245008,0.6298188715387788,0.3,0.0,0.0,1
51bbc092-0028-4683-afc9-65d0a5286e2d,3ceffdd1-05b8-4296-8ead-87aa963b9836,0.2015087648459985,0.6,8.0,0.9412144588474667,1.0,0.4937077765458606,0.9078087859837904,0.3,3.0,6.0,0
51bbc092-0028-4683-afc9-65d0a5286e2d,c4200dd0-0628-49ac-a3d4-9cafb23a3f7c,0.2015087648459985,0.6,8.0,0.9412144588474667,0.6,0.23204019132352335,0.14567973078804342,0.3,1.0,2.0,0
51bbc092-0028-4683-afc9-65d0a5286e2d,10061fb7-f1ca-4d39-a324-536b4bc6d836,0.2015087648459985,0.6,8.0,0.9412144588474667,0.2,0.618739880361464,0.7410470610420968,1.0,5.0,4.0,1
51bbc092-0028-4683-afc9-65d0a5286e2d,694b0a7e-d4bd-489d-991e-0fc7e0b7eae9,0.2015087648459985,0.6,8.0,0.9412144588474667,0.6,0.3343722183141432,0.2359196929431705,1.0,3.0,5.0,1
51bbc092-0028-4683-afc9-65d0a5286e2d,684277da-f62a-49f6-b09e-1b7e786c463b,0.2015087648459985,0.6,8.0,0.9412144588474667,1.0,0.457984105173436,0.7791379129900283,0.6,3.0,6.0,0
51bbc092-0028-4683-afc9-65d0a5286e2d,29943de0-bf3c-49cd-84da-43ca10216d5a,0.2015087648459985,0.6,8.0,0.9412144588474667,1.0,0.24742902261843305,0.882207830248756,0.0,4.0,0.0,0
51bbc092-0028-4683-afc9-65d0a5286e2d,fe09dd6a-bc95-42e6-bb3c-61d404a20200,0.2015087648459985,0.6,8.0,0.9412144588474667,0.2,0.852490071939042,0.9956463958670673,0.3,0.0,6.0,1
51bbc092-0028-4683-afc9-65d0a5286e2d,b1ef27f4-c212-4d80-95b3-1ccfcccee40b,0.2015087648459985,0.6,8.0,0.9412144588474667,1.0,0.273179116013828,0.9075422104826739,1.0,4.0,4.0,1
5dfd4825-6172-4bc3-8d73-81bedc309dc5,eab77546-5660-4b6f-8ed6-d113d4c924cb,0.749590549755885,0.6,13.0,0.7572732028801301,0.6,0.6257718626796875,0.29583808895330166,0.0,3.0,1.0,1
5dfd4825-6172-4bc3-8d73-81bedc309dc5,8ed783a1-387d-4717-b5f7-15de4d9164c0,0.749590549755885,0.6,13.0,0.7572732028801301,1.0,0.6957695377284588,0.9476351583956032,0.0,4.0,2.0,0
5dfd4825-6172-4bc3-8d73-81bedc309dc5,34df5d01-15ed-49be-beaf-1edba5ce73f3,0.749590549755885,0.6,13.0,0.7572732028801301,0.2,0.570771685431961,0.8647552667165631,0.3,0.0,3.0,1
5dfd4825-6172-4bc3-8d73-81bedc309dc5,a26f3aa1-8131-40eb-8610-e57f92d60b1d,0.749590549755885,0.6,13.0,0.7572732028801301,0.6,0.5405955324673002,0.22788898669340596,0.3,4.0,0.0,0
5dfd4825-6172-4bc3-8d73-81bedc309dc5,85a991a1-00c2-4f3b-a2f1-2edd3ed3c13b,0.749590549755885,0.6,13.0,0.7572732028801301,0.6,0.885115810475927,0.053316349790826556,0.3,0.0,3.0,0
5dfd4825-6172-4bc3-8d73-81bedc309dc5,2fd06511-a2df-41a4-b9b8-72ad25edbef7,0.749590549755885,0.6,13.0,0.7572732028801301,1.0,0.8121414643536927,0.9186858244934103,0.3,0.0,1.0,1
5dfd4825-6172-4bc3-8d73-81bedc309dc5,b30a4759-4017-4c73-a262-ebb3da889ea2,0.749590549755885,0.6,13.0,0.7572732028801301,0.2,0.2824565624064378,0.9351062106319883,1.0,3.0,5.0,0
5dfd4825-6172-4bc3-8d73-81bedc309dc5,f02458a6-6ff7-47a1-8e01-b8ff21f7812d,0.749590549755885,0.6,13.0,0.7572732028801301,0.2,0.336680938116936,0.2620493339390677,0.6,2.0,0.0,1
5dfd4825-6172-4bc3-8d73-81bedc309dc5,c65f2822-55d3-4e67-b0e3-dcb7ed48c4fc,0.749590549755885,0.6,13.0,0.7572732028801301,0.2,0.5969201348829377,0.6751594254540361,0.3,4.0,4.0,1
5dfd4825-6172-4bc3-8d73-81bedc309dc5,4df06409-5880-4fd2-840e-02e90385cc4e,0.749590549755885,0.6,13.0,0.7572732028801301,1.0,0.19470747542775022,0.6843276576228667,0.0,5.0,0.0,0
5dfd4825-6172-4bc3-8d73-81bedc309dc5,2270dcd6-f4ba-4acf-b863-271ea249c419,0.749590549755885,0.6,13.0,0.7572732028801301,0.6,0.888509462672205,0.11768090665028597,0.0,5.0,0.0,0
5dfd4825-6172-4bc3-8d73-81bedc309dc5,6bc2f168-7233-41b6-b378-1e91e4060318,0.749590549755885,0.6,13.0,0.7572732028801301,0.6,0.8903489988595626,0.4493952204847722,0.6,2.0,6.0,1
5dfd4825-6172-4bc3-8d73-81bedc309dc5,666c606e-4a7f-4e66-9fac-fbc0339d13f8,0.749590549755885,0.6,13.0,0.7572732028801301,1.0,0.9652102148867648,0.8330892916579566,0.3,5.0,0.0,1
5dfd4825-6172-4bc3-8d73-81bedc309dc5,a86f1d29-fc0a-43b2-a5f5-1c81ea61e113,0.749590549755885,0.6,13.0,0.7572732028801301,0.2,0.5459412758711781,0.9929580634194145,0.6,4.0,5.0,0
5dfd4825-6172-4bc3-8d73-81bedc309dc5,dbb00897-88a6-4e66-bf2b-d540c730bdb9,0.749590549755885,0.6,13.0,0.7572732028801301,0.6,0.9518329178984374,0.4047620165937216,0.0,0.0,3.0,0
5dfd4825-6172-4bc3-8d73-81bedc309dc5,6a40cbad-655b-4606-9b92-d053c779e9a1,0.749590549755885,0.6,13.0,0.7572732028801301,0.2,0.7251468800412657,0.941344002350994,0.0,4.0,3.0,1
5dfd4825-6172-4bc3-8d73-81bedc309dc5,6c5eaa38-0652-4762-8f1b-fcb80dbf8936,0.749590549755885,0.6,13.0,0.7572732028801301,0.6,0.23950518641691337,0.7304636636619138,0.6,0.0,0.0,1
5dfd4825-6172-4bc3-8d73-81bedc309dc5,e8099b2a-0582-4c26-a562-02489ef37a4d,0.749590549755885,0.6,13.0,0.7572732028801301,1.0,0.5135230437741315,0.3765636685032894,1.0,3.0,3.0,0
5dfd4825-6172-4bc3-8d73-81bedc309dc5,139389de-ef52-4a31-a3a6-711cb26f1f6a,0.749590549755885,0.6,13.0,0.7572732028801301,0.2,0.6569353768626665,0.927362807810403,1.0,0.0,0.0,0
5dfd4825-6172-4bc3-8d73-81bedc309dc5,6720ccab-682e-40ac-9103-5e1a7cedc597,0.749590549755885,0.6,13.0,0.7572732028801301,1.0,0.34528416725327743,0.5038671262185984,1.0,4.0,4.0,0
5dfd4825-6172-4bc3-8d73-81bedc309dc5,dd77c881-c04d-4f99-9177-d94ef20adb4f,0.749590549755885,0.6,13.0,0.7572732028801301,0.6,0.616612541041993,0.6647291139113415,0.0,4.0,3.0,0
5dfd4825-6172-4bc3-8d73-81bedc309dc5,c0831cb8-2671-4f2e-9498-e74d21da6f33,0.749590549755885,0.6,13.0,0.7572732028801301,0.2,0.678838712580165,0.49622340240440477,1.0,3.0,5.0,1
5dfd4825-6172-4bc3-8d73-81bedc309dc5,72e21539-04f0-470f-b69d-9a418f7ff37b,0.749590549755885,0.6,13.0,0.7572732028801301,0.2,0.6144010067276086,0.8682015664155024,0.6,0.0,4.0,1
5dfd4825-6172-4bc3-8d73-81bedc309dc5,059f7915-4179-4fab-ab9a-979f2ce6e218,0.749590549755885,0.6,13.0,0.7572732028801301,1.0,0.9507761192432672,0.14440395180459542,0.6,2.0,3.0,1
5dfd4825-6172-4bc3-8d73-81bedc309dc5,4b297a66-3334-402c-af3b-f9ee2b621b0b,0.749590549755885,0.6,13.0,0.7572732028801301,0.2,0.16180119098371584,0.2582859429792861,0.0,4.0,0.0,0
5dfd4825-6172-4bc3-8d73-81bedc309dc5,79cb3b8e-aafa-418e-97aa-f7fdcb3d6c58,0.749590549755885,0.6,13.0,0.7572732028801301,0.2,0.3730266808058288,0.7752357696427774,0.3,4.0,0.0,1
5dfd4825-6172-4bc3-8d73-81bedc309dc5,122cf437-7436-42ed-ba9f-fd1238cad94f,0.749590549755885,0.6,13.0,0.7572732028801301,0.6,0.7296624097080157,0.24684751428984442,0.6,0.0,0.0,1
5dfd4825-6172-4bc3-8d73-81bedc309dc5,b61ea83c-607e-45d0-8e7b-1b85dc0719bf,0.749590549755885,0.6,13.0,0.7572732028801301,0.2,0.48020855047645894,0.4947416007255965,1.0,0.0,2.0,1
5dfd4825-6172-4bc3-8d73-81bedc309dc5,45cea0cf-acbc-4a1c-ae67-7da156ce4e33,0.749590549755885,0.6,13.0,0.7572732028801301,0.6,0.44790999008794674,0.8240533460888545,0.3,2.0,1.0,1
5dfd4825-6172-4bc3-8d73-81bedc309dc5,5bccbbea-6061-4c3b-babf-9f5de9889c73,0.749590549755885,0.6,13.0,0.7572732028801301,0.2,0.4789495794434827,0.42500061980149273,0.3,5.0,0.0,0
5dfd4825-6172-4bc3-8d73-81bedc309dc5,4e038b59-7940-4187-89a4-aa8900eb4584,0.749590549755885,0.6,13.0,0.7572732028801301,0.6,0.8162686834681103,0.09548613580741361,0.3,3.0,5.0,1
5dfd4825-6172-4bc3-8d73-81bedc309dc5,85f2c72b-1210-493c-bae7-744c4b2353fc,0.749590549755885,0.6,13.0,0.7572732028801301,0.6,0.5307520434712122,0.17871782093842026,1.0,3.0,5.0,1
5dfd4825-6172-4bc3-8d73-81bedc309dc5,1dbb57c0-dbf1-4996-b33e-610ff0e1a4c5,0.749590549755885,0.6,13.0,0.7572732028801301,0.2,0.6520298599863723,0.91316722678243,1.0,2.0,6.0,1
5dfd4825-6172-4bc3-8d73-81bedc309dc5,2e56c0c7-a2d4-4606-8362-ead47ba989cf,0.749590549755885,0.6,13.0,0.7572732028801301,1.0,0.9838404823093492,0.5555768002260758,0.0,2.0,5.0,1
5dfd4825-6172-4bc3-8d73-81bedc309dc5,dbb00897-88a6-4e66-bf2b-d540c730bdb9,0.749590549755885,0.6,13.0,0.7572732028801301,0.6,0.9518329178984374,0.4047620165937216,0.0,3.0,5.0,1
5dfd4825-6172-4bc3-8d73-81bedc309dc5,bb149053-41e0-46bd-ae04-d392610b827f,0.749590549755885,0.6,13.0,0.7572732028801301,1.0,0.9892289095536471,0.5376980874726343,0.3,1.0,1.0,0
5dfd4825-6172-4bc3-8d73-81bedc309dc5,b7334163-6b0b-4be1-b584-94370f17d451,0.749590549755885,0.6,13.0,0.7572732028801301,1.0,0.6214743123780008,0.24793030815786732,0.6,5.0,4.0,0
5dfd4825-6172-4bc3-8d73-81bedc309dc5,21197103-286c-4e08-8f2e-e1f0c1aa4b65,0.749590549755885,0.6,13.0,0.7572732028801301,0.2,0.974231980237957,0.8883695246489081,0.6,0.0,1.0,1
5dfd4825-6172-4bc3-8d73-81bedc309dc5,06497e85-86a1-47f4-bbdd-a5f778924253,0.749590549755885,0.6,13.0,0.7572732028801301,0.2,0.19052222599951962,0.20137632619118384,0.3,0.0,0.0,1
5dfd4825-6172-4bc3-8d73-81bedc309dc5,b76881f6-7f27-4c43-8ef9-41162752919f,0.749590549755885,0.6,13.0,0.7572732028801301,1.0,0.440401152269174,0.05205596231391263,0.0,4.0,3.0,0
b9bff468-103c-454b-b5be-0d5d880976a0,e2cc89a7-6e52-40e3-8411-87a3295c8a0e,0.7113537221908262,1.0,15.0,0.3238374602192513,0.2,0.3237254478661281,0.030381800897473776,0.3,2.0,6.0,1
b9bff468-103c-454b-b5be-0d5d880976a0,e33220eb-1aa5-4702-8b7f-82096cbf244c,0.7113537221908262,1.0,15.0,0.3238374602192513,0.2,0.8045091416614435,0.9303962480539164,0.0,3.0,3.0,1
b9bff468-103c-454b-b5be-0d5d880976a0,61f8b793-eb21-415f-be6a-1dace64c1dab,0.7113537221908262,1.0,15.0,0.3238374602192513,0.2,0.5789373941878594,0.5534783138488689,0.0,5.0,3.0,0
b9bff468-103c-454b-b5be-0d5d880976a0,86df6ab5-0a91-4c31-ae77-b6a97acaa3b6,0.7113537221908262,1.0,15.0,0.3238374602192513,0.2,0.6626325512293207,0.22621734088053103,1.0,4.0,6.0,1
b9bff468-103c-454b-b5be-0d5d880976a0,153e892c-7403-48b3-b3e5-7a4444a6af33,0.7113537221908262,1.0,15.0,0.3238374602192513,1.0,0.268440635924974,0.5517497858340187,0.3,2.0,6.0,1
b9bff468-103c-454b-b5be-0d5d880976a0,965ef1a3-f422-4510-af75-d3f89e3642dd,0.7113537221908262,1.0,15.0,0.3238374602192513,1.0,0.4273005359792914,0.6938722867459519,0.6,2.0,5.0,0
b9bff468-103c-454b-b5be-0d5d880976a0,89df2650-7e95-4104-8f42-5cb62ffb481a,0.7113537221908262,1.0,15.0,0.3238374602192513,0.2,0.29630278019401196,0.3424606722909498,0.0,5.0,5.0,0
b9bff468-103c-454b-b5be-0d5d880976a0,cfaac6f7-b976-4661-8cd2-98f3a4e3a281,0.7113537221908262,1.0,15.0,0.3238374602192513,0.2,0.17993656314318568,0.2972789514204549,0.3,3.0,5.0,1
b9bff468-103c-454b-b5be-0d5d880976a0,42438319-d9cd-4491-91c4-7e8df4051b62,0.7113537221908262,1.0,15.0,0.3238374602192513,0.2,0.6023180626659986,0.9806347370894578,0.0,3.0,3.0,1
b9bff468-103c-454b-b5be-0d5d880976a0,c65f2822-55d3-4e67-b0e3-dcb7ed48c4fc,0.7113537221908262,1.0,15.0,0.3238374602192513,0.2,0.5969201348829377,0.6751594254540361,0.3,2.0,1.0,1
b9bff468-103c-454b-b5be-0d5d880976a0,723b0875-2f5c-406d-91ef-1ef6768c21e1,0.7113537221908262,1.0,15.0,0.3238374602192513,0.6,0.5865033881557733,0.9546606431143135,0.6,1.0,0.0,0
b9bff468-103c-454b-b5be-0d5d880976a0,b306c2e8-e14e-48ab-ba50-0a1e2c26a1c9,0.7113537221908262,1.0,15.0,0.3238374602192513,0.2,0.3501289126422822,0.7428895955658196,0.3,0.0,1.0,1
b9bff468-103c-454b-b5be-0d5d880976a0,8618c927-9c33-4057-8bfe-9828bd93601a,0.7113537221908262,1.0,15.0,0.3238374602192513,0.6,0.22804722680585615,0.021203888490483047,0.6,3.0,0.0,1
b9bff468-103c-454b-b5be-0d5d880976a0,b30a4759-4017-4c73-a262-ebb3da889ea2,0.7113537221908262,1.0,15.0,0.3238374602192513,0.2,0.2824565624064378,0.9351062106319883,1.0,5.0,6.0,1
b9bff468-103c-454b-b5be-0d5d880976a0,b939da7f-028e-4294-87a9-cae844ef2396,0.7113537221908262,1.0,15.0,0.3238374602192513,1.0,0.28159591151234475,0.3654017291850822,1.0,4.0,5.0,1
b9bff468-103c-454b-b5be-0d5d880976a0,225af4bb-7dea-491a-b6ce-984e91ad99bf,0.7113537221908262,1.0,15.0,0.3238374602192513,0.2,0.954287099322196,0.3931698082459284,0.3,3.0,3.0,1
b9bff468-103c-454b-b5be-0d5d880976a0,31a8a011-26d9-417f-9acd-2dc1aa620cb1,0.7113537221908262,1.0,15.0,0.3238374602192513,0.6,0.8578772412513512,0.31368145278296056,0.6,2.0,3.0,0
b9bff468-103c-454b-b5be-0d5d880976a0,1e0eed17-c905-405d-992d-8f226b5d3e6b,0.7113537221908262,1.0,15.0,0.3238374602192513,0.6,0.4397816989523534,0.9351795022685058,0.0,0.0,4.0,1
b9bff468-103c-454b-b5be-0d5d880976a0,1dbb57c0-dbf1-4996-b33e-610ff0e1a4c5,0.7113537221908262,1.0,15.0,0.3238374602192513,0.2,0.6520298599863723,0.91316722678243,1.0,2.0,0.0,1
b9bff468-103c-454b-b5be-0d5d880976a0,775861d5-545e-4ddf-b332-3aabb9bd0e76,0.7113537221908262,1.0,15.0,0.3238374602192513,1.0,0.8513642364331833,0.05300666587800451,0.6,2.0,6.0,1
b9bff468-103c-454b-b5be-0d5d880976a0,03be5e2c-49dc-49c9-bf6c-bd633714d57c,0.7113537221908262,1.0,15.0,0.3238374602192513,0.2,0.23003808241798443,0.40233767223870887,0.0,1.0,6.0,1
b9bff468-103c-454b-b5be-0d5d880976a0,7c817b5c-6572-44b4-8692-fb0a6e6339be,0.7113537221908262,1.0,15.0,0.3238374602192513,1.0,0.5648788196988385,0.6966139096390322,0.6,5.0,0.0,0
b9bff468-103c-454b-b5be-0d5d880976a0,d91ea030-edc5-4199-b235-b4f2746330e6,0.7113537221908262,1.0,15.0,0.3238374602192513,1.0,0.7413528687367448,0.2371548448306322,0.6,4.0,2.0,0
b9bff468-103c-454b-b5be-0d5d880976a0,7c786351-37ac-47a2-9542-40b90f3efee8,0.7113537221908262,1.0,15.0,0.3238374602192513,0.6,0.6561708102091133,0.18646349182808575,0.3,5.0,2.0,1
b9bff468-103c-454b-b5be-0d5d880976a0,78815b00-b8cf-4b53-9b5c-0a0cc08481cf,0.7113537221908262,1.0,15.0,0.3238374602192513,0.6,0.9610158815047943,0.2578843936513069,0.0,4.0,5.0,1
b9bff468-103c-454b-b5be-0d5d880976a0,d96815d9-4db7-48f0-85a0-eddc3b7b916f,0.7113537221908262,1.0,15.0,0.3238374602192513,0.6,0.4536278778772145,0.0754688004112799,1.0,0.0,4.0,0
b9bff468-103c-454b-b5be-0d5d880976a0,723b0875-2f5c-406d-91ef-1ef6768c21e1,0.7113537221908262,1.0,15.0,0.3238374602192513,0.6,0.5865033881557733,0.9546606431143135,0.6,1.0,2.0,0
b9bff468-103c-454b-b5be-0d5d880976a0,9f019ca3-6a4d-4f1c-8cfd-4fc983011cd8,0.7113537221908262,1.0,15.0,0.3238374602192513,0.6,0.8592879525285462,0.4771610349793223,0.6,0.0,5.0,1
b9bff468-103c-454b-b5be-0d5d880976a0,99eca1c6-c6f2-4d74-a551-b71f85fad723,0.7113537221908262,1.0,15.0,0.3238374602192513,1.0,0.37557872113137425,0.6908530230033296,0.0,2.0,4.0,1
b9bff468-103c-454b-b5be-0d5d880976a0,b1ef27f4-c212-4d80-95b3-1ccfcccee40b,0.7113537221908262,1.0,15.0,0.3238374602192513,1.0,0.273179116013828,0.9075422104826739,1.0,5.0,2.0,0
b9bff468-103c-454b-b5be-0d5d880976a0,c4200dd0-0628-49ac-a3d4-9cafb23a3f7c,0.7113537221908262,1.0,15.0,0.3238374602192513,0.6,0.23204019132352335,0.14567973078804342,0.3,1.0,2.0,0
b9bff468-103c-454b-b5be-0d5d880976a0,9d28a4ed-19ea-45ff-8c87-cd755a39633c,0.7113537221908262,1.0,15.0,0.3238374602192513,1.0,0.9699569764835101,0.3864034459374597,1.0,0.0,4.0,0
b9bff468-103c-454b-b5be-0d5d880976a0,0c914be4-9a3f-42b1-9a0d-7b75e4458ea2,0.7113537221908262,1.0,15.0,0.3238374602192513,0.2,0.6120270413649967,0.8895054166969376,0.3,4.0,5.0,1
b9bff468-103c-454b-b5be-0d5d880976a0,db87c9f7-0d43-43e7-bfc8-10a75114f27b,0.7113537221908262,1.0,15.0,0.3238374602192513,1.0,0.5554553024932305,0.03495342538664914,0.6,0.0,5.0,1
b9bff468-103c-454b-b5be-0d5d880976a0,bb149053-41e0-46bd-ae04-d392610b827f,0.7113537221908262,1.0,15.0,0.3238374602192513,1.0,0.9892289095536471,0.5376980874726343,0.3,0.0,1.0,0
b9bff468-103c-454b-b5be-0d5d880976a0,e45bd99d-504e-4e64-83b1-c517b6b084cf,0.7113537221908262,1.0,15.0,0.3238374602192513,1.0,0.2973675063752232,0.26685392748809267,0.0,5.0,3.0,1
b9bff468-103c-454b-b5be-0d5d880976a0,eab77546-5660-4b6f-8ed6-d113d4c924cb,0.7113537221908262,1.0,15.0,0.3238374602192513,0.6,0.6257718626796875,0.29583808895330166,0.0,0.0,4.0,0
b9bff468-103c-454b-b5be-0d5d880976a0,d91ea030-edc5-4199-b235-b4f2746330e6,0.7113537221908262,1.0,15.0,0.3238374602192513,1.0,0.7413528687367448,0.2371548448306322,0.6,2.0,2.0,0
b9bff468-103c-454b-b5be-0d5d880976a0,effc8e6d-3fa0-4ad0-84e0-49ceb18ecfdf,0.7113537221908262,1.0,15.0,0.3238374602192513,1.0,0.1753861576369154,0.018304751217713022,0.6,2.0,1.0,0
b9bff468-103c-454b-b5be-0d5d880976a0,84c440d3-55ef-46aa-abeb-ca96e8632be9,0.7113537221908262,1.0,15.0,0.3238374602192513,0.6,0.5539423499120992,0.05768859541460958,0.6,3.0,2.0,1
449cd8c1-0e5c-4166-bbca-2528cf128ef2,01fe4a49-c1a0-4cc3-8dc8-8402e6b11064,0.407695477846195,0.2,18.0,0.7885897430312347,1.0,0.6879754206461195,0.49287097672138225,0.3,3.0,5.0,1
449cd8c1-0e5c-4166-bbca-2528cf128ef2,bb149053-41e0-46bd-ae04-d392610b827f,0.407695477846195,0.2,18.0,0.7885897430312347,1.0,0.9892289095536471,0.5376980874726343,0.3,2.0,4.0,0
449cd8c1-0e5c-4166-bbca-2528cf128ef2,1fca9427-3cae-42d5-bed5-488302ac2459,0.407695477846195,0.2,18.0,0.7885897430312347,0.6,0.396450442114459,0.6699625843471093,0.0,4.0,1.0,1
449cd8c1-0e5c-4166-bbca-2528cf128ef2,6df290df-6194-497e-9997-fd6713e1435f,0.407695477846195,0.2,18.0,0.7885897430312347,1.0,0.7637061762371852,0.8809980926459479,0.6,1.0,4.0,0
449cd8c1-0e5c-4166-bbca-2528cf128ef2,5939c634-d641-4ed7-8910-517780e88b75,0.407695477846195,0.2,18.0,0.7885897430312347,0.6,0.7523652503478826,0.6850593430585846,0.3,5.0,1.0,0
449cd8c1-0e5c-4166-bbca-2528cf128ef2,09a8b01c-9886-431b-860f-484d959f9fd8,0.407695477846195,0.2,18.0,0.7885897430312347,0.2,0.7949409365509817,0.650881327422057,0.0,2.0,0.0,1
449cd8c1-0e5c-4166-bbca-2528cf128ef2,5ac7df38-e13e-4ddf-ac1d-8bd8825c2903,0.407695477846195,0.2,18.0,0.7885897430312347,0.2,0.5606417702241059,0.9155246766150124,0.0,4.0,3.0,0
449cd8c1-0e5c-4166-bbca-2528cf128ef2,ad90952f-caf0-425d-8039-7263f702df91,0.407695477846195,0.2,18.0,0.7885897430312347,0.2,0.9254823202465832,0.36840241779614114,0.0,3.0,0.0,1
449cd8c1-0e5c-4166-bbca-2528cf128ef2,cfaac6f7-b976-4661-8cd2-98f3a4e3a281,0.407695477846195,0.2,18.0,0.7885897430312347,0.2,0.17993656314318568,0.2972789514204549,0.3,5.0,3.0,1
449cd8c1-0e5c-4166-bbca-2528cf128ef2,4b00903d-63e9-4414-b21a-341b0a8b4f74,0.407695477846195,0.2,18.0,0.7885897430312347,0.2,0.6633655398442496,0.5256274218571385,0.0,3.0,0.0,0
449cd8c1-0e5c-4166-bbca-2528cf128ef2,d8d30dac-fd61-48d1-8bf9-aa602ff08b1b,0.407695477846195,0.2,18.0,0.7885897430312347,0.6,0.5193853910130869,0.5025270481245171,0.0,4.0,6.0,1
449cd8c1-0e5c-4166-bbca-2528cf128ef2,290546aa-9a27-44b0-96cf-1cbe5de0ac63,0.407695477846195,0.2,18.0,0.7885897430312347,0.2,0.8840031953521331,0.909469052204089,0.3,2.0,1.0,1
449cd8c1-0e5c-4166-bbca-2528cf128ef2,de80c064-1511-4251-84a5-ba1187978d32,0.407695477846195,0.2,18.0,0.7885897430312347,1.0,0.37359855622088356,0.32543416209529763,0.0,0.0,2.0,0
449cd8c1-0e5c-4166-bbca-2528cf128ef2,d96815d9-4db7-48f0-85a0-eddc3b7b916f,0.407695477846195,0.2,18.0,0.7885897430312347,0.6,0.4536278778772145,0.0754688004112799,1.0,5.0,0.0,0
449cd8c1-0e5c-4166-bbca-2528cf128ef2,d62328c7-3c09-4bff-896a-238934dcedc8,0.407695477846195,0.2,18.0,0.7885897430312347,0.2,0.5544033125310288,0.572254789610878,1.0,3.0,5.0,0
449cd8c1-0e5c-4166-bbca-2528cf128ef2,18d9fc90-579e-4041-988f-c2fa9da7d9f1,0.407695477846195,0.2,18.0,0.7885897430312347,0.2,0.611318917479668,0.23509193379958115,0.3,3.0,5.0,1
449cd8c1-0e5c-4166-bbca-2528cf128ef2,0c914be4-9a3f-42b1-9a0d-7b75e4458ea2,0.407695477846195,0.2,18.0,0.7885897430312347,0.2,0.6120270413649967,0.8895054166969376,0.3,0.0,1.0,1
449cd8c1-0e5c-4166-bbca-2528cf128ef2,9f7ae8c9-dc90-4236-adb6-2109245d9021,0.407695477846195,0.2,18.0,0.7885897430312347,0.6,0.8963101399292399,0.12506351553810924,0.0,5.0,5.0,1
449cd8c1-0e5c-4166-bbca-2528cf128ef2,7a3805f8-637d-41ce-ac78-d79938def8ea,0.407695477846195,0.2,18.0,0.7885897430312347,0.2,0.6005977206832448,0.609661198171549,0.0,4.0,5.0,0
449cd8c1-0e5c-4166-bbca-2528cf128ef2,4df46fb7-f407-42f6-a653-9d8438903f61,0.407695477846195,0.2,18.0,0.7885897430312347,1.0,0.9723558352169928,0.2356344975085155,1.0,1.0,2.0,1
449cd8c1-0e5c-4166-bbca-2528cf128ef2,c65f2822-55d3-4e67-b0e3-dcb7ed48c4fc,0.407695477846195,0.2,18.0,0.7885897430312347,0.2,0.5969201348829377,0.6751594254540361,0.3,4.0,4.0,0
449cd8c1-0e5c-4166-bbca-2528cf128ef2,e8df6458-6771-4ac9-9072-87c3e1750d40,0.407695477846195,0.2,18.0,0.7885897430312347,0.2,0.43364799363262085,0.28863566461256474,0.0,2.0,3.0,1
449cd8c1-0e5c-4166-bbca-2528cf128ef2,8ab6ed8b-51d4-454f-85f3-3f6b976bb994,0.407695477846195,0.2,18.0,0.7885897430312347,1.0,0.28732703598303644,0.30524872168293893,0.3,0.0,6.0,0
449cd8c1-0e5c-4166-bbca-2528cf128ef2,50485b49-6f87-4fbb-a6d8-cc894f5ad343,0.407695477846195,0.2,18.0,0.7885897430312347,0.2,0.489665412099198,0.42118413108785735,0.3,3.0,4.0,0
449cd8c1-0e5c-4166-bbca-2528cf128ef2,0764c1e1-84c4-4344-814b-56f447356699,0.407695477846195,0.2,18.0,0.7885897430312347,0.2,0.36478434898577183,0.31372887152086304,0.3,0.0,2.0,1
449cd8c1-0e5c-4166-bbca-2528cf128ef2,b306c2e8-e14e-48ab-ba50-0a1e2c26a1c9,0.407695477846195,0.2,18.0,0.7885897430312347,0.2,0.3501289126422822,0.7428895955658196,0.3,3.0,3.0,1
449cd8c1-0e5c-4166-bbca-2528cf128ef2,4923fb26-e583-4c24-ac52-8838a0ed3a98,0.407695477846195,0.2,18.0,0.7885897430312347,1.0,0.553388277838538,0.7019544741283528,1.0,4.0,6.0,1
449cd8c1-0e5c-4166-bbca-2528cf128ef2,b76881f6-7f27-4c43-8ef9-41162752919f,0.407695477846195,0.2,18.0,0.7885897430312347,1.0,0.440401152269174,0.05205596231391263,0.0,1.0,0.0,0
449cd8c1-0e5c-4166-bbca-2528cf128ef2,43b70bae-10ef-4dc3-9f9b-b39a1eacb2d1,0.407695477846195,0.2,18.0,0.7885897430312347,1.0,0.6227481543871835,0.008705213531018718,1.0,0.0,4.0,0
449cd8c1-0e5c-4166-bbca-2528cf128ef2,015a673e-67b9-4560-949f-f0f29ba09691,0.407695477846195,0.2,18.0,0.7885897430312347,0.6,0.772469818793257,0.851704139635052,0.0,4.0,6.0,0
449cd8c1-0e5c-4166-bbca-2528cf128ef2,9d28a4ed-19ea-45ff-8c87-cd755a39633c,0.407695477846195,0.2,18.0,0.7885897430312347,1.0,0.9699569764835101,0.3864034459374597,1.0,2.0,1.0,0
449cd8c1-0e5c-4166-bbca-2528cf128ef2,89df2650-7e95-4104-8f42-5cb62ffb481a,0.407695477846195,0.2,18.0,0.7885897430312347,0.2,0.29630278019401196,0.3424606722909498,0.0,5.0,3.0,0
449cd8c1-0e5c-4166-bbca-2528cf128ef2,786a081e-bed1-4dd5-af8f-b24a2969db27,0.407695477846195,0.2,18.0,0.7885897430312347,1.0,0.2204606202831086,0.8790686327551894,0.6,0.0,5.0,0
449cd8c1-0e5c-4166-bbca-2528cf128ef2,15ffb6f4-0363-4611-afec-93fefe2ffd83,0.407695477846195,0.2,18.0,0.7885897430312347,0.2,0.9223427256162328,0.7798431272433336,0.3,3.0,3.0,0
449cd8c1-0e5c-4166-bbca-2528cf128ef2,b76881f6-7f27-4c43-8ef9-41162752919f,0.407695477846195,0.2,18.0,0.7885897430312347,1.0,0.440401152269174,0.05205596231391263,0.0,5.0,5.0,0
449cd8c1-0e5c-4166-bbca-2528cf128ef2,bb149053-41e0-46bd-ae04-d392610b827f,0.407695477846195,0.2,18.0,0.7885897430312347,1.0,0.9892289095536471,0.5376980874726343,0.3,5.0,6.0,1
449cd8c1-0e5c-4166-bbca-2528cf128ef2,f02458a6-6ff7-47a1-8e01-b8ff21f7812d,0.407695477846195,0.2,18.0,0.7885897430312347,0.2,0.336680938116936,0.2620493339390677,0.6,4.0,2.0,0
449cd8c1-0e5c-4166-bbca-2528cf128ef2,319d65cc-35fb-4fd2-8d36-0aaeae8c1599,0.407695477846195,0.2,18.0,0.7885897430312347,0.2,0.3492163442071033,0.6358648613159886,0.3,5.0,6.0,0
449cd8c1-0e5c-4166-bbca-2528cf128ef2,547da744-4911-48fa-9b2f-1b550cf8ac17,0.407695477846195,0.2,18.0,0.7885897430312347,1.0,0.45632620168229077,0.11858678619598295,1.0,3.0,0.0,0
449cd8c1-0e5c-4166-bbca-2528cf128ef2,a38cc35a-c8b1-493c-ad3e-67dba34f85e7,0.407695477846195,0.2,18.0,0.7885897430312347,0.6,0.41036269496507194,0.08761541400278205,0.0,1.0,6.0,0
200dc903-f96f-4e88-b388-2f11f16c01c4,31a8a011-26d9-417f-9acd-2dc1aa620cb1,0.24267030003356108,0.6,1.0,0.24011386981116287,0.6,0.8578772412513512,0.31368145278296056,0.6,5.0,5.0,1
200dc903-f96f-4e88-b388-2f11f16c01c4,85930d8e-50d0-4f7b-acb8-caaac625dd0e,0.24267030003356108,0.6,1.0,0.24011386981116287,1.0,0.718363556324442,0.8165727833244342,0.6,1.0,5.0,0
200dc903-f96f-4e88-b388-2f11f16c01c4,16aa6851-6f56-441d-b1e3-84c8e2b58887,0.24267030003356108,0.6,1.0,0.24011386981116287,1.0,0.7017944767412314,0.7875435396564088,0.3,1.0,5.0,1
200dc903-f96f-4e88-b388-2f11f16c01c4,f62e1330-1cf0-425f-9f10-6ddf9042abcd,0.24267030003356108,0.6,1.0,0.24011386981116287,1.0,0.9321622696421319,0.2356252848280802,1.0,4.0,6.0,1
200dc903-f96f-4e88-b388-2f11f16c01c4,fda140a2-2654-463e-a825-e101e2f7921b,0.24267030003356108,0.6,1.0,0.24011386981116287,0.2,0.3998020556294877,0.9744658783076392,0.0,0.0,3.0,1
200dc903-f96f-4e88-b388-2f11f16c01c4,225af4bb-7dea-491a-b6ce-984e91ad99bf,0.24267030003356108,0.6,1.0,0.24011386981116287,0.2,0.954287099322196,0.3931698082459284,0.3,0.0,3.0,0
200dc903-f96f-4e88-b388-2f11f16c01c4,db87c9f7-0d43-43e7-bfc8-10a75114f27b,0.24267030003356108,0.6,1.0,0.24011386981116287,1.0,0.5554553024932305,0.03495342538664914,0.6,1.0,5.0,0
200dc903-f96f-4e88-b388-2f11f16c01c4,ad90952f-caf0-425d-8039-7263f702df91,0.24267030003356108,0.6,1.0,0.24011386981116287,0.2,0.9254823202465832,0.36840241779614114,0.0,2.0,6.0,1
200dc903-f96f-4e88-b388-2f11f16c01c4,16aa6851-6f56-441d-b1e3-84c8e2b58887,0.24267030003356108,0.6,1.0,0.24011386981116287,1.0,0.7017944767412314,0.7875435396564088,0.3,3.0,6.0,0
200dc903-f96f-4e88-b388-2f11f16c01c4,425b9a2c-d3c2-418b-8da0-71ea5c07dd63,0.24267030003356108,0.6,1.0,0.24011386981116287,0.2,0.5351171693089606,0.9651204126148089,0.0,3.0,2.0,1
200dc903-f96f-4e88-b388-2f11f16c01c4,5c628898-abde-4c5b-8dc9-253bfab0c323,0.24267030003356108,0.6,1.0,0.24011386981116287,0.6,0.29562602483866546,0.8882279982692427,0.3,3.0,3.0,0
200dc903-f96f-4e88-b388-2f11f16c01c4,1f1d5ce2-33eb-44b8-b139-1507fb4718cc,0.24267030003356108,0.6,1.0,0.24011386981116287,1.0,0.5291681488699617,0.6223076451667475,0.0,1.0,3.0,0
200dc903-f96f-4e88-b388-2f11f16c01c4,dbb00897-88a6-4e66-bf2b-d540c730bdb9,0.24267030003356108,0.6,1.0,0.24011386981116287,0.6,0.9518329178984374,0.4047620165937216,0.0,5.0,3.0,0
200dc903-f96f-4e88-b388-2f11f16c01c4,1fca9427-3cae-42d5-bed5-488302ac2459,0.24267030003356108,0.6,1.0,0.24011386981116287,0.6,0.396450442114459,0.6699625843471093,0.0,3.0,4.0,1
200dc903-f96f-4e88-b388-2f11f16c01c4,18d9fc90-579e-4041-988f-c2fa9da7d9f1,0.24267030003356108,0.6,1.0,0.24011386981116287,0.2,0.611318917479668,0.23509193379958115,0.3,2.0,4.0,0
200dc903-f96f-4e88-b388-2f11f16c01c4,1e0eed17-c905-405d-992d-8f226b5d3e6b,0.24267030003356108,0.6,1.0,0.24011386981116287,0.6,0.4397816989523534,0.9351795022685058,0.0,0.0,4.0,1
200dc903-f96f-4e88-b388-2f11f16c01c4,a38cc35a-c8b1-493c-ad3e-67dba34f85e7,0.24267030003356108,0.6,1.0,0.24011386981116287,0.6,0.41036269496507194,0.08761541400278205,0.0,3.0,3.0,0
200dc903-f96f-4e88-b388-2f11f16c01c4,3a71361b-e3e1-4223-b68a-ad50ca4dbe62,0.24267030003356108,0.6,1.0,0.24011386981116287,1.0,0.6047778022342388,0.49194088405803205,0.6,0.0,2.0,0
200dc903-f96f-4e88-b388-2f11f16c01c4,0d91a5c8-4b22-4198-b963-be98907527f4,0.24267030003356108,0.6,1.0,0.24011386981116287,0.2,0.36811976533001634,0.7445398250927052,0.0,2.0,3.0,0
200dc903-f96f-4e88-b388-2f11f16c01c4,768074f2-fa60-4a87-b7e9-0fe45c042ba8,0.24267030003356108,0.6,1.0,0.24011386981116287,0.6,0.44816631031351084,0.885378023796285,0.0,4.0,1.0,1
200dc903-f96f-4e88-b388-2f11f16c01c4,666c606e-4a7f-4e66-9fac-fbc0339d13f8,0.24267030003356108,0.6,1.0,0.24011386981116287,1.0,0.9652102148867648,0.8330892916579566,0.3,1.0,4.0,0
200dc903-f96f-4e88-b388-2f11f16c01c4,85736eaa-5d46-446f-bc37-90664659af7c,0.24267030003356108,0.6,1.0,0.24011386981116287,0.2,0.5071632128531129,0.5363921784426651,0.3,3.0,0.0,1
200dc903-f96f-4e88-b388-2f11f16c01c4,78815b00-b8cf-4b53-9b5c-0a0cc08481cf,0.24267030003356108,0.6,1.0,0.24011386981116287,0.6,0.9610158815047943,0.2578843936513069,0.0,4.0,0.0,0
200dc903-f96f-4e88-b388-2f11f16c01c4,7d8ed681-553e-4f86-8328-93bdf476bee2,0.24267030003356108,0.6,1.0,0.24011386981116287,0.6,0.8243337011258274,0.4855544869796419,1.0,4.0,1.0,0
200dc903-f96f-4e88-b388-2f11f16c01c4,bf1c16a4-e182-4ecc-8023-e458da60daac,0.24267030003356108,0.6,1.0,0.24011386981116287,1.0,0.24964749169716674,0.6258043806862246,0.6,5.0,1.0,0
200dc903-f96f-4e88-b388-2f11f16c01c4,e02821d5-6c11-48d3-9e5a-ab797cf10dfd,0.24267030003356108,0.6,1.0,0.24011386981116287,0.2,0.30278131508958317,0.8518530351666224,0.6,2.0,3.0,0
200dc903-f96f-4e88-b388-2f11f16c01c4,d05c6a73-7fda-4aba-88c3-900cedb6b9a6,0.24267030003356108,0.6,1.0,0.24011386981116287,0.6,0.37465691625557584,0.04502897108590176,0.0,0.0,6.0,0
200dc903-f96f-4e88-b388-2f11f16c01c4,b8a59f9c-9152-4e9d-9227-81b450029be0,0.24267030003356108,0.6,1.0,0.24011386981116287,0.2,0.9082416607735994,0.8438860705844703,1.0,4.0,3.0,1
200dc903-f96f-4e88-b388-2f11f16c01c4,b61ea83c-607e-45d0-8e7b-1b85dc0719bf,0.24267030003356108,0.6,1.0,0.24011386981116287,0.2,0.48020855047645894,0.4947416007255965,1.0,2.0,0.0,0
200dc903-f96f-4e88-b388-2f11f16c01c4,1e9ac78a-0ad3-4758-94d2-679a7c60a672,0.24267030003356108,0.6,1.0,0.24011386981116287,0.6,0.1486437037821284,0.8157193928134632,0.6,0.0,2.0,0
200dc903-f96f-4e88-b388-2f11f16c01c4,87a7aeb8-bf34-460e-bb3c-fbe35cf1ef81,0.24267030003356108,0.6,1.0,0.24011386981116287,1.0,0.7885085605778664,0.825897641598029,0.6,5.0,3.0,0
200dc903-f96f-4e88-b388-2f11f16c01c4,8155e67e-e6b6-4564-9fbc-a422dfbb4728,0.24267030003356108,0.6,1.0,0.24011386981116287,0.2,0.3282195111753295,0.7588859461800079,0.0,0.0,0.0,0
200dc903-f96f-4e88-b388-2f11f16c01c4,9f019ca3-6a4d-4f1c-8cfd-4fc983011cd8,0.24267030003356108,0.6,1.0,0.24011386981116287,0.6,0.8592879525285462,0.4771610349793223,0.6,0.0,0.0,0
200dc903-f96f-4e88-b388-2f11f16c01c4,33aa1631-5d42-4228-84c3-639ac72cf903,0.24267030003356108,0.6,1.0,0.24011386981116287,1.0,0.20605411083785363,0.7031088164784068,0.3,0.0,5.0,0
200dc903-f96f-4e88-b388-2f11f16c01c4,5a34f357-525c-4e8c-9761-fca6c5ef4a54,0.24267030003356108,0.6,1.0,0.24011386981116287,1.0,0.32612342892093527,0.37000647225331373,0.3,2.0,3.0,1
200dc903-f96f-4e88-b388-2f11f16c01c4,b306c2e8-e14e-48ab-ba50-0a1e2c26a1c9,0.24267030003356108,0.6,1.0,0.24011386981116287,0.2,0.3501289126422822,0.7428895955658196,0.3,3.0,1.0,0
200dc903-f96f-4e88-b388-2f11f16c01c4,2f2c32fa-6e32-4764-b476-b6f9b3cc5cd7,0.24267030003356108,0.6,1.0,0.24011386981116287,0.2,0.13396258547827183,0.29306867008666404,0.0,3.0,3.0,1
200dc903-f96f-4e88-b388-2f11f16c01c4,b1ef27f4-c212-4d80-95b3-1ccfcccee40b,0.24267030003356108,0.6,1.0,0.24011386981116287,1.0,0.273179116013828,0.9075422104826739,1.0,4.0,2.0,0
200dc903-f96f-4e88-b388-2f11f16c01c4,42438319-d9cd-4491-91c4-7e8df4051b62,0.24267030003356108,0.6,1.0,0.24011386981116287,0.2,0.6023180626659986,0.9806347370894578,0.0,4.0,1.0,0
200dc903-f96f-4e88-b388-2f11f16c01c4,6670ddb8-85fa-45e6-9af6-91adbac350a8,0.24267030003356108,0.6,1.0,0.24011386981116287,1.0,0.5273671033049591,0.12936862090556023,0.0,2.0,6.0,1
c32f062f-2ace-48ae-8575-d3da9af4c174,fc4acfb5-647c-49b2-9c8c-e8b0e4b17239,0.5337519619762544,1.0,5.0,0.24550366378294763,0.6,0.9661698956227394,0.22641288621518874,0.0,4.0,0.0,1
c32f062f-2ace-48ae-8575-d3da9af4c174,9f7ae8c9-dc90-4236-adb6-2109245d9021,0.5337519619762544,1.0,5.0,0.24550366378294763,0.6,0.8963101399292399,0.12506351553810924,0.0,3.0,4.0,1
c32f062f-2ace-48ae-8575-d3da9af4c174,8ab6ed8b-51d4-454f-85f3-3f6b976bb994,0.5337519619762544,1.0,5.0,0.24550366378294763,1.0,0.28732703598303644,0.30524872168293893,0.3,5.0,0.0,0
c32f062f-2ace-48ae-8575-d3da9af4c174,90b5993b-1b5d-4363-8738-1f1566b34091,0.5337519619762544,1.0,5.0,0.24550366378294763,0.2,0.20193175818065728,0.8491249460757495,1.0,4.0,1.0,1
c32f062f-2ace-48ae-8575-d3da9af4c174,8ed783a1-387d-4717-b5f7-15de4d9164c0,0.5337519619762544,1.0,5.0,0.24550366378294763,1.0,0.6957695377284588,0.9476351583956032,0.0,4.0,5.0,0
c32f062f-2ace-48ae-8575-d3da9af4c174,e2cc89a7-6e52-40e3-8411-87a3295c8a0e,0.5337519619762544,1.0,5.0,0.24550366378294763,0.2,0.3237254478661281,0.030381800897473776,0.3,3.0,2.0,0
c32f062f-2ace-48ae-8575-d3da9af4c174,33aa1631-5d42-4228-84c3-639ac72cf903,0.5337519619762544,1.0,5.0,0.24550366378294763,1.0,0.20605411083785363,0.7031088164784068,0.3,0.0,2.0,0
c32f062f-2ace-48ae-8575-d3da9af4c174,92da4efc-92e2-4b63-a697-25a464242c2d,0.5337519619762544,1.0,5.0,0.24550366378294763,1.0,0.6595170148426077,0.9265692444764961,1.0,2.0,5.0,0
c32f062f-2ace-48ae-8575-d3da9af4c174,90b5993b-1b5d-4363-8738-1f1566b34091,0.5337519619762544,1.0,5.0,0.24550366378294763,0.2,0.20193175818065728,0.8491249460757495,1.0,4.0,3.0,0
c32f062f-2ace-48ae-8575-d3da9af4c174,667e3056-15dd-4db1-8e1b-b615cf4a3827,0.5337519619762544,1.0,5.0,0.24550366378294763,0.6,0.15606825708589728,0.7606037779959967,0.0,3.0,5.0,0
c32f062f-2ace-48ae-8575-d3da9af4c174,6a40cbad-655b-4606-9b92-d053c779e9a1,0.5337519619762544,1.0,5.0,0.24550366378294763,0.2,0.7251468800412657,0.941344002350994,0.0,0.0,3.0,1
c32f062f-2ace-48ae-8575-d3da9af4c174,d05c6a73-7fda-4aba-88c3-900cedb6b9a6,0.5337519619762544,1.0,5.0,0.24550366378294763,0.6,0.37465691625557584,0.04502897108590176,0.0,1.0,4.0,1
c32f062f-2ace-48ae-8575-d3da9af4c174,72e21539-04f0-470f-b69d-9a418f7ff37b,0.5337519619762544,1.0,5.0,0.24550366378294763,0.2,0.6144010067276086,0.8682015664155024,0.6,0.0,0.0,1
c32f062f-2ace-48ae-8575-d3da9af4c174,172d7aba-b1e9-40bf-b1cb-cf4e91d5184a,0.5337519619762544,1.0,5.0,0.24550366378294763,1.0,0.8526659690466724,0.6328103281975677,0.6,3.0,1.0,0
c32f062f-2ace-48ae-8575-d3da9af4c174,c0fc8404-31a2-4e51-8d19-2dec5d8f3a52,0.5337519619762544,1.0,5.0,0.24550366378294763,1.0,0.7233296207802987,0.9797696833559353,1.0,0.0,2.0,0
c32f062f-2ace-48ae-8575-d3da9af4c174,8155e67e-e6b6-4564-9fbc-a422dfbb4728,0.5337519619762544,1.0,5.0,0.24550366378294763,0.2,0.3282195111753295,0.7588859461800079,0.0,4.0,2.0,1
c32f062f-2ace-48ae-8575-d3da9af4c174,686e3aa2-fafa-49b8-ae04-90315babb1d4,0.5337519619762544,1.0,5.0,0.24550366378294763,0.2,0.2485402182633587,0.3567460645487345,1.0,1.0,2.0,1
c32f062f-2ace-48ae-8575-d3da9af4c174,042f11d0-6ddd-4561-8c2c-5e00545a621e,0.5337519619762544,1.0,5.0,0.24550366378294763,1.0,0.7872798003899497,0.9285445017428434,0.6,4.0,4.0,0
c32f062f-2ace-48ae-8575-d3da9af4c174,2fd06511-a2df-41a4-b9b8-72ad25edbef7,0.5337519619762544,1.0,5.0,0.24550366378294763,1.0,0.8121414643536927,0.9186858244934103,0.3,5.0,5.0,0
c32f062f-2ace-48ae-8575-d3da9af4c174,686e3aa2-fafa-49b8-ae04-90315babb1d4,0.5337519619762544,1.0,5.0,0.24550366378294763,0.2,0.2485402182633587,0.3567460645487345,1.0,4.0,5.0,1
c32f062f-2ace-48ae-8575-d3da9af4c174,663e97bc-95a7-41b9-9e8e-0aaa991d7522,0.5337519619762544,1.0,5.0,0.24550366378294763,0.2,0.45979536292483636,0.25030114523410607,1.0,1.0,1.0,0
c32f062f-2ace-48ae-8575-d3da9af4c174,92da4efc-92e2-4b63-a697-25a464242c2d,0.5337519619762544,1.0,5.0,0.24550366378294763,1.0,0.6595170148426077,0.9265692444764961,1.0,2.0,5.0,0
c32f062f-2ace-48ae-8575-d3da9af4c174,4a47a28f-ebfe-4e2c-b5a5-219b771c2344,0.5337519619762544,1.0,5.0,0.24550366378294763,1.0,0.886582543106834,0.6746693780314743,0.3,3.0,2.0,0
c32f062f-2ace-48ae-8575-d3da9af4c174,f02458a6-6ff7-47a1-8e01-b8ff21f7812d,0.5337519619762544,1.0,5.0,0.24550366378294763,0.2,0.336680938116936,0.2620493339390677,0.6,0.0,2.0,0
c32f062f-2ace-48ae-8575-d3da9af4c174,1975da03-cf78-4c90-a916-3660a489f0dc,0.5337519619762544,1.0,5.0,0.24550366378294763,0.6,0.4213481052285838,0.6693330773357604,0.6,5.0,0.0,1
c32f062f-2ace-48ae-8575-d3da9af4c174,89df2650-7e95-4104-8f42-5cb62ffb481a,0.5337519619762544,1.0,5.0,0.24550366378294763,0.2,0.29630278019401196,0.3424606722909498,0.0,4.0,5.0,0
c32f062f-2ace-48ae-8575-d3da9af4c174,153d2d46-4437-4840-90a1-e5308394b291,0.5337519619762544,1.0,5.0,0.24550366378294763,0.6,0.8859430875649702,0.004809331333315514,0.6,2.0,4.0,0
c32f062f-2ace-48ae-8575-d3da9af4c174,f4511c0e-1907-4564-85be-6208646f9403,0.5337519619762544,1.0,5.0,0.24550366378294763,0.6,0.9737144331912416,0.8489993802384885,0.3,4.0,1.0,1
c32f062f-2ace-48ae-8575-d3da9af4c174,225af4bb-7dea-491a-b6ce-984e91ad99bf,0.5337519619762544,1.0,5.0,0.24550366378294763,0.2,0.954287099322196,0.3931698082459284,0.3,2.0,4.0,0
c32f062f-2ace-48ae-8575-d3da9af4c174,3ddfda87-b4e3-4c16-8683-a4523f15acf2,0.5337519619762544,1.0,5.0,0.24550366378294763,1.0,0.9807055615364045,0.6381156208224877,0.3,2.0,4.0,0
c32f062f-2ace-48ae-8575-d3da9af4c174,775861d5-545e-4ddf-b332-3aabb9bd0e76,0.5337519619762544,1.0,5.0,0.24550366378294763,1.0,0.8513642364331833,0.05300666587800451,0.6,5.0,6.0,0
c32f062f-2ace-48ae-8575-d3da9af4c174,50485b49-6f87-4fbb-a6d8-cc894f5ad343,0.5337519619762544,1.0,5.0,0.24550366378294763,0.2,0.489665412099198,0.42118413108785735,0.3,1.0,0.0,0
c32f062f-2ace-48ae-8575-d3da9af4c174,34aadaae-a82c-41a6-b6ac-2ab4f11a8047,0.5337519619762544,1.0,5.0,0.24550366378294763,0.2,0.11867463394112543,0.26611592959755015,0.6,4.0,1.0,0
c32f062f-2ace-48ae-8575-d3da9af4c174,bf54fdb0-6d82-479e-a9d5-78fc64767a17,0.5337519619762544,1.0,5.0,0.24550366378294763,0.2,0.17614837616217327,0.6505421545039386,1.0,2.0,0.0,1
c32f062f-2ace-48ae-8575-d3da9af4c174,6cef895f-06aa-4942-bedd-72fff31eb379,0.5337519619762544,1.0,5.0,0.24550366378294763,0.2,0.8773089936408774,0.6446474280251517,1.0,3.0,3.0,1
c32f062f-2ace-48ae-8575-d3da9af4c174,e4db18b0-d91a-4fe4-b05f-eda25f38ea0d,0.5337519619762544,1.0,5.0,0.24550366378294763,0.2,0.5776591949487476,0.19019373944895102,0.3,0.0,1.0,1
c32f062f-2ace-48ae-8575-d3da9af4c174,c5beb2bc-7876-4318-b66a-dab1f0815f72,0.5337519619762544,1.0,5.0,0.24550366378294763,0.6,0.40881718791361676,0.5939586390142232,0.0,5.0,3.0,0
c32f062f-2ace-48ae-8575-d3da9af4c174,a38cc35a-c8b1-493c-ad3e-67dba34f85e7,0.5337519619762544,1.0,5.0,0.24550366378294763,0.6,0.41036269496507194,0.08761541400278205,0.0,4.0,0.0,0
c32f062f-2ace-48ae-8575-d3da9af4c174,768074f2-fa60-4a87-b7e9-0fe45c042ba8,0.5337519619762544,1.0,5.0,0.24550366378294763,0.6,0.44816631031351084,0.885378023796285,0.0,5.0,6.0,1
c32f062f-2ace-48ae-8575-d3da9af4c174,5e05eec7-1e62-4d54-96f8-a536e832863a,0.5337519619762544,1.0,5.0,0.24550366378294763,0.2,0.99982637880827,0.7415351340320897,0.0,4.0,3.0,0
ec6c091e-8f64-41fe-af7d-125190a68e42,fccbd80d-e8cc-4cf0-adb9-85c0aa640f7f,0.5554799478953929,0.2,2.0,0.6760280851600222,1.0,0.7950919292205237,0.850748587791265,0.0,4.0,3.0,1
ec6c091e-8f64-41fe-af7d-125190a68e42,85ca56ac-d00f-4985-9a10-09bdbdcf0764,0.5554799478953929,0.2,2.0,0.6760280851600222,1.0,0.7672921606674585,0.4762417440869502,0.3,3.0,6.0,0
ec6c091e-8f64-41fe-af7d-125190a68e42,b67ddff0-7385-4797-a300-4a5924cf13c8,0.5554799478953929,0.2,2.0,0.6760280851600222,1.0,0.3295857149138473,0.12338020427621188,1.0,4.0,4.0,0
ec6c091e-8f64-41fe-af7d-125190a68e42,8a2b6b58-3f67-4179-b80b-643dade73512,0.5554799478953929,0.2,2.0,0.6760280851600222,0.6,0.31611651735255464,0.7525389528715243,1.0,3.0,2.0,0
ec6c091e-8f64-41fe-af7d-125190a68e42,1b648ad6-0817-4f80-a7aa-9a94a583454e,0.5554799478953929,0.2,2.0,0.6760280851600222,1.0,0.9167464792916038,0.10114468166917334,0.0,1.0,3.0,1
ec6c091e-8f64-41fe-af7d-125190a68e42,020ff159-4271-4aa5-87f3-9295346f6563,0.5554799478953929,0.2,2.0,0.6760280851600222,0.6,0.31530071999913584,0.1616253953204818,0.0,2.0,0.0,0
ec6c091e-8f64-41fe-af7d-125190a68e42,3fb0a35d-d0bf-4534-9f63-995064c4e8af,0.5554799478953929,0.2,2.0,0.6760280851600222,0.2,0.4877773325800844,0.17627426660923395,0.3,0.0,4.0,1
ec6c091e-8f64-41fe-af7d-125190a68e42,9ba51c49-9d6a-423a-905e-593237ec3ec2,0.5554799478953929,0.2,2.0,0.6760280851600222,0.2,0.5056427924137512,0.14164644156570538,1.0,3.0,0.0,1
ec6c091e-8f64-41fe-af7d-125190a68e42,b306c2e8-e14e-48ab-ba50-0a1e2c26a1c9,0.5554799478953929,0.2,2.0,0.6760280851600222,0.2,0.3501289126422822,0.7428895955658196,0.3,5.0,0.0,0
ec6c091e-8f64-41fe-af7d-125190a68e42,773cb37f-03e9-462d-9f7c-bb397a470391,0.5554799478953929,0.2,2.0,0.6760280851600222,1.0,0.138085119243381,0.17870489763614517,0.6,4.0,5.0,1
ec6c091e-8f64-41fe-af7d-125190a68e42,4df06409-5880-4fd2-840e-02e90385cc4e,0.5554799478953929,0.2,2.0,0.6760280851600222,1.0,0.19470747542775022,0.6843276576228667,0.0,0.0,0.0,0
ec6c091e-8f64-41fe-af7d-125190a68e42,18c8f5c0-62d6-4353-8121-04a82ac26ed8,0.5554799478953929,0.2,2.0,0.6760280851600222,1.0,0.14611128000847454,0.5869443165834576,0.3,5.0,5.0,0
ec6c091e-8f64-41fe-af7d-125190a68e42,d1505a61-3c3b-4c86-a8ae-c4ab1a296525,0.5554799478953929,0.2,2.0,0.6760280851600222,1.0,0.5383907575441277,0.2096336099684688,0.6,3.0,6.0,1
ec6c091e-8f64-41fe-af7d-125190a68e42,7c786351-37ac-47a2-9542-40b90f3efee8,0.5554799478953929,0.2,2.0,0.6760280851600222,0.6,0.6561708102091133,0.18646349182808575,0.3,2.0,0.0,1
ec6c091e-8f64-41fe-af7d-125190a68e42,059f7915-4179-4fab-ab9a-979f2ce6e218,0.5554799478953929,0.2,2.0,0.6760280851600222,1.0,0.9507761192432672,0.14440395180459542,0.6,5.0,4.0,1
ec6c091e-8f64-41fe-af7d-125190a68e42,a38cc35a-c8b1-493c-ad3e-67dba34f85e7,0.5554799478953929,0.2,2.0,0.6760280851600222,0.6,0.41036269496507194,0.08761541400278205,0.0,5.0,1.0,0
ec6c091e-8f64-41fe-af7d-125190a68e42,85ca56ac-d00f-4985-9a10-09bdbdcf0764,0.5554799478953929,0.2,2.0,0.6760280851600222,1.0,0.7672921606674585,0.4762417440869502,0.3,4.0,0.0,0
ec6c091e-8f64-41fe-af7d-125190a68e42,7c786351-37ac-47a2-9542-40b90f3efee8,0.5554799478953929,0.2,2.0,0.6760280851600222,0.6,0.6561708102091133,0.18646349182808575,0.3,0.0,1.0,1
ec6c091e-8f64-41fe-af7d-125190a68e42,2e56c0c7-a2d4-4606-8362-ead47ba989cf,0.5554799478953929,0.2,2.0,0.6760280851600222,1.0,0.9838404823093492,0.5555768002260758,0.0,0.0,1.0,1
ec6c091e-8f64-41fe-af7d-125190a68e42,382dc6cd-e931-4c06-8335-e8acc1df4c50,0.5554799478953929,0.2,2.0,0.6760280851600222,0.2,0.558623921637297,0.1308595947819554,1.0,5.0,4.0,1
ec6c091e-8f64-41fe-af7d-125190a68e42,19d3638b-3623-485e-a7a3-bed4ec53eb28,0.5554799478953929,0.2,2.0,0.6760280851600222,0.2,0.22255292506683805,0.2999183439789205,0.0,2.0,2.0,1
ec6c091e-8f64-41fe-af7d-125190a68e42,ce563c1b-e3b8-441d-8833-a4b1974ef8ad,0.5554799478953929,0.2,2.0,0.6760280851600222,0.2,0.2484209913313706,0.8711314111441384,0.6,4.0,6.0,1
ec6c091e-8f64-41fe-af7d-125190a68e42,dba04d24-2e37-4c46-ae54-9c34510dff1f,0.5554799478953929,0.2,2.0,0.6760280851600222,1.0,0.8419986133538263,0.7052929283686935,0.0,0.0,0.0,1
ec6c091e-8f64-41fe-af7d-125190a68e42,29943de0-bf3c-49cd-84da-43ca10216d5a,0.5554799478953929,0.2,2.0,0.6760280851600222,1.0,0.24742902261843305,0.882207830248756,0.0,1.0,2.0,0
ec6c091e-8f64-41fe-af7d-125190a68e42,43b70bae-10ef-4dc3-9f9b-b39a1eacb2d1,0.5554799478953929,0.2,2.0,0.6760280851600222,1.0,0.6227481543871835,0.008705213531018718,1.0,0.0,1.0,0
ec6c091e-8f64-41fe-af7d-125190a68e42,1e9ac78a-0ad3-4758-94d2-679a7c60a672,0.5554799478953929,0.2,2.0,0.6760280851600222,0.6,0.1486437037821284,0.8157193928134632,0.6,2.0,6.0,0
ec6c091e-8f64-41fe-af7d-125190a68e42,8a2b6b58-3f67-4179-b80b-643dade73512,0.5554799478953929,0.2,2.0,0.6760280851600222,0.6,0.31611651735255464,0.7525389528715243,1.0,5.0,6.0,1
ec6c091e-8f64-41fe-af7d-125190a68e42,a32c33b9-2ae0-4565-b4cd-8c363bd2dbb1,0.5554799478953929,0.2,2.0,0.6760280851600222,0.6,0.4675427346881219,0.5919389716094521,0.3,5.0,2.0,1
ec6c091e-8f64-41fe-af7d-125190a68e42,7b512031-30a6-4d3c-8e53-4acf4b15efd9,0.5554799478953929,0.2,2.0,0.6760280851600222,0.6,0.20961141822392887,0.22555703805048077,1.0,3.0,1.0,1
ec6c091e-8f64-41fe-af7d-125190a68e42,6bc2f168-7233-41b6-b378-1e91e4060318,0.5554799478953929,0.2,2.0,0.6760280851600222,0.6,0.8903489988595626,0.4493952204847722,0.6,1.0,2.0,1
ec6c091e-8f64-41fe-af7d-125190a68e42,4b297a66-3334-402c-af3b-f9ee2b621b0b,0.5554799478953929,0.2,2.0,0.6760280851600222,0.2,0.16180119098371584,0.2582859429792861,0.0,3.0,2.0,1
ec6c091e-8f64-41fe-af7d-125190a68e42,90e0e36e-2a3f-4349-b92f-d283a363e309,0.5554799478953929,0.2,2.0,0.6760280851600222,0.6,0.37903438078382046,0.7659731746919894,0.6,3.0,6.0,0
ec6c091e-8f64-41fe-af7d-125190a68e42,31a8a011-26d9-417f-9acd-2dc1aa620cb1,0.5554799478953929,0.2,2.0,0.6760280851600222,0.6,0.8578772412513512,0.31368145278296056,0.6,4.0,3.0,0
ec6c091e-8f64-41fe-af7d-125190a68e42,fda140a2-2654-463e-a825-e101e2f7921b,0.5554799478953929,0.2,2.0,0.6760280851600222,0.2,0.3998020556294877,0.9744658783076392,0.0,2.0,5.0,0
ec6c091e-8f64-41fe-af7d-125190a68e42,8d5761d4-efd9-4f9b-a561-e385778a1505,0.5554799478953929,0.2,2.0,0.6760280851600222,0.2,0.5667301021003356,0.19240837052962323,0.3,2.0,5.0,1
ec6c091e-8f64-41fe-af7d-125190a68e42,ae260348-9d86-49fc-b010-b38655f0aa4c,0.5554799478953929,0.2,2.0,0.6760280851600222,0.6,0.6156726777562007,0.7631540220976764,0.3,0.0,4.0,1
ec6c091e-8f64-41fe-af7d-125190a68e42,dd23fd07-88e1-462e-bc3b-00e51b7428ff,0.5554799478953929,0.2,2.0,0.6760280851600222,0.2,0.9167390499607783,0.453942637731402,1.0,2.0,0.0,1
ec6c091e-8f64-41fe-af7d-125190a68e42,8c822518-d0dc-460d-93c7-d9d033a078ba,0.5554799478953929,0.2,2.0,0.6760280851600222,1.0,0.5475099359609544,0.9553256935848943,1.0,3.0,1.0,0
ec6c091e-8f64-41fe-af7d-125190a68e42,a86f1d29-fc0a-43b2-a5f5-1c81ea61e113,0.5554799478953929,0.2,2.0,0.6760280851600222,0.2,0.5459412758711781,0.9929580634194145,0.6,3.0,5.0,1
ec6c091e-8f64-41fe-af7d-125190a68e42,ff0af660-6a5f-4fd7-b2e1-c43344816514,0.5554799478953929,0.2,2.0,0.6760280851600222,1.0,0.5024161230527904,0.7433967816161681,0.3,5.0,2.0,1
875b52d0-34e1-4ea5-bd1e-c078234e3c90,10fa412c-7efe-46f7-89b0-c6aa11d87532,0.6726487875228631,0.2,12.0,0.2959092911576994,1.0,0.911960789245008,0.6298188715387788,0.3,3.0,2.0,0
875b52d0-34e1-4ea5-bd1e-c078234e3c90,8c822518-d0dc-460d-93c7-d9d033a078ba,0.6726487875228631,0.2,12.0,0.2959092911576994,1.0,0.5475099359609544,0.9553256935848943,1.0,2.0,2.0,0
875b52d0-34e1-4ea5-bd1e-c078234e3c90,bc2b645f-2327-4ce9-a2d2-c4dfb4c037a4,0.6726487875228631,0.2,12.0,0.2959092911576994,0.6,0.565732669170513,0.9898859782322003,1.0,3.0,6.0,0
875b52d0-34e1-4ea5-bd1e-c078234e3c90,fda140a2-2654-463e-a825-e101e2f7921b,0.6726487875228631,0.2,12.0,0.2959092911576994,0.2,0.3998020556294877,0.9744658783076392,0.0,5.0,3.0,1
875b52d0-34e1-4ea5-bd1e-c078234e3c90,e02821d5-6c11-48d3-9e5a-ab797cf10dfd,0.6726487875228631,0.2,12.0,0.2959092911576994,0.2,0.30278131508958317,0.8518530351666224,0.6,4.0,2.0,1
875b52d0-34e1-4ea5-bd1e-c078234e3c90,06f5b296-916f-4c42-aec7-d6f62bba9d9b,0.6726487875228631,0.2,12.0,0.2959092911576994,0.2,0.3223108679637023,0.4183220717622109,1.0,1.0,6.0,0
875b52d0-34e1-4ea5-bd1e-c078234e3c90,d96815d9-4db7-48f0-85a0-eddc3b7b916f,0.6726487875228631,0.2,12.0,0.2959092911576994,0.6,0.4536278778772145,0.0754688004112799,1.0,3.0,3.0,0
875b52d0-34e1-4ea5-bd1e-c078234e3c90,5145c478-0b39-4ab7-a906-e1b9735ba3ce,0.6726487875228631,0.2,12.0,0.2959092911576994,0.6,0.8786936977058606,0.9587100682359623,1.0,4.0,0.0,1
875b52d0-34e1-4ea5-bd1e-c078234e3c90,be7b953b-bf68-42e7-957e-b6f8f29af69d,0.6726487875228631,0.2,12.0,0.2959092911576994,1.0,0.6945243897343877,0.4669732371344246,1.0,4.0,5.0,1
875b52d0-34e1-4ea5-bd1e-c078234e3c90,06deada8-30c5-413b-9c3c-714dac3f16dc,0.6726487875228631,0.2,12.0,0.2959092911576994,1.0,0.35763710304451657,0.8208832504363414,1.0,1.0,1.0,0
875b52d0-34e1-4ea5-bd1e-c078234e3c90,c777c23f-b2f3-4f1d-bbea-1e7286fac786,0.6726487875228631,0.2,12.0,0.2959092911576994,0.2,0.9597491309827612,0.04607692524933382,0.0,0.0,2.0,1
875b52d0-34e1-4ea5-bd1e-c078234e3c90,dbb00897-88a6-4e66-bf2b-d540c730bdb9,0.6726487875228631,0.2,12.0,0.2959092911576994,0.6,0.9518329178984374,0.4047620165937216,0.0,3.0,3.0,1
875b52d0-34e1-4ea5-bd1e-c078234e3c90,5ac7df38-e13e-4ddf-ac1d-8bd8825c2903,0.6726487875228631,0.2,12.0,0.2959092911576994,0.2,0.5606417702241059,0.9155246766150124,0.0,1.0,1.0,1
875b52d0-34e1-4ea5-bd1e-c078234e3c90,230352f2-770a-46c0-abe4-d7625139ab5e,0.6726487875228631,0.2,12.0,0.2959092911576994,0.2,0.6004574087726475,0.5930492421524886,0.0,1.0,3.0,1
875b52d0-34e1-4ea5-bd1e-c078234e3c90,1e7d8873-b56a-4886-a1ad-5de73c350f8e,0.6726487875228631,0.2,12.0,0.2959092911576994,0.6,0.39376459292746124,0.062329554128436215,0.6,2.0,0.0,1
875b52d0-34e1-4ea5-bd1e-c078234e3c90,773cb37f-03e9-462d-9f7c-bb397a470391,0.6726487875228631,0.2,12.0,0.2959092911576994,1.0,0.138085119243381,0.17870489763614517,0.6,4.0,5.0,1
875b52d0-34e1-4ea5-bd1e-c078234e3c90,773cb37f-03e9-462d-9f7c-bb397a470391,0.6726487875228631,0.2,12.0,0.2959092911576994,1.0,0.138085119243381,0.17870489763614517,0.6,5.0,3.0,0
875b52d0-34e1-4ea5-bd1e-c078234e3c90,4df46fb7-f407-42f6-a653-9d8438903f61,0.6726487875228631,0.2,12.0,0.2959092911576994,1.0,0.9723558352169928,0.2356344975085155,1.0,3.0,1.0,0
875b52d0-34e1-4ea5-bd1e-c078234e3c90,c0fc8404-31a2-4e51-8d19-2dec5d8f3a52,0.6726487875228631,0.2,12.0,0.2959092911576994,1.0,0.7233296207802987,0.9797696833559353,1.0,2.0,2.0,0
875b52d0-34e1-4ea5-bd1e-c078234e3c90,b85c5447-3934-4a5f-a2ea-5cf406ba1386,0.6726487875228631,0.2,12.0,0.2959092911576994,0.2,0.7359215878835874,0.20471404262800852,1.0,4.0,3.0,1
875b52d0-34e1-4ea5-bd1e-c078234e3c90,9d28a4ed-19ea-45ff-8c87-cd755a39633c,0.6726487875228631,0.2,12.0,0.2959092911576994,1.0,0.9699569764835101,0.3864034459374597,1.0,1.0,4.0,1
875b52d0-34e1-4ea5-bd1e-c078234e3c90,7d8ed681-553e-4f86-8328-93bdf476bee2,0.6726487875228631,0.2,12.0,0.2959092911576994,0.6,0.8243337011258274,0.4855544869796419,1.0,2.0,4.0,0
875b52d0-34e1-4ea5-bd1e-c078234e3c90,61ae4cd0-4feb-4315-9993-55959a8ab125,0.6726487875228631,0.2,12.0,0.2959092911576994,0.6,0.5247340762216478,0.34315624408831924,0.0,0.0,5.0,0
875b52d0-34e1-4ea5-bd1e-c078234e3c90,a17bf541-effa-44fe-bb93-e99cb560a113,0.6726487875228631,0.2,12.0,0.2959092911576994,0.6,0.6843407970867683,0.1004271940167254,0.6,1.0,2.0,1
875b52d0-34e1-4ea5-bd1e-c078234e3c90,ad90952f-caf0-425d-8039-7263f702df91,0.6726487875228631,0.2,12.0,0.2959092911576994,0.2,0.9254823202465832,0.36840241779614114,0.0,3.0,1.0,1
875b52d0-34e1-4ea5-bd1e-c078234e3c90,cd43d020-95b3-4fce-8795-f8fd1c5756af,0.6726487875228631,0.2,12.0,0.2959092911576994,0.6,0.5573941486973442,0.11632937988922598,0.3,0.0,2.0,1
875b52d0-34e1-4ea5-bd1e-c078234e3c90,a8daf424-06ed-42c5-99ea-74a1e01591a9,0.6726487875228631,0.2,12.0,0.2959092911576994,0.6,0.6995840419204985,0.5852213104701965,0.0,3.0,5.0,1
875b52d0-34e1-4ea5-bd1e-c078234e3c90,d1505a61-3c3b-4c86-a8ae-c4ab1a296525,0.6726487875228631,0.2,12.0,0.2959092911576994,1.0,0.5383907575441277,0.2096336099684688,0.6,2.0,5.0,0
875b52d0-34e1-4ea5-bd1e-c078234e3c90,04b630df-e955-44a2-ba81-7807bb8bbf0e,0.6726487875228631,0.2,12.0,0.2959092911576994,0.6,0.26969467315661044,0.7945253868283686,1.0,0.0,1.0,0
875b52d0-34e1-4ea5-bd1e-c078234e3c90,3ddfda87-b4e3-4c16-8683-a4523f15acf2,0.6726487875228631,0.2,12.0,0.2959092911576994,1.0,0.9807055615364045,0.6381156208224877,0.3,5.0,3.0,0
875b52d0-34e1-4ea5-bd1e-c078234e3c90,5145c478-0b39-4ab7-a906-e1b9735ba3ce,0.6726487875228631,0.2,12.0,0.2959092911576994,0.6,0.8786936977058606,0.9587100682359623,1.0,3.0,6.0,0
875b52d0-34e1-4ea5-bd1e-c078234e3c90,1f1d5ce2-33eb-44b8-b139-1507fb4718cc,0.6726487875228631,0.2,12.0,0.2959092911576994,1.0,0.5291681488699617,0.6223076451667475,0.0,4.0,6.0,0
875b52d0-34e1-4ea5-bd1e-c078234e3c90,042f11d0-6ddd-4561-8c2c-5e00545a621e,0.6726487875228631,0.2,12.0,0.2959092911576994,1.0,0.7872798003899497,0.9285445017428434,0.6,3.0,5.0,0
875b52d0-34e1-4ea5-bd1e-c078234e3c90,15b5cdd7-9aed-490f-9cb8-4f9a900eb398,0.6726487875228631,0.2,12.0,0.2959092911576994,0.2,0.17789822129463906,0.6431782959777482,0.0,0.0,6.0,1
875b52d0-34e1-4ea5-bd1e-c078234e3c90,3ddfda87-b4e3-4c16-8683-a4523f15acf2,0.6726487875228631,0.2,12.0,0.2959092911576994,1.0,0.9807055615364045,0.6381156208224877,0.3,5.0,0.0,0
875b52d0-34e1-4ea5-bd1e-c078234e3c90,4923fb26-e583-4c24-ac52-8838a0ed3a98,0.6726487875228631,0.2,12.0,0.2959092911576994,1.0,0.553388277838538,0.7019544741283528,1.0,1.0,4.0,0
875b52d0-34e1-4ea5-bd1e-c078234e3c90,06497e85-86a1-47f4-bbdd-a5f778924253,0.6726487875228631,0.2,12.0,0.2959092911576994,0.2,0.19052222599951962,0.20137632619118384,0.3,3.0,0.0,1
875b52d0-34e1-4ea5-bd1e-c078234e3c90,90b5993b-1b5d-4363-8738-1f1566b34091,0.6726487875228631,0.2,12.0,0.2959092911576994,0.2,0.20193175818065728,0.8491249460757495,1.0,3.0,2.0,0
875b52d0-34e1-4ea5-bd1e-c078234e3c90,9f7ae8c9-dc90-4236-adb6-2109245d9021,0.6726487875228631,0.2,12.0,0.2959092911576994,0.6,0.8963101399292399,0.12506351553810924,0.0,2.0,3.0,1
875b52d0-34e1-4ea5-bd1e-c078234e3c90,99eca1c6-c6f2-4d74-a551-b71f85fad723,0.6726487875228631,0.2,12.0,0.2959092911576994,1.0,0.37557872113137425,0.6908530230033296,0.0,4.0,2.0,0
1d10257d-9104-468d-b3a6-e1df74fde184,5b598b97-310b-48b1-a31c-086e59102b7b,0.8232011198906062,0.2,18.0,0.675615322826753,0.2,0.7003193052156396,0.8859898883469448,0.0,3.0,2.0,1
1d10257d-9104-468d-b3a6-e1df74fde184,dfb0809f-a08c-4519-85d0-1f790e6cd5d9,0.8232011198906062,0.2,18.0,0.675615322826753,1.0,0.12996439027292325,0.8581884567519729,1.0,2.0,5.0,0
1d10257d-9104-468d-b3a6-e1df74fde184,122cf437-7436-42ed-ba9f-fd1238cad94f,0.8232011198906062,0.2,18.0,0.675615322826753,0.6,0.7296624097080157,0.24684751428984442,0.6,1.0,0.0,1
1d10257d-9104-468d-b3a6-e1df74fde184,ef4564ad-37cb-422e-9258-c0dd09e686d8,0.8232011198906062,0.2,18.0,0.675615322826753,0.6,0.7134305197216956,0.4952020834976343,0.0,5.0,3.0,1
1d10257d-9104-468d-b3a6-e1df74fde184,8d3c9344-6c45-43f7-a583-eb49f1bd7c4b,0.8232011198906062,0.2,18.0,0.675615322826753,1.0,0.32697303710818776,0.18910296519857916,0.6,5.0,4.0,0
1d10257d-9104-468d-b3a6-e1df74fde184,172d7aba-b1e9-40bf-b1cb-cf4e91d5184a,0.8232011198906062,0.2,18.0,0.675615322826753,1.0,0.8526659690466724,0.6328103281975677,0.6,4.0,3.0,0
1d10257d-9104-468d-b3a6-e1df74fde184,547da744-4911-48fa-9b2f-1b550cf8ac17,0.8232011198906062,0.2,18.0,0.675615322826753,1.0,0.45632620168229077,0.11858678619598295,1.0,1.0,4.0,0
1d10257d-9104-468d-b3a6-e1df74fde184,85a991a1-00c2-4f3b-a2f1-2edd3ed3c13b,0.8232011198906062,0.2,18.0,0.675615322826753,0.6,0.885115810475927,0.053316349790826556,0.3,3.0,4.0,1
1d10257d-9104-468d-b3a6-e1df74fde184,6194ece5-783c-4da7-bdc5-d5536c904afd,0.8232011198906062,0.2,18.0,0.675615322826753,0.6,0.6048572623235224,0.928472011746639,0.3,3.0,3.0,0
1d10257d-9104-468d-b3a6-e1df74fde184,7d674302-c495-4faa-b60b-2f991e7f10b1,0.8232011198906062,0.2,18.0,0.675615322826753,0.6,0.6945598719886059,0.6688730857607941,1.0,5.0,5.0,1
1d10257d-9104-468d-b3a6-e1df74fde184,cf67b867-661f-4761-aa9e-bd64b50cabad,0.8232011198906062,0.2,18.0,0.675615322826753,0.6,0.9775452477834666,0.8291857681957223,0.6,0.0,6.0,1
1d10257d-9104-468d-b3a6-e1df74fde184,97ffd70a-47e9-4398-92a1-d66d4e4e7ac9,0.8232011198906062,0.2,18.0,0.675615322826753,1.0,0.4738888800802551,0.7582398953411875,1.0,4.0,4.0,0
1d10257d-9104-468d-b3a6-e1df74fde184,7bf57e1f-8d6e-4525-9822-40fe99cb92db,0.8232011198906062,0.2,18.0,0.675615322826753,0.6,0.646849787279288,0.8371345930324872,0.6,2.0,4.0,0
1d10257d-9104-468d-b3a6-e1df74fde184,5e05eec7-1e62-4d54-96f8-a536e832863a,0.8232011198906062,0.2,18.0,0.675615322826753,0.2,0.99982637880827,0.7415351340320897,0.0,2.0,5.0,1
1d10257d-9104-468d-b3a6-e1df74fde184,e4db18b0-d91a-4fe4-b05f-eda25f38ea0d,0.8232011198906062,0.2,18.0,0.675615322826753,0.2,0.5776591949487476,0.19019373944895102,0.3,5.0,0.0,0
1d10257d-9104-468d-b3a6-e1df74fde184,65c54c61-8bed-4502-891f-54207581973c,0.8232011198906062,0.2,18.0,0.675615322826753,0.6,0.5609694251913983,0.4769640187588726,1.0,2.0,0.0,1
1d10257d-9104-468d-b3a6-e1df74fde184,9f019ca3-6a4d-4f1c-8cfd-4fc983011cd8,0.8232011198906062,0.2,18.0,0.675615322826753,0.6,0.8592879525285462,0.4771610349793223,0.6,5.0,1.0,1
1d10257d-9104-468d-b3a6-e1df74fde184,a38cc35a-c8b1-493c-ad3e-67dba34f85e7,0.8232011198906062,0.2,18.0,0.675615322826753,0.6,0.41036269496507194,0.08761541400278205,0.0,0.0,1.0,0
1d10257d-9104-468d-b3a6-e1df74fde184,f2d9a85b-88a4-4950-96c1-3a460d8c8fab,0.8232011198906062,0.2,18.0,0.675615322826753,1.0,0.3746902350991088,0.34879260140220214,0.3,0.0,4.0,0
1d10257d-9104-468d-b3a6-e1df74fde184,fb36e3d1-7446-45e0-9d41-48f394b60fa9,0.8232011198906062,0.2,18.0,0.675615322826753,0.6,0.6937735815060089,0.32932384475875576,0.0,4.0,3.0,1
1d10257d-9104-468d-b3a6-e1df74fde184,3e875754-69cd-4fee-94a5-57d6da42ef91,0.8232011198906062,0.2,18.0,0.675615322826753,0.2,0.2450411346868676,0.8598019829721676,0.3,3.0,4.0,1
1d10257d-9104-468d-b3a6-e1df74fde184,dbb00897-88a6-4e66-bf2b-d540c730bdb9,0.8232011198906062,0.2,18.0,0.675615322826753,0.6,0.9518329178984374,0.4047620165937216,0.0,3.0,1.0,0
1d10257d-9104-468d-b3a6-e1df74fde184,50485b49-6f87-4fbb-a6d8-cc894f5ad343,0.8232011198906062,0.2,18.0,0.675615322826753,0.2,0.489665412099198,0.42118413108785735,0.3,4.0,5.0,1
1d10257d-9104-468d-b3a6-e1df74fde184,153d2d46-4437-4840-90a1-e5308394b291,0.8232011198906062,0.2,18.0,0.675615322826753,0.6,0.8859430875649702,0.004809331333315514,0.6,0.0,5.0,0
1d10257d-9104-468d-b3a6-e1df74fde184,3feb240a-54de-4548-9d6d-6b68da72c588,0.8232011198906062,0.2,18.0,0.675615322826753,0.6,0.3534939575862086,0.46875086538360267,0.6,4.0,2.0,0
1d10257d-9104-468d-b3a6-e1df74fde184,be9d36c1-5645-43bf-b29e-f59fe75b58fc,0.8232011198906062,0.2,18.0,0.675615322826753,0.2,0.9631836571803765,0.9302866275169228,1.0,2.0,2.0,1
1d10257d-9104-468d-b3a6-e1df74fde184,dd23fd07-88e1-462e-bc3b-00e51b7428ff,0.8232011198906062,0.2,18.0,0.675615322826753,0.2,0.9167390499607783,0.453942637731402,1.0,0.0,1.0,1
1d10257d-9104-468d-b3a6-e1df74fde184,78815b00-b8cf-4b53-9b5c-0a0cc08481cf,0.8232011198906062,0.2,18.0,0.675615322826753,0.6,0.9610158815047943,0.2578843936513069,0.0,4.0,3.0,0
1d10257d-9104-468d-b3a6-e1df74fde184,65c54c61-8bed-4502-891f-54207581973c,0.8232011198906062,0.2,18.0,0.675615322826753,0.6,0.5609694251913983,0.4769640187588726,1.0,4.0,5.0,1
1d10257d-9104-468d-b3a6-e1df74fde184,4a47a28f-ebfe-4e2c-b5a5-219b771c2344,0.8232011198906062,0.2,18.0,0.675615322826753,1.0,0.886582543106834,0.6746693780314743,0.3,1.0,3.0,0
1d10257d-9104-468d-b3a6-e1df74fde184,4df46fb7-f407-42f6-a653-9d8438903f61,0.8232011198906062,0.2,18.0,0.675615322826753,1.0,0.9723558352169928,0.2356344975085155,1.0,3.0,1.0,1
1d10257d-9104-468d-b3a6-e1df74fde184,18d9fc90-579e-4041-988f-c2fa9da7d9f1,0.8232011198906062,0.2,18.0,0.675615322826753,0.2,0.611318917479668,0.23509193379958115,0.3,1.0,6.0,0
1d10257d-9104-468d-b3a6-e1df74fde184,5145c478-0b39-4ab7-a906-e1b9735ba3ce,0.8232011198906062,0.2,18.0,0.675615322826753,0.6,0.8786936977058606,0.9587100682359623,1.0,4.0,3.0,1
1d10257d-9104-468d-b3a6-e1df74fde184,b76881f6-7f27-4c43-8ef9-41162752919f,0.8232011198906062,0.2,18.0,0.675615322826753,1.0,0.440401152269174,0.05205596231391263,0.0,2.0,6.0,1
1d10257d-9104-468d-b3a6-e1df74fde184,a38cc35a-c8b1-493c-ad3e-67dba34f85e7,0.8232011198906062,0.2,18.0,0.675615322826753,0.6,0.41036269496507194,0.08761541400278205,0.0,4.0,4.0,1
1d10257d-9104-468d-b3a6-e1df74fde184,153d2d46-4437-4840-90a1-e5308394b291,0.8232011198906062,0.2,18.0,0.675615322826753,0.6,0.8859430875649702,0.004809331333315514,0.6,3.0,6.0,0
1d10257d-9104-468d-b3a6-e1df74fde184,0b680785-5c4e-4ff3-90da-a95bdb6ddea3,0.8232011198906062,0.2,18.0,0.675615322826753,1.0,0.9476882864447816,0.37902629176285674,0.0,1.0,6.0,1
1d10257d-9104-468d-b3a6-e1df74fde184,88e79e28-8590-4873-baf3-158ade3d3e32,0.8232011198906062,0.2,18.0,0.675615322826753,1.0,0.9148647291612199,0.12864998776038128,0.0,2.0,6.0,1
1d10257d-9104-468d-b3a6-e1df74fde184,a7da2f9e-cfe5-4f9b-a2a9-83b121e1b3a8,0.8232011198906062,0.2,18.0,0.675615322826753,1.0,0.8629090312240775,0.8986309655053686,0.3,3.0,4.0,0
1d10257d-9104-468d-b3a6-e1df74fde184,d72916bd-ef8f-4502-bba8-725c04f85a5f,0.8232011198906062,0.2,18.0,0.675615322826753,0.2,0.854828063402321,0.2603597878713769,0.0,1.0,5.0,1
720298a0-efa0-461a-96bd-6c682a429413,3fb0a35d-d0bf-4534-9f63-995064c4e8af,0.6335670572324721,0.6,18.0,0.6521815390752717,0.2,0.4877773325800844,0.17627426660923395,0.3,0.0,4.0,1
720298a0-efa0-461a-96bd-6c682a429413,bc2b645f-2327-4ce9-a2d2-c4dfb4c037a4,0.6335670572324721,0.6,18.0,0.6521815390752717,0.6,0.565732669170513,0.9898859782322003,1.0,2.0,4.0,0
720298a0-efa0-461a-96bd-6c682a429413,773cb37f-03e9-462d-9f7c-bb397a470391,0.6335670572324721,0.6,18.0,0.6521815390752717,1.0,0.138085119243381,0.17870489763614517,0.6,5.0,0.0,1
720298a0-efa0-461a-96bd-6c682a429413,3e875754-69cd-4fee-94a5-57d6da42ef91,0.6335670572324721,0.6,18.0,0.6521815390752717,0.2,0.2450411346868676,0.8598019829721676,0.3,4.0,4.0,0
720298a0-efa0-461a-96bd-6c682a429413,684277da-f62a-49f6-b09e-1b7e786c463b,0.6335670572324721,0.6,18.0,0.6521815390752717,1.0,0.457984105173436,0.7791379129900283,0.6,3.0,2.0,1
720298a0-efa0-461a-96bd-6c682a429413,773cb37f-03e9-462d-9f7c-bb397a470391,0.6335670572324721,0.6,18.0,0.6521815390752717,1.0,0.138085119243381,0.17870489763614517,0.6,5.0,1.0,0
720298a0-efa0-461a-96bd-6c682a429413,c4200dd0-0628-49ac-a3d4-9cafb23a3f7c,0.6335670572324721,0.6,18.0,0.6521815390752717,0.6,0.23204019132352335,0.14567973078804342,0.3,1.0,4.0,1
720298a0-efa0-461a-96bd-6c682a429413,15ffb6f4-0363-4611-afec-93fefe2ffd83,0.6335670572324721,0.6,18.0,0.6521815390752717,0.2,0.9223427256162328,0.7798431272433336,0.3,1.0,6.0,1
720298a0-efa0-461a-96bd-6c682a429413,19e80ef1-4224-4720-a093-1f15d029cdae,0.6335670572324721,0.6,18.0,0.6521815390752717,1.0,0.8175424886601043,0.7192671703216541,0.6,4.0,6.0,0
720298a0-efa0-461a-96bd-6c682a429413,e033b700-4879-4d96-af09-314a42b40ec0,0.6335670572324721,0.6,18.0,0.6521815390752717,0.6,0.5265277997852419,0.306413896951497,1.0,1.0,3.0,1
720298a0-efa0-461a-96bd-6c682a429413,86df6ab5-0a91-4c31-ae77-b6a97acaa3b6,0.6335670572324721,0.6,18.0,0.6521815390752717,0.2,0.6626325512293207,0.22621734088053103,1.0,5.0,5.0,1
720298a0-efa0-461a-96bd-6c682a429413,b08c5e45-1706-4711-993f-50cbf58e2335,0.6335670572324721,0.6,18.0,0.6521815390752717,0.6,0.7901117853804409,0.22604311984039915,0.0,3.0,0.0,0
720298a0-efa0-461a-96bd-6c682a429413,4a47a28f-ebfe-4e2c-b5a5-219b771c2344,0.6335670572324721,0.6,18.0,0.6521815390752717,1.0,0.886582543106834,0.6746693780314743,0.3,0.0,5.0,0
720298a0-efa0-461a-96bd-6c682a429413,42438319-d9cd-4491-91c4-7e8df4051b62,0.6335670572324721,0.6,18.0,0.6521815390752717,0.2,0.6023180626659986,0.9806347370894578,0.0,5.0,0.0,0
720298a0-efa0-461a-96bd-6c682a429413,e2cc89a7-6e52-40e3-8411-87a3295c8a0e,0.6335670572324721,0.6,18.0,0.6521815390752717,0.2,0.3237254478661281,0.030381800897473776,0.3,2.0,6.0,0
720298a0-efa0-461a-96bd-6c682a429413,06f5b296-916f-4c42-aec7-d6f62bba9d9b,0.6335670572324721,0.6,18.0,0.6521815390752717,0.2,0.3223108679637023,0.4183220717622109,1.0,2.0,3.0,1
720298a0-efa0-461a-96bd-6c682a429413,d91ea030-edc5-4199-b235-b4f2746330e6,0.6335670572324721,0.6,18.0,0.6521815390752717,1.0,0.7413528687367448,0.2371548448306322,0.6,3.0,6.0,1
720298a0-efa0-461a-96bd-6c682a429413,2270dcd6-f4ba-4acf-b863-271ea249c419,0.6335670572324721,0.6,18.0,0.6521815390752717,0.6,0.888509462672205,0.11768090665028597,0.0,4.0,6.0,0
720298a0-efa0-461a-96bd-6c682a429413,85ca56ac-d00f-4985-9a10-09bdbdcf0764,0.6335670572324721,0.6,18.0,0.6521815390752717,1.0,0.7672921606674585,0.4762417440869502,0.3,3.0,5.0,0
720298a0-efa0-461a-96bd-6c682a429413,1fca9427-3cae-42d5-bed5-488302ac2459,0.6335670572324721,0.6,18.0,0.6521815390752717,0.6,0.396450442114459,0.6699625843471093,0.0,1.0,2.0,0
720298a0-efa0-461a-96bd-6c682a429413,3ceffdd1-05b8-4296-8ead-87aa963b9836,0.6335670572324721,0.6,18.0,0.6521815390752717,1.0,0.4937077765458606,0.9078087859837904,0.3,3.0,5.0,1
720298a0-efa0-461a-96bd-6c682a429413,3a71361b-e3e1-4223-b68a-ad50ca4dbe62,0.6335670572324721,0.6,18.0,0.6521815390752717,1.0,0.6047778022342388,0.49194088405803205,0.6,2.0,2.0,1
720298a0-efa0-461a-96bd-6c682a429413,0b680785-5c4e-4ff3-90da-a95bdb6ddea3,0.6335670572324721,0.6,18.0,0.6521815390752717,1.0,0.9476882864447816,0.37902629176285674,0.0,5.0,2.0,0
720298a0-efa0-461a-96bd-6c682a429413,ca05174e-a4f7-4654-890c-a2d577d622a4,0.6335670572324721,0.6,18.0,0.6521815390752717,0.6,0.2772344656929614,0.3717860192537389,1.0,1.0,4.0,1
720298a0-efa0-461a-96bd-6c682a429413,9f7ae8c9-dc90-4236-adb6-2109245d9021,0.6335670572324721,0.6,18.0,0.6521815390752717,0.6,0.8963101399292399,0.12506351553810924,0.0,4.0,2.0,1
720298a0-efa0-461a-96bd-6c682a429413,e033b700-4879-4d96-af09-314a42b40ec0,0.6335670572324721,0.6,18.0,0.6521815390752717,0.6,0.5265277997852419,0.306413896951497,1.0,4.0,5.0,0
720298a0-efa0-461a-96bd-6c682a429413,de80c064-1511-4251-84a5-ba1187978d32,0.6335670572324721,0.6,18.0,0.6521815390752717,1.0,0.37359855622088356,0.32543416209529763,0.0,1.0,5.0,1
720298a0-efa0-461a-96bd-6c682a429413,c192b11f-4447-40a2-80a6-390cd362dfa5,0.6335670572324721,0.6,18.0,0.6521815390752717,1.0,0.7363853294533637,0.9004772949138748,0.6,3.0,2.0,1
720298a0-efa0-461a-96bd-6c682a429413,7e095f22-5248-4ba3-b91c-aefd7470fd6a,0.6335670572324721,0.6,18.0,0.6521815390752717,0.6,0.520298671705361,0.6766771512956176,0.3,4.0,2.0,1
720298a0-efa0-461a-96bd-6c682a429413,15b5cdd7-9aed-490f-9cb8-4f9a900eb398,0.6335670572324721,0.6,18.0,0.6521815390752717,0.2,0.17789822129463906,0.6431782959777482,0.0,5.0,4.0,0
720298a0-efa0-461a-96bd-6c682a429413,04b630df-e955-44a2-ba81-7807bb8bbf0e,0.6335670572324721,0.6,18.0,0.6521815390752717,0.6,0.26969467315661044,0.7945253868283686,1.0,3.0,4.0,0
720298a0-efa0-461a-96bd-6c682a429413,b02c207c-3d8f-47d1-94d5-ea09db74e5c8,0.6335670572324721,0.6,18.0,0.6521815390752717,0.6,0.3575527172065134,0.7990422256936793,0.3,4.0,6.0,1
720298a0-efa0-461a-96bd-6c682a429413,87a7aeb8-bf34-460e-bb3c-fbe35cf1ef81,0.6335670572324721,0.6,18.0,0.6521815390752717,1.0,0.7885085605778664,0.825897641598029,0.6,3.0,5.0,0
720298a0-efa0-461a-96bd-6c682a429413,03be5e2c-49dc-49c9-bf6c-bd633714d57c,0.6335670572324721,0.6,18.0,0.6521815390752717,0.2,0.23003808241798443,0.40233767223870887,0.0,3.0,3.0,0
720298a0-efa0-461a-96bd-6c682a429413,e44b9013-f4a8-49bf-9379-87dcbb2e8e53,0.6335670572324721,0.6,18.0,0.6521815390752717,1.0,0.36258242224859283,0.32306846386650134,0.3,1.0,2.0,1
720298a0-efa0-461a-96bd-6c682a429413,fccbd80d-e8cc-4cf0-adb9-85c0aa640f7f,0.6335670572324721,0.6,18.0,0.6521815390752717,1.0,0.7950919292205237,0.850748587791265,0.0,5.0,1.0,0
720298a0-efa0-461a-96bd-6c682a429413,d05c6a73-7fda-4aba-88c3-900cedb6b9a6,0.6335670572324721,0.6,18.0,0.6521815390752717,0.6,0.37465691625557584,0.04502897108590176,0.0,5.0,6.0,0
720298a0-efa0-461a-96bd-6c682a429413,139389de-ef52-4a31-a3a6-711cb26f1f6a,0.6335670572324721,0.6,18.0,0.6521815390752717,0.2,0.6569353768626665,0.927362807810403,1.0,5.0,1.0,1
720298a0-efa0-461a-96bd-6c682a429413,a7da2f9e-cfe5-4f9b-a2a9-83b121e1b3a8,0.6335670572324721,0.6,18.0,0.6521815390752717,1.0,0.8629090312240775,0.8986309655053686,0.3,2.0,4.0,0
720298a0-efa0-461a-96bd-6c682a429413,42438319-d9cd-4491-91c4-7e8df4051b62,0.6335670572324721,0.6,18.0,0.6521815390752717,0.2,0.6023180626659986,0.9806347370894578,0.0,5.0,4.0,0
b6d9f0f4-8f71-4ee9-88c5-e3e6d7b437a7,8977ae1e-0308-44ae-a8c8-f83ca0744d63,0.421458892183709,0.6,6.0,0.7357807798158633,0.6,0.8507600711322102,0.25582976206381436,0.6,3.0,4.0,1
b6d9f0f4-8f71-4ee9-88c5-e3e6d7b437a7,b7c1594e-c23f-4a6c-b842-737b0c93b147,0.421458892183709,0.6,6.0,0.7357807798158633,1.0,0.3323463750225212,0.10510906779710338,0.3,5.0,5.0,1
b6d9f0f4-8f71-4ee9-88c5-e3e6d7b437a7,bfa4d06d-4c33-44f5-a582-6f5fc24bfd7f,0.421458892183709,0.6,6.0,0.7357807798158633,0.2,0.6497798817429743,0.4331009496434778,1.0,1.0,0.0,1
b6d9f0f4-8f71-4ee9-88c5-e3e6d7b437a7,b76881f6-7f27-4c43-8ef9-41162752919f,0.421458892183709,0.6,6.0,0.7357807798158633,1.0,0.440401152269174,0.05205596231391263,0.0,0.0,5.0,0
b6d9f0f4-8f71-4ee9-88c5-e3e6d7b437a7,6a24fb3d-8584-44db-80ec-a8943d9d4953,0.421458892183709,0.6,6.0,0.7357807798158633,0.2,0.7990830790974275,0.6468922285040184,0.6,1.0,4.0,1
b6d9f0f4-8f71-4ee9-88c5-e3e6d7b437a7,effc8e6d-3fa0-4ad0-84e0-49ceb18ecfdf,0.421458892183709,0.6,6.0,0.7357807798158633,1.0,0.1753861576369154,0.018304751217713022,0.6,4.0,6.0,0
b6d9f0f4-8f71-4ee9-88c5-e3e6d7b437a7,79cb3b8e-aafa-418e-97aa-f7fdcb3d6c58,0.421458892183709,0.6,6.0,0.7357807798158633,0.2,0.3730266808058288,0.7752357696427774,0.3,0.0,2.0,1
b6d9f0f4-8f71-4ee9-88c5-e3e6d7b437a7,2f70d43e-6f07-4505-9201-cce02cbbe2f9,0.421458892183709,0.6,6.0,0.7357807798158633,0.2,0.9098855720694773,0.2703699432968346,0.0,0.0,3.0,1
b6d9f0f4-8f71-4ee9-88c5-e3e6d7b437a7,69f0bb17-25d2-40ca-9934-1d66d65b38ec,0.421458892183709,0.6,6.0,0.7357807798158633,1.0,0.5123580186270776,0.31857910523425825,0.6,4.0,1.0,1
b6d9f0f4-8f71-4ee9-88c5-e3e6d7b437a7,b972f906-99a3-4c64-8a3c-52215d80d34b,0.421458892183709,0.6,6.0,0.7357807798158633,0.2,0.7557609477960204,0.33890958121625947,0.3,4.0,3.0,1
b6d9f0f4-8f71-4ee9-88c5-e3e6d7b437a7,cd408280-465f-4896-b05f-85290441236d,0.421458892183709,0.6,6.0,0.7357807798158633,1.0,0.22129010421141973,0.167964745667194,0.6,5.0,1.0,0
b6d9f0f4-8f71-4ee9-88c5-e3e6d7b437a7,bfa4d06d-4c33-44f5-a582-6f5fc24bfd7f,0.421458892183709,0.6,6.0,0.7357807798158633,0.2,0.6497798817429743,0.4331009496434778,1.0,0.0,2.0,1
b6d9f0f4-8f71-4ee9-88c5-e3e6d7b437a7,e3e4e158-1e76-4fc3-a85b-e05b8b8a0ccb,0.421458892183709,0.6,6.0,0.7357807798158633,0.6,0.639410932283415,0.2933005026004223,0.0,5.0,1.0,0
b6d9f0f4-8f71-4ee9-88c5-e3e6d7b437a7,65c54c61-8bed-4502-891f-54207581973c,0.421458892183709,0.6,6.0,0.7357807798158633,0.6,0.5609694251913983,0.4769640187588726,1.0,5.0,2.0,0
b6d9f0f4-8f71-4ee9-88c5-e3e6d7b437a7,09a8b01c-9886-431b-860f-484d959f9fd8,0.421458892183709,0.6,6.0,0.7357807798158633,0.2,0.7949409365509817,0.650881327422057,0.0,2.0,5.0,1
b6d9f0f4-8f71-4ee9-88c5-e3e6d7b437a7,d91ea030-edc5-4199-b235-b4f2746330e6,0.421458892183709,0.6,6.0,0.7357807798158633,1.0,0.7413528687367448,0.2371548448306322,0.6,0.0,6.0,0
b6d9f0f4-8f71-4ee9-88c5-e3e6d7b437a7,9102dfee-3ffe-4500-abcd-856f5c7ba81a,0.421458892183709,0.6,6.0,0.7357807798158633,0.2,0.14792713695477017,0.6300659561232757,1.0,4.0,3.0,1
b6d9f0f4-8f71-4ee9-88c5-e3e6d7b437a7,cf67b867-661f-4761-aa9e-bd64b50cabad,0.421458892183709,0.6,6.0,0.7357807798158633,0.6,0.9775452477834666,0.8291857681957223,0.6,5.0,2.0,0
b6d9f0f4-8f71-4ee9-88c5-e3e6d7b437a7,e44b9013-f4a8-49bf-9379-87dcbb2e8e53,0.421458892183709,0.6,6.0,0.7357807798158633,1.0,0.36258242224859283,0.32306846386650134,0.3,5.0,5.0,1
b6d9f0f4-8f71-4ee9-88c5-e3e6d7b437a7,d96815d9-4db7-48f0-85a0-eddc3b7b916f,0.421458892183709,0.6,6.0,0.7357807798158633,0.6,0.4536278778772145,0.0754688004112799,1.0,1.0,1.0,1
b6d9f0f4-8f71-4ee9-88c5-e3e6d7b437a7,be9d36c1-5645-43bf-b29e-f59fe75b58fc,0.421458892183709,0.6,6.0,0.7357807798158633,0.2,0.9631836571803765,0.9302866275169228,1.0,3.0,0.0,0
b6d9f0f4-8f71-4ee9-88c5-e3e6d7b437a7,50485b49-6f87-4fbb-a6d8-cc894f5ad343,0.421458892183709,0.6,6.0,0.7357807798158633,0.2,0.489665412099198,0.42118413108785735,0.3,4.0,5.0,1
b6d9f0f4-8f71-4ee9-88c5-e3e6d7b437a7,bf1c16a4-e182-4ecc-8023-e458da60daac,0.421458892183709,0.6,6.0,0.7357807798158633,1.0,0.24964749169716674,0.6258043806862246,0.6,1.0,6.0,0
b6d9f0f4-8f71-4ee9-88c5-e3e6d7b437a7,4590aaee-b789-46de-a082-c6807a962ec2,0.421458892183709,0.6,6.0,0.7357807798158633,1.0,0.9792453221449127,0.1694110619506124,1.0,4.0,3.0,0
b6d9f0f4-8f71-4ee9-88c5-e3e6d7b437a7,ae260348-9d86-49fc-b010-b38655f0aa4c,0.421458892183709,0.6,6.0,0.7357807798158633,0.6,0.6156726777562007,0.7631540220976764,0.3,1.0,2.0,0
b6d9f0f4-8f71-4ee9-88c5-e3e6d7b437a7,97ffd70a-47e9-4398-92a1-d66d4e4e7ac9,0.421458892183709,0.6,6.0,0.7357807798158633,1.0,0.4738888800802551,0.7582398953411875,1.0,2.0,1.0,0
b6d9f0f4-8f71-4ee9-88c5-e3e6d7b437a7,7b512031-30a6-4d3c-8e53-4acf4b15efd9,0.421458892183709,0.6,6.0,0.7357807798158633,0.6,0.20961141822392887,0.22555703805048077,1.0,3.0,2.0,1
b6d9f0f4-8f71-4ee9-88c5-e3e6d7b437a7,663e97bc-95a7-41b9-9e8e-0aaa991d7522,0.421458892183709,0.6,6.0,0.7357807798158633,0.2,0.45979536292483636,0.25030114523410607,1.0,0.0,6.0,1
b6d9f0f4-8f71-4ee9-88c5-e3e6d7b437a7,1e0eed17-c905-405d-992d-8f226b5d3e6b,0.421458892183709,0.6,6.0,0.7357807798158633,0.6,0.4397816989523534,0.9351795022685058,0.0,2.0,5.0,0
b6d9f0f4-8f71-4ee9-88c5-e3e6d7b437a7,b306c2e8-e14e-48ab-ba50-0a1e2c26a1c9,0.421458892183709,0.6,6.0,0.7357807798158633,0.2,0.3501289126422822,0.7428895955658196,0.3,0.0,6.0,1
b6d9f0f4-8f71-4ee9-88c5-e3e6d7b437a7,7d674302-c495-4faa-b60b-2f991e7f10b1,0.421458892183709,0.6,6.0,0.7357807798158633,0.6,0.6945598719886059,0.6688730857607941,1.0,2.0,6.0,1
b6d9f0f4-8f71-4ee9-88c5-e3e6d7b437a7,e33220eb-1aa5-4702-8b7f-82096cbf244c,0.421458892183709,0.6,6.0,0.7357807798158633,0.2,0.8045091416614435,0.9303962480539164,0.0,2.0,4.0,1
b6d9f0f4-8f71-4ee9-88c5-e3e6d7b437a7,bbaf1fa3-f0d2-4cf1-a007-2ff9a73a4732,0.421458892183709,0.6,6.0,0.7357807798158633,0.6,0.943547710035929,0.4668619140050845,1.0,4.0,4.0,1
b6d9f0f4-8f71-4ee9-88c5-e3e6d7b437a7,b1ecfa5c-68a1-4a8a-846a-dfb97027e1f6,0.421458892183709,0.6,6.0,0.7357807798158633,0.6,0.47396075244655456,0.7794108057492125,1.0,1.0,1.0,0
b6d9f0f4-8f71-4ee9-88c5-e3e6d7b437a7,b08c5e45-1706-4711-993f-50cbf58e2335,0.421458892183709,0.6,6.0,0.7357807798158633,0.6,0.7901117853804409,0.22604311984039915,0.0,0.0,6.0,0
b6d9f0f4-8f71-4ee9-88c5-e3e6d7b437a7,3feb240a-54de-4548-9d6d-6b68da72c588,0.421458892183709,0.6,6.0,0.7357807798158633,0.6,0.3534939575862086,0.46875086538360267,0.6,1.0,2.0,1
b6d9f0f4-8f71-4ee9-88c5-e3e6d7b437a7,e2cc89a7-6e52-40e3-8411-87a3295c8a0e,0.421458892183709,0.6,6.0,0.7357807798158633,0.2,0.3237254478661281,0.030381800897473776,0.3,0.0,0.0,1
b6d9f0f4-8f71-4ee9-88c5-e3e6d7b437a7,9f7ae8c9-dc90-4236-adb6-2109245d9021,0.421458892183709,0.6,6.0,0.7357807798158633,0.6,0.8963101399292399,0.12506351553810924,0.0,3.0,2.0,1
b6d9f0f4-8f71-4ee9-88c5-e3e6d7b437a7,3ceffdd1-05b8-4296-8ead-87aa963b9836,0.421458892183709,0.6,6.0,0.7357807798158633,1.0,0.4937077765458606,0.9078087859837904,0.3,2.0,6.0,0
b6d9f0f4-8f71-4ee9-88c5-e3e6d7b437a7,33aa1631-5d42-4228-84c3-639ac72cf903,0.421458892183709,0.6,6.0,0.7357807798158633,1.0,0.20605411083785363,0.7031088164784068,0.3,4.0,2.0,0
9d38eb8c-7c01-4259-a0d2-fcfa10ab830c,72e21539-04f0-470f-b69d-9a418f7ff37b,0.4199287039569033,0.6,12.0,0.30470262570196516,0.2,0.6144010067276086,0.8682015664155024,0.6,1.0,2.0,0
9d38eb8c-7c01-4259-a0d2-fcfa10ab830c,3a71361b-e3e1-4223-b68a-ad50ca4dbe62,0.4199287039569033,0.6,12.0,0.30470262570196516,1.0,0.6047778022342388,0.49194088405803205,0.6,4.0,4.0,0
9d38eb8c-7c01-4259-a0d2-fcfa10ab830c,ca05174e-a4f7-4654-890c-a2d577d622a4,0.4199287039569033,0.6,12.0,0.30470262570196516,0.6,0.2772344656929614,0.3717860192537389,1.0,0.0,6.0,0
9d38eb8c-7c01-4259-a0d2-fcfa10ab830c,0764c1e1-84c4-4344-814b-56f447356699,0.4199287039569033,0.6,12.0,0.30470262570196516,0.2,0.36478434898577183,0.31372887152086304,0.3,2.0,6.0,0
9d38eb8c-7c01-4259-a0d2-fcfa10ab830c,61f8b793-eb21-415f-be6a-1dace64c1dab,0.4199287039569033,0.6,12.0,0.30470262570196516,0.2,0.5789373941878594,0.5534783138488689,0.0,2.0,3.0,1
9d38eb8c-7c01-4259-a0d2-fcfa10ab830c,382dc6cd-e931-4c06-8335-e8acc1df4c50,0.4199287039569033,0.6,12.0,0.30470262570196516,0.2,0.558623921637297,0.1308595947819554,1.0,5.0,5.0,0
9d38eb8c-7c01-4259-a0d2-fcfa10ab830c,bc2b645f-2327-4ce9-a2d2-c4dfb4c037a4,0.4199287039569033,0.6,12.0,0.30470262570196516,0.6,0.565732669170513,0.9898859782322003,1.0,1.0,0.0,0
9d38eb8c-7c01-4259-a0d2-fcfa10ab830c,3feb240a-54de-4548-9d6d-6b68da72c588,0.4199287039569033,0.6,12.0,0.30470262570196516,0.6,0.3534939575862086,0.46875086538360267,0.6,0.0,6.0,0
9d38eb8c-7c01-4259-a0d2-fcfa10ab830c,319d65cc-35fb-4fd2-8d36-0aaeae8c1599,0.4199287039569033,0.6,12.0,0.30470262570196516,0.2,0.3492163442071033,0.6358648613159886,0.3,2.0,0.0,0
9d38eb8c-7c01-4259-a0d2-fcfa10ab830c,0b449292-cc57-4b11-94d1-9d0d6fdf931d,0.4199287039569033,0.6,12.0,0.30470262570196516,0.2,0.24562239677446035,0.4286144615110886,0.6,2.0,6.0,1
9d38eb8c-7c01-4259-a0d2-fcfa10ab830c,e78aa463-4c6f-47dc-a5bb-968ac81532c7,0.4199287039569033,0.6,12.0,0.30470262570196516,0.6,0.961259998425001,0.14413543131777729,0.6,5.0,0.0,0
9d38eb8c-7c01-4259-a0d2-fcfa10ab830c,b675fdc1-c9db-4f65-ad76-cb5d41d88b8a,0.4199287039569033,0.6,12.0,0.30470262570196516,0.2,0.6871950997280843,0.6183737144963264,0.0,0.0,4.0,1
9d38eb8c-7c01-4259-a0d2-fcfa10ab830c,29943de0-bf3c-49cd-84da-43ca10216d5a,0.4199287039569033,0.6,12.0,0.30470262570196516,1.0,0.24742902261843305,0.882207830248756,0.0,4.0,3.0,0
9d38eb8c-7c01-4259-a0d2-fcfa10ab830c,3ceffdd1-05b8-4296-8ead-87aa963b9836,0.4199287039569033,0.6,12.0,0.30470262570196516,1.0,0.4937077765458606,0.9078087859837904,0.3,5.0,3.0,0
9d38eb8c-7c01-4259-a0d2-fcfa10ab830c,33aa1631-5d42-4228-84c3-639ac72cf903,0.4199287039569033,0.6,12.0,0.30470262570196516,1.0,0.20605411083785363,0.7031088164784068,0.3,5.0,2.0,0
9d38eb8c-7c01-4259-a0d2-fcfa10ab830c,c3ccbfd0-fc33-4b81-bec0-7bb56f47c14f,0.4199287039569033,0.6,12.0,0.30470262570196516,1.0,0.7957102117424933,0.04996005462064468,1.0,3.0,4.0,0
9d38eb8c-7c01-4259-a0d2-fcfa10ab830c,cf67b867-661f-4761-aa9e-bd64b50cabad,0.4199287039569033,0.6,12.0,0.30470262570196516,0.6,0.9775452477834666,0.8291857681957223,0.6,0.0,3.0,1
9d38eb8c-7c01-4259-a0d2-fcfa10ab830c,3e875754-69cd-4fee-94a5-57d6da42ef91,0.4199287039569033,0.6,12.0,0.30470262570196516,0.2,0.2450411346868676,0.8598019829721676,0.3,0.0,0.0,1
9d38eb8c-7c01-4259-a0d2-fcfa10ab830c,4923fb26-e583-4c24-ac52-8838a0ed3a98,0.4199287039569033,0.6,12.0,0.30470262570196516,1.0,0.553388277838538,0.7019544741283528,1.0,1.0,4.0,0
9d38eb8c-7c01-4259-a0d2-fcfa10ab830c,8d3c9344-6c45-43f7-a583-eb49f1bd7c4b,0.4199287039569033,0.6,12.0,0.30470262570196516,1.0,0.32697303710818776,0.18910296519857916,0.6,5.0,5.0,0
9d38eb8c-7c01-4259-a0d2-fcfa10ab830c,3586835a-4f05-4964-8ca1-2138cebf95a6,0.4199287039569033,0.6,12.0,0.30470262570196516,1.0,0.6521758610516846,0.9475221766685487,0.0,5.0,6.0,1
9d38eb8c-7c01-4259-a0d2-fcfa10ab830c,5ac7df38-e13e-4ddf-ac1d-8bd8825c2903,0.4199287039569033,0.6,12.0,0.30470262570196516,0.2,0.5606417702241059,0.9155246766150124,0.0,1.0,2.0,1
9d38eb8c-7c01-4259-a0d2-fcfa10ab830c,06f5b296-916f-4c42-aec7-d6f62bba9d9b,0.4199287039569033,0.6,12.0,0.30470262570196516,0.2,0.3223108679637023,0.4183220717622109,1.0,1.0,4.0,1
9d38eb8c-7c01-4259-a0d2-fcfa10ab830c,7b512031-30a6-4d3c-8e53-4acf4b15efd9,0.4199287039569033,0.6,12.0,0.30470262570196516,0.6,0.20961141822392887,0.22555703805048077,1.0,1.0,5.0,1
9d38eb8c-7c01-4259-a0d2-fcfa10ab830c,b85c5447-3934-4a5f-a2ea-5cf406ba1386,0.4199287039569033,0.6,12.0,0.30470262570196516,0.2,0.7359215878835874,0.20471404262800852,1.0,2.0,1.0,1
9d38eb8c-7c01-4259-a0d2-fcfa10ab830c,3586835a-4f05-4964-8ca1-2138cebf95a6,0.4199287039569033,0.6,12.0,0.30470262570196516,1.0,0.6521758610516846,0.9475221766685487,0.0,0.0,1.0,0
9d38eb8c-7c01-4259-a0d2-fcfa10ab830c,1448df8a-d98e-4341-b986-a8f8b8a384c2,0.4199287039569033,0.6,12.0,0.30470262570196516,1.0,0.1288249955168966,0.3673497152563451,0.6,3.0,0.0,0
9d38eb8c-7c01-4259-a0d2-fcfa10ab830c,8d5761d4-efd9-4f9b-a561-e385778a1505,0.4199287039569033,0.6,12.0,0.30470262570196516,0.2,0.5667301021003356,0.19240837052962323,0.3,3.0,0.0,1
9d38eb8c-7c01-4259-a0d2-fcfa10ab830c,4e038b59-7940-4187-89a4-aa8900eb4584,0.4199287039569033,0.6,12.0,0.30470262570196516,0.6,0.8162686834681103,0.09548613580741361,0.3,3.0,4.0,1
9d38eb8c-7c01-4259-a0d2-fcfa10ab830c,03be5e2c-49dc-49c9-bf6c-bd633714d57c,0.4199287039569033,0.6,12.0,0.30470262570196516,0.2,0.23003808241798443,0.40233767223870887,0.0,4.0,4.0,1
9d38eb8c-7c01-4259-a0d2-fcfa10ab830c,50485b49-6f87-4fbb-a6d8-cc894f5ad343,0.4199287039569033,0.6,12.0,0.30470262570196516,0.2,0.489665412099198,0.42118413108785735,0.3,0.0,3.0,1
9d38eb8c-7c01-4259-a0d2-fcfa10ab830c,a38cc35a-c8b1-493c-ad3e-67dba34f85e7,0.4199287039569033,0.6,12.0,0.30470262570196516,0.6,0.41036269496507194,0.08761541400278205,0.0,3.0,1.0,1
9d38eb8c-7c01-4259-a0d2-fcfa10ab830c,897e2fd6-d062-4d6b-8350-be1ff289f7d2,0.4199287039569033,0.6,12.0,0.30470262570196516,1.0,0.27839323550003814,0.5426957391813381,1.0,2.0,3.0,1
9d38eb8c-7c01-4259-a0d2-fcfa10ab830c,bfa4d06d-4c33-44f5-a582-6f5fc24bfd7f,0.4199287039569033,0.6,12.0,0.30470262570196516,0.2,0.6497798817429743,0.4331009496434778,1.0,0.0,0.0,1
9d38eb8c-7c01-4259-a0d2-fcfa10ab830c,85a991a1-00c2-4f3b-a2f1-2edd3ed3c13b,0.4199287039569033,0.6,12.0,0.30470262570196516,0.6,0.885115810475927,0.053316349790826556,0.3,2.0,2.0,0
9d38eb8c-7c01-4259-a0d2-fcfa10ab830c,fda140a2-2654-463e-a825-e101e2f7921b,0.4199287039569033,0.6,12.0,0.30470262570196516,0.2,0.3998020556294877,0.9744658783076392,0.0,5.0,2.0,0
9d38eb8c-7c01-4259-a0d2-fcfa10ab830c,3e875754-69cd-4fee-94a5-57d6da42ef91,0.4199287039569033,0.6,12.0,0.30470262570196516,0.2,0.2450411346868676,0.8598019829721676,0.3,3.0,0.0,1
9d38eb8c-7c01-4259-a0d2-fcfa10ab830c,160450d5-9356-496d-a71d-78413a2828c7,0.4199287039569033,0.6,12.0,0.30470262570196516,0.2,0.6437789001540966,0.8506322574276396,1.0,0.0,1.0,1
9d38eb8c-7c01-4259-a0d2-fcfa10ab830c,b972f906-99a3-4c64-8a3c-52215d80d34b,0.4199287039569033,0.6,12.0,0.30470262570196516,0.2,0.7557609477960204,0.33890958121625947,0.3,1.0,4.0,0
9d38eb8c-7c01-4259-a0d2-fcfa10ab830c,547da744-4911-48fa-9b2f-1b550cf8ac17,0.4199287039569033,0.6,12.0,0.30470262570196516,1.0,0.45632620168229077,0.11858678619598295,1.0,0.0,4.0,0
b450d88a-c48b-41b8-8a3b-9be3edd931c8,de80c064-1511-4251-84a5-ba1187978d32,0.6518505521863547,0.6,10.0,0.9432146653644113,1.0,0.37359855622088356,0.32543416209529763,0.0,2.0,4.0,1
b450d88a-c48b-41b8-8a3b-9be3edd931c8,b008e459-aec4-4940-b0b0-b9521473a99b,0.6518505521863547,0.6,10.0,0.9432146653644113,0.2,0.8465976222683373,0.22635650862391665,1.0,1.0,4.0,1
b450d88a-c48b-41b8-8a3b-9be3edd931c8,ad90952f-caf0-425d-8039-7263f702df91,0.6518505521863547,0.6,10.0,0.9432146653644113,0.2,0.9254823202465832,0.36840241779614114,0.0,2.0,0.0,1
b450d88a-c48b-41b8-8a3b-9be3edd931c8,fe09dd6a-bc95-42e6-bb3c-61d404a20200,0.6518505521863547,0.6,10.0,0.9432146653644113,0.2,0.852490071939042,0.9956463958670673,0.3,2.0,3.0,0
b450d88a-c48b-41b8-8a3b-9be3edd931c8,6e8ca283-10c7-434c-826a-837f38ec5444,0.6518505521863547,0.6,10.0,0.9432146653644113,0.2,0.6513768543337128,0.6342982912007427,1.0,4.0,2.0,1
b450d88a-c48b-41b8-8a3b-9be3edd931c8,965ef1a3-f422-4510-af75-d3f89e3642dd,0.6518505521863547,0.6,10.0,0.9432146653644113,1.0,0.4273005359792914,0.6938722867459519,0.6,3.0,0.0,1
b450d88a-c48b-41b8-8a3b-9be3edd931c8,b1ef27f4-c212-4d80-95b3-1ccfcccee40b,0.6518505521863547,0.6,10.0,0.9432146653644113,1.0,0.273179116013828,0.9075422104826739,1.0,0.0,4.0,0
b450d88a-c48b-41b8-8a3b-9be3edd931c8,172d7aba-b1e9-40bf-b1cb-cf4e91d5184a,0.6518505521863547,0.6,10.0,0.9432146653644113,1.0,0.8526659690466724,0.6328103281975677,0.6,1.0,1.0,0
b450d88a-c48b-41b8-8a3b-9be3edd931c8,fc4acfb5-647c-49b2-9c8c-e8b0e4b17239,0.6518505521863547,0.6,10.0,0.9432146653644113,0.6,0.9661698956227394,0.22641288621518874,0.0,0.0,3.0,1
b450d88a-c48b-41b8-8a3b-9be3edd931c8,bcc862ed-ee8c-4519-bd6f-df3684168181,0.6518505521863547,0.6,10.0,0.9432146653644113,1.0,0.9327717807626915,0.3397410335113047,0.3,3.0,3.0,0
b450d88a-c48b-41b8-8a3b-9be3edd931c8,10061fb7-f1ca-4d39-a324-536b4bc6d836,0.6518505521863547,0.6,10.0,0.9432146653644113,0.2,0.618739880361464,0.7410470610420968,1.0,4.0,6.0,1
b450d88a-c48b-41b8-8a3b-9be3edd931c8,b08c5e45-1706-4711-993f-50cbf58e2335,0.6518505521863547,0.6,10.0,0.9432146653644113,0.6,0.7901117853804409,0.22604311984039915,0.0,2.0,1.0,0
b450d88a-c48b-41b8-8a3b-9be3edd931c8,4df46fb7-f407-42f6-a653-9d8438903f61,0.6518505521863547,0.6,10.0,0.9432146653644113,1.0,0.9723558352169928,0.2356344975085155,1.0,3.0,3.0,0
b450d88a-c48b-41b8-8a3b-9be3edd931c8,6720ccab-682e-40ac-9103-5e1a7cedc597,0.6518505521863547,0.6,10.0,0.9432146653644113,1.0,0.34528416725327743,0.5038671262185984,1.0,1.0,1.0,0
b450d88a-c48b-41b8-8a3b-9be3edd931c8,8ab6ed8b-51d4-454f-85f3-3f6b976bb994,0.6518505521863547,0.6,10.0,0.9432146653644113,1.0,0.28732703598303644,0.30524872168293893,0.3,1.0,5.0,1
b450d88a-c48b-41b8-8a3b-9be3edd931c8,153d2d46-4437-4840-90a1-e5308394b291,0.6518505521863547,0.6,10.0,0.9432146653644113,0.6,0.8859430875649702,0.004809331333315514,0.6,2.0,4.0,1
b450d88a-c48b-41b8-8a3b-9be3edd931c8,61f8b793-eb21-415f-be6a-1dace64c1dab,0.6518505521863547,0.6,10.0,0.9432146653644113,0.2,0.5789373941878594,0.5534783138488689,0.0,5.0,5.0,0
b450d88a-c48b-41b8-8a3b-9be3edd931c8,c2aa2f4b-31d0-4751-b78b-9bc94a917dd3,0.6518505521863547,0.6,10.0,0.9432146653644113,0.2,0.9632839642542039,0.47862263242291936,0.3,5.0,4.0,1
b450d88a-c48b-41b8-8a3b-9be3edd931c8,2e56c0c7-a2d4-4606-8362-ead47ba989cf,0.6518505521863547,0.6,10.0,0.9432146653644113,1.0,0.9838404823093492,0.5555768002260758,0.0,1.0,2.0,0
b450d88a-c48b-41b8-8a3b-9be3edd931c8,b5455ff3-4469-4b08-b2d0-3b4b8a9faa28,0.6518505521863547,0.6,10.0,0.9432146653644113,0.2,0.8168045396107254,0.12498281746751883,0.3,5.0,6.0,0
b450d88a-c48b-41b8-8a3b-9be3edd931c8,c5beb2bc-7876-4318-b66a-dab1f0815f72,0.6518505521863547,0.6,10.0,0.9432146653644113,0.6,0.40881718791361676,0.5939586390142232,0.0,5.0,0.0,0
b450d88a-c48b-41b8-8a3b-9be3edd931c8,6a217f2a-6a27-417d-a68f-a01e2a149c82,0.6518505521863547,0.6,10.0,0.9432146653644113,1.0,0.6505590801619944,0.0878064055229939,0.6,1.0,5.0,0
b450d88a-c48b-41b8-8a3b-9be3edd931c8,684277da-f62a-49f6-b09e-1b7e786c463b,0.6518505521863547,0.6,10.0,0.9432146653644113,1.0,0.457984105173436,0.7791379129900283,0.6,3.0,2.0,0
b450d88a-c48b-41b8-8a3b-9be3edd931c8,1975da03-cf78-4c90-a916-3660a489f0dc,0.6518505521863547,0.6,10.0,0.9432146653644113,0.6,0.4213481052285838,0.6693330773357604,0.6,1.0,5.0,0
b450d88a-c48b-41b8-8a3b-9be3edd931c8,04b630df-e955-44a2-ba81-7807bb8bbf0e,0.6518505521863547,0.6,10.0,0.9432146653644113,0.6,0.26969467315661044,0.7945253868283686,1.0,3.0,1.0,1
b450d88a-c48b-41b8-8a3b-9be3edd931c8,d91ea030-edc5-4199-b235-b4f2746330e6,0.6518505521863547,0.6,10.0,0.9432146653644113,1.0,0.7413528687367448,0.2371548448306322,0.6,0.0,5.0,0
b450d88a-c48b-41b8-8a3b-9be3edd931c8,153e892c-7403-48b3-b3e5-7a4444a6af33,0.6518505521863547,0.6,10.0,0.9432146653644113,1.0,0.268440635924974,0.5517497858340187,0.3,2.0,1.0,0
b450d88a-c48b-41b8-8a3b-9be3edd931c8,3feb240a-54de-4548-9d6d-6b68da72c588,0.6518505521863547,0.6,10.0,0.9432146653644113,0.6,0.3534939575862086,0.46875086538360267,0.6,4.0,3.0,0
b450d88a-c48b-41b8-8a3b-9be3edd931c8,e44b9013-f4a8-49bf-9379-87dcbb2e8e53,0.6518505521863547,0.6,10.0,0.9432146653644113,1.0,0.36258242224859283,0.32306846386650134,0.3,4.0,2.0,0
b450d88a-c48b-41b8-8a3b-9be3edd931c8,9d28a4ed-19ea-45ff-8c87-cd755a39633c,0.6518505521863547,0.6,10.0,0.9432146653644113,1.0,0.9699569764835101,0.3864034459374597,1.0,4.0,1.0,0
b450d88a-c48b-41b8-8a3b-9be3edd931c8,19e80ef1-4224-4720-a093-1f15d029cdae,0.6518505521863547,0.6,10.0,0.9432146653644113,1.0,0.8175424886601043,0.7192671703216541,0.6,0.0,4.0,1
b450d88a-c48b-41b8-8a3b-9be3edd931c8,dbb00897-88a6-4e66-bf2b-d540c730bdb9,0.6518505521863547,0.6,10.0,0.9432146653644113,0.6,0.9518329178984374,0.4047620165937216,0.0,2.0,3.0,0
b450d88a-c48b-41b8-8a3b-9be3edd931c8,d1505a61-3c3b-4c86-a8ae-c4ab1a296525,0.6518505521863547,0.6,10.0,0.9432146653644113,1.0,0.5383907575441277,0.2096336099684688,0.6,4.0,1.0,0
b450d88a-c48b-41b8-8a3b-9be3edd931c8,6cef895f-06aa-4942-bedd-72fff31eb379,0.6518505521863547,0.6,10.0,0.9432146653644113,0.2,0.8773089936408774,0.6446474280251517,1.0,1.0,1.0,1
b450d88a-c48b-41b8-8a3b-9be3edd931c8,5b598b97-310b-48b1-a31c-086e59102b7b,0.6518505521863547,0.6,10.0,0.9432146653644113,0.2,0.7003193052156396,0.8859898883469448,0.0,1.0,5.0,1
b450d88a-c48b-41b8-8a3b-9be3edd931c8,33aa1631-5d42-4228-84c3-639ac72cf903,0.6518505521863547,0.6,10.0,0.9432146653644113,1.0,0.20605411083785363,0.7031088164784068,0.3,4.0,6.0,1
b450d88a-c48b-41b8-8a3b-9be3edd931c8,88e79e28-8590-4873-baf3-158ade3d3e32,0.6518505521863547,0.6,10.0,0.9432146653644113,1.0,0.9148647291612199,0.12864998776038128,0.0,2.0,4.0,0
b450d88a-c48b-41b8-8a3b-9be3edd931c8,be9d36c1-5645-43bf-b29e-f59fe75b58fc,0.6518505521863547,0.6,10.0,0.9432146653644113,0.2,0.9631836571803765,0.9302866275169228,1.0,1.0,2.0,1
b450d88a-c48b-41b8-8a3b-9be3edd931c8,35fc8989-8da0-422f-a619-1517d94a5ef1,0.6518505521863547,0.6,10.0,0.9432146653644113,0.6,0.53636942704019,0.22090661672949963,1.0,5.0,1.0,0
b450d88a-c48b-41b8-8a3b-9be3edd931c8,b85c5447-3934-4a5f-a2ea-5cf406ba1386,0.6518505521863547,0.6,10.0,0.9432146653644113,0.2,0.7359215878835874,0.20471404262800852,1.0,1.0,2.0,0
a46e7f4a-becb-465f-a233-c53b157fafca,5145c478-0b39-4ab7-a906-e1b9735ba3ce,0.8550140012113763,0.2,14.0,0.6969274043944742,0.6,0.8786936977058606,0.9587100682359623,1.0,2.0,3.0,0
a46e7f4a-becb-465f-a233-c53b157fafca,bcc862ed-ee8c-4519-bd6f-df3684168181,0.8550140012113763,0.2,14.0,0.6969274043944742,1.0,0.9327717807626915,0.3397410335113047,0.3,3.0,2.0,0
a46e7f4a-becb-465f-a233-c53b157fafca,bf54fdb0-6d82-479e-a9d5-78fc64767a17,0.8550140012113763,0.2,14.0,0.6969274043944742,0.2,0.17614837616217327,0.6505421545039386,1.0,0.0,2.0,1
a46e7f4a-becb-465f-a233-c53b157fafca,8d5761d4-efd9-4f9b-a561-e385778a1505,0.8550140012113763,0.2,14.0,0.6969274043944742,0.2,0.5667301021003356,0.19240837052962323,0.3,5.0,4.0,1
a46e7f4a-becb-465f-a233-c53b157fafca,d72916bd-ef8f-4502-bba8-725c04f85a5f,0.8550140012113763,0.2,14.0,0.6969274043944742,0.2,0.854828063402321,0.2603597878713769,0.0,1.0,1.0,1
a46e7f4a-becb-465f-a233-c53b157fafca,effc8e6d-3fa0-4ad0-84e0-49ceb18ecfdf,0.8550140012113763,0.2,14.0,0.6969274043944742,1.0,0.1753861576369154,0.018304751217713022,0.6,3.0,6.0,0
a46e7f4a-becb-465f-a233-c53b157fafca,059f7915-4179-4fab-ab9a-979f2ce6e218,0.8550140012113763,0.2,14.0,0.6969274043944742,1.0,0.9507761192432672,0.14440395180459542,0.6,1.0,6.0,1
a46e7f4a-becb-465f-a233-c53b157fafca,775861d5-545e-4ddf-b332-3aabb9bd0e76,0.8550140012113763,0.2,14.0,0.6969274043944742,1.0,0.8513642364331833,0.05300666587800451,0.6,1.0,3.0,0
a46e7f4a-becb-465f-a233-c53b157fafca,33aa1631-5d42-4228-84c3-639ac72cf903,0.8550140012113763,0.2,14.0,0.6969274043944742,1.0,0.20605411083785363,0.7031088164784068,0.3,1.0,3.0,1
a46e7f4a-becb-465f-a233-c53b157fafca,1e4deb48-10af-482d-89be-a40b3cfa6237,0.8550140012113763,0.2,14.0,0.6969274043944742,0.2,0.45812006017454143,0.5670116153989458,0.0,0.0,5.0,1
a46e7f4a-becb-465f-a233-c53b157fafca,b8a59f9c-9152-4e9d-9227-81b450029be0,0.8550140012113763,0.2,14.0,0.6969274043944742,0.2,0.9082416607735994,0.8438860705844703,1.0,5.0,4.0,1
a46e7f4a-becb-465f-a233-c53b157fafca,0279e518-1bb2-4b7d-adb3-74104bab7995,0.8550140012113763,0.2,14.0,0.6969274043944742,1.0,0.48298817741352884,0.6867808649438274,0.6,0.0,4.0,1
a46e7f4a-becb-465f-a233-c53b157fafca,a26f3aa1-8131-40eb-8610-e57f92d60b1d,0.8550140012113763,0.2,14.0,0.6969274043944742,0.6,0.5405955324673002,0.22788898669340596,0.3,5.0,2.0,0
a46e7f4a-becb-465f-a233-c53b157fafca,06f5b296-916f-4c42-aec7-d6f62bba9d9b,0.8550140012113763,0.2,14.0,0.6969274043944742,0.2,0.3223108679637023,0.4183220717622109,1.0,3.0,6.0,1
a46e7f4a-becb-465f-a233-c53b157fafca,ce563c1b-e3b8-441d-8833-a4b1974ef8ad,0.8550140012113763,0.2,14.0,0.6969274043944742,0.2,0.2484209913313706,0.8711314111441384,0.6,3.0,4.0,0
a46e7f4a-becb-465f-a233-c53b157fafca,3feb240a-54de-4548-9d6d-6b68da72c588,0.8550140012113763,0.2,14.0,0.6969274043944742,0.6,0.3534939575862086,0.46875086538360267,0.6,2.0,1.0,1
a46e7f4a-becb-465f-a233-c53b157fafca,7d8ed681-553e-4f86-8328-93bdf476bee2,0.8550140012113763,0.2,14.0,0.6969274043944742,0.6,0.8243337011258274,0.4855544869796419,1.0,1.0,6.0,1
a46e7f4a-becb-465f-a233-c53b157fafca,cf67b867-661f-4761-aa9e-bd64b50cabad,0.8550140012113763,0.2,14.0,0.6969274043944742,0.6,0.9775452477834666,0.8291857681957223,0.6,3.0,0.0,0
a46e7f4a-becb-465f-a233-c53b157fafca,74e91ec2-7e97-4477-a254-e11129eee045,0.8550140012113763,0.2,14.0,0.6969274043944742,1.0,0.4127752338799551,0.9613455666412534,0.3,5.0,5.0,1
a46e7f4a-becb-465f-a233-c53b157fafca,0c914be4-9a3f-42b1-9a0d-7b75e4458ea2,0.8550140012113763,0.2,14.0,0.6969274043944742,0.2,0.6120270413649967,0.8895054166969376,0.3,2.0,3.0,1
a46e7f4a-becb-465f-a233-c53b157fafca,df3f8908-754b-4f66-b4a5-0f54f1bbdef1,0.8550140012113763,0.2,14.0,0.6969274043944742,0.2,0.9006532918063022,0.624832175706485,0.6,0.0,0.0,0
a46e7f4a-becb-465f-a233-c53b157fafca,effc8e6d-3fa0-4ad0-84e0-49ceb18ecfdf,0.8550140012113763,0.2,14.0,0.6969274043944742,1.0,0.1753861576369154,0.018304751217713022,0.6,4.0,3.0,0
a46e7f4a-becb-465f-a233-c53b157fafca,2e56c0c7-a2d4-4606-8362-ead47ba989cf,0.8550140012113763,0.2,14.0,0.6969274043944742,1.0,0.9838404823093492,0.5555768002260758,0.0,0.0,6.0,1
a46e7f4a-becb-465f-a233-c53b157fafca,2a4e6f6f-8a97-4b0f-8706-b5b5c9a3506e,0.8550140012113763,0.2,14.0,0.6969274043944742,1.0,0.508305717299449,0.5779541132057853,1.0,3.0,4.0,0
a46e7f4a-becb-465f-a233-c53b157fafca,e33220eb-1aa5-4702-8b7f-82096cbf244c,0.8550140012113763,0.2,14.0,0.6969274043944742,0.2,0.8045091416614435,0.9303962480539164,0.0,0.0,4.0,0
a46e7f4a-becb-465f-a233-c53b157fafca,a7da2f9e-cfe5-4f9b-a2a9-83b121e1b3a8,0.8550140012113763,0.2,14.0,0.6969274043944742,1.0,0.8629090312240775,0.8986309655053686,0.3,4.0,0.0,0
a46e7f4a-becb-465f-a233-c53b157fafca,aaf45fe2-a218-49a4-8030-1b040505fcc2,0.8550140012113763,0.2,14.0,0.6969274043944742,0.2,0.36982601339710064,0.6947724975849392,0.3,4.0,5.0,1
a46e7f4a-becb-465f-a233-c53b157fafca,6670ddb8-85fa-45e6-9af6-91adbac350a8,0.8550140012113763,0.2,14.0,0.6969274043944742,1.0,0.5273671033049591,0.12936862090556023,0.0,5.0,5.0,0
a46e7f4a-becb-465f-a233-c53b157fafca,d91ea030-edc5-4199-b235-b4f2746330e6,0.8550140012113763,0.2,14.0,0.6969274043944742,1.0,0.7413528687367448,0.2371548448306322,0.6,3.0,4.0,1
a46e7f4a-becb-465f-a233-c53b157fafca,c0fc8404-31a2-4e51-8d19-2dec5d8f3a52,0.8550140012113763,0.2,14.0,0.6969274043944742,1.0,0.7233296207802987,0.9797696833559353,1.0,5.0,5.0,0
a46e7f4a-becb-465f-a233-c53b157fafca,9d28a4ed-19ea-45ff-8c87-cd755a39633c,0.8550140012113763,0.2,14.0,0.6969274043944742,1.0,0.9699569764835101,0.3864034459374597,1.0,1.0,4.0,0
a46e7f4a-becb-465f-a233-c53b157fafca,666c606e-4a7f-4e66-9fac-fbc0339d13f8,0.8550140012113763,0.2,14.0,0.6969274043944742,1.0,0.9652102148867648,0.8330892916579566,0.3,0.0,2.0,0
a46e7f4a-becb-465f-a233-c53b157fafca,bfa4d06d-4c33-44f5-a582-6f5fc24bfd7f,0.8550140012113763,0.2,14.0,0.6969274043944742,0.2,0.6497798817429743,0.4331009496434778,1.0,2.0,2.0,1
a46e7f4a-becb-465f-a233-c53b157fafca,122cf437-7436-42ed-ba9f-fd1238cad94f,0.8550140012113763,0.2,14.0,0.6969274043944742,0.6,0.7296624097080157,0.24684751428984442,0.6,2.0,3.0,1
a46e7f4a-becb-465f-a233-c53b157fafca,2270dcd6-f4ba-4acf-b863-271ea249c419,0.8550140012113763,0.2,14.0,0.6969274043944742,0.6,0.888509462672205,0.11768090665028597,0.0,1.0,1.0,0
a46e7f4a-becb-465f-a233-c53b157fafca,667e3056-15dd-4db1-8e1b-b615cf4a3827,0.8550140012113763,0.2,14.0,0.6969274043944742,0.6,0.15606825708589728,0.7606037779959967,0.0,5.0,3.0,0
a46e7f4a-becb-465f-a233-c53b157fafca,b008e459-aec4-4940-b0b0-b9521473a99b,0.8550140012113763,0.2,14.0,0.6969274043944742,0.2,0.8465976222683373,0.22635650862391665,1.0,3.0,6.0,1
a46e7f4a-becb-465f-a233-c53b157fafca,4a47a28f-ebfe-4e2c-b5a5-219b771c2344,0.8550140012113763,0.2,14.0,0.6969274043944742,1.0,0.886582543106834,0.6746693780314743,0.3,5.0,6.0,1
a46e7f4a-becb-465f-a233-c53b157fafca,b7334163-6b0b-4be1-b584-94370f17d451,0.8550140012113763,0.2,14.0,0.6969274043944742,1.0,0.6214743123780008,0.24793030815786732,0.6,0.0,5.0,0
a46e7f4a-becb-465f-a233-c53b157fafca,1c71f507-dfea-4b96-86e6-8a12d5a0d8da,0.8550140012113763,0.2,14.0,0.6969274043944742,1.0,0.9354478790984506,0.6224732640307242,0.0,5.0,1.0,1
cb4d0fe5-b626-4613-b077-99e7ea554818,16aa6851-6f56-441d-b1e3-84c8e2b58887,0.5940955519472622,0.2,2.0,0.6301075232813018,1.0,0.7017944767412314,0.7875435396564088,0.3,2.0,2.0,0
cb4d0fe5-b626-4613-b077-99e7ea554818,e033b700-4879-4d96-af09-314a42b40ec0,0.5940955519472622,0.2,2.0,0.6301075232813018,0.6,0.5265277997852419,0.306413896951497,1.0,1.0,2.0,1
cb4d0fe5-b626-4613-b077-99e7ea554818,020ff159-4271-4aa5-87f3-9295346f6563,0.5940955519472622,0.2,2.0,0.6301075232813018,0.6,0.31530071999913584,0.1616253953204818,0.0,4.0,5.0,1
cb4d0fe5-b626-4613-b077-99e7ea554818,51656879-b9de-4976-b3d5-c8a240739e35,0.5940955519472622,0.2,2.0,0.6301075232813018,0.6,0.12393733137164058,0.5053225155587664,1.0,4.0,1.0,0
cb4d0fe5-b626-4613-b077-99e7ea554818,382dc6cd-e931-4c06-8335-e8acc1df4c50,0.5940955519472622,0.2,2.0,0.6301075232813018,0.2,0.558623921637297,0.1308595947819554,1.0,0.0,0.0,0
cb4d0fe5-b626-4613-b077-99e7ea554818,04b630df-e955-44a2-ba81-7807bb8bbf0e,0.5940955519472622,0.2,2.0,0.6301075232813018,0.6,0.26969467315661044,0.7945253868283686,1.0,2.0,1.0,1
cb4d0fe5-b626-4613-b077-99e7ea554818,61ae4cd0-4feb-4315-9993-55959a8ab125,0.5940955519472622,0.2,2.0,0.6301075232813018,0.6,0.5247340762216478,0.34315624408831924,0.0,1.0,3.0,0
cb4d0fe5-b626-4613-b077-99e7ea554818,de80c064-1511-4251-84a5-ba1187978d32,0.5940955519472622,0.2,2.0,0.6301075232813018,1.0,0.37359855622088356,0.32543416209529763,0.0,4.0,4.0,1
cb4d0fe5-b626-4613-b077-99e7ea554818,35fc8989-8da0-422f-a619-1517d94a5ef1,0.5940955519472622,0.2,2.0,0.6301075232813018,0.6,0.53636942704019,0.22090661672949963,1.0,3.0,6.0,0
cb4d0fe5-b626-4613-b077-99e7ea554818,b306c2e8-e14e-48ab-ba50-0a1e2c26a1c9,0.5940955519472622,0.2,2.0,0.6301075232813018,0.2,0.3501289126422822,0.7428895955658196,0.3,0.0,3.0,0
cb4d0fe5-b626-4613-b077-99e7ea554818,85f2c72b-1210-493c-bae7-744c4b2353fc,0.5940955519472622,0.2,2.0,0.6301075232813018,0.6,0.5307520434712122,0.17871782093842026,1.0,1.0,1.0,0
cb4d0fe5-b626-4613-b077-99e7ea554818,ef4564ad-37cb-422e-9258-c0dd09e686d8,0.5940955519472622,0.2,2.0,0.6301075232813018,0.6,0.7134305197216956,0.4952020834976343,0.0,0.0,2.0,1
cb4d0fe5-b626-4613-b077-99e7ea554818,1fca9427-3cae-42d5-bed5-488302ac2459,0.5940955519472622,0.2,2.0,0.6301075232813018,0.6,0.396450442114459,0.6699625843471093,0.0,3.0,3.0,0
cb4d0fe5-b626-4613-b077-99e7ea554818,5c1d0582-adee-41cb-bbe3-230e78acd299,0.5940955519472622,0.2,2.0,0.6301075232813018,0.6,0.13442713841525677,0.8039132575143135,1.0,3.0,1.0,0
cb4d0fe5-b626-4613-b077-99e7ea554818,8e97dadb-1a1b-42b9-ab2b-901aa2169415,0.5940955519472622,0.2,2.0,0.6301075232813018,0.6,0.4258214568056816,0.9395878832020562,1.0,3.0,5.0,0
cb4d0fe5-b626-4613-b077-99e7ea554818,15b5cdd7-9aed-490f-9cb8-4f9a900eb398,0.5940955519472622,0.2,2.0,0.6301075232813018,0.2,0.17789822129463906,0.6431782959777482,0.0,2.0,3.0,0
cb4d0fe5-b626-4613-b077-99e7ea554818,230352f2-770a-46c0-abe4-d7625139ab5e,0.5940955519472622,0.2,2.0,0.6301075232813018,0.2,0.6004574087726475,0.5930492421524886,0.0,2.0,4.0,0
cb4d0fe5-b626-4613-b077-99e7ea554818,10061fb7-f1ca-4d39-a324-536b4bc6d836,0.5940955519472622,0.2,2.0,0.6301075232813018,0.2,0.618739880361464,0.7410470610420968,1.0,2.0,6.0,1
cb4d0fe5-b626-4613-b077-99e7ea554818,4a47a28f-ebfe-4e2c-b5a5-219b771c2344,0.5940955519472622,0.2,2.0,0.6301075232813018,1.0,0.886582543106834,0.6746693780314743,0.3,4.0,1.0,0
cb4d0fe5-b626-4613-b077-99e7ea554818,897e2fd6-d062-4d6b-8350-be1ff289f7d2,0.5940955519472622,0.2,2.0,0.6301075232813018,1.0,0.27839323550003814,0.5426957391813381,1.0,5.0,3.0,1
cb4d0fe5-b626-4613-b077-99e7ea554818,139389de-ef52-4a31-a3a6-711cb26f1f6a,0.5940955519472622,0.2,2.0,0.6301075232813018,0.2,0.6569353768626665,0.927362807810403,1.0,5.0,2.0,1
cb4d0fe5-b626-4613-b077-99e7ea554818,cfaac6f7-b976-4661-8cd2-98f3a4e3a281,0.5940955519472622,0.2,2.0,0.6301075232813018,0.2,0.17993656314318568,0.2972789514204549,0.3,1.0,3.0,0
cb4d0fe5-b626-4613-b077-99e7ea554818,fb36e3d1-7446-45e0-9d41-48f394b60fa9,0.5940955519472622,0.2,2.0,0.6301075232813018,0.6,0.6937735815060089,0.32932384475875576,0.0,4.0,3.0,1
cb4d0fe5-b626-4613-b077-99e7ea554818,f9e2c26a-8651-45e9-95ac-020bf84e5d87,0.5940955519472622,0.2,2.0,0.6301075232813018,1.0,0.5925107460897749,0.3638178643767461,0.6,0.0,4.0,0
cb4d0fe5-b626-4613-b077-99e7ea554818,dbb00897-88a6-4e66-bf2b-d540c730bdb9,0.5940955519472622,0.2,2.0,0.6301075232813018,0.6,0.9518329178984374,0.4047620165937216,0.0,3.0,6.0,1
cb4d0fe5-b626-4613-b077-99e7ea554818,3586835a-4f05-4964-8ca1-2138cebf95a6,0.5940955519472622,0.2,2.0,0.6301075232813018,1.0,0.6521758610516846,0.9475221766685487,0.0,0.0,5.0,1
cb4d0fe5-b626-4613-b077-99e7ea554818,965ef1a3-f422-4510-af75-d3f89e3642dd,0.5940955519472622,0.2,2.0,0.6301075232813018,1.0,0.4273005359792914,0.6938722867459519,0.6,5.0,4.0,0
cb4d0fe5-b626-4613-b077-99e7ea554818,10061fb7-f1ca-4d39-a324-536b4bc6d836,0.5940955519472622,0.2,2.0,0.6301075232813018,0.2,0.618739880361464,0.7410470610420968,1.0,3.0,1.0,1
cb4d0fe5-b626-4613-b077-99e7ea554818,97ffd70a-47e9-4398-92a1-d66d4e4e7ac9,0.5940955519472622,0.2,2.0,0.6301075232813018,1.0,0.4738888800802551,0.7582398953411875,1.0,2.0,1.0,0
cb4d0fe5-b626-4613-b077-99e7ea554818,b1ef27f4-c212-4d80-95b3-1ccfcccee40b,0.5940955519472622,0.2,2.0,0.6301075232813018,1.0,0.273179116013828,0.9075422104826739,1.0,1.0,6.0,0
cb4d0fe5-b626-4613-b077-99e7ea554818,7b512031-30a6-4d3c-8e53-4acf4b15efd9,0.5940955519472622,0.2,2.0,0.6301075232813018,0.6,0.20961141822392887,0.22555703805048077,1.0,0.0,4.0,0
cb4d0fe5-b626-4613-b077-99e7ea554818,fccbd80d-e8cc-4cf0-adb9-85c0aa640f7f,0.5940955519472622,0.2,2.0,0.6301075232813018,1.0,0.7950919292205237,0.850748587791265,0.0,0.0,4.0,0
cb4d0fe5-b626-4613-b077-99e7ea554818,684277da-f62a-49f6-b09e-1b7e786c463b,0.5940955519472622,0.2,2.0,0.6301075232813018,1.0,0.457984105173436,0.7791379129900283,0.6,5.0,1.0,0
cb4d0fe5-b626-4613-b077-99e7ea554818,225af4bb-7dea-491a-b6ce-984e91ad99bf,0.5940955519472622,0.2,2.0,0.6301075232813018,0.2,0.954287099322196,0.3931698082459284,0.3,1.0,0.0,1
cb4d0fe5-b626-4613-b077-99e7ea554818,fccbd80d-e8cc-4cf0-adb9-85c0aa640f7f,0.5940955519472622,0.2,2.0,0.6301075232813018,1.0,0.7950919292205237,0.850748587791265,0.0,2.0,0.0,0
cb4d0fe5-b626-4613-b077-99e7ea554818,3c045d5e-db0b-42a4-8b36-5a8f0192e0a9,0.5940955519472622,0.2,2.0,0.6301075232813018,0.6,0.9703557392871628,0.4741186336216032,0.3,3.0,3.0,1
cb4d0fe5-b626-4613-b077-99e7ea554818,e44b9013-f4a8-49bf-9379-87dcbb2e8e53,0.5940955519472622,0.2,2.0,0.6301075232813018,1.0,0.36258242224859283,0.32306846386650134,0.3,1.0,0.0,1
cb4d0fe5-b626-4613-b077-99e7ea554818,4fdb3305-ba7f-45fd-908f-aee1f36874a7,0.5940955519472622,0.2,2.0,0.6301075232813018,0.2,0.9186809012161644,0.8525202868433427,1.0,2.0,3.0,1
cb4d0fe5-b626-4613-b077-99e7ea554818,6bc2f168-7233-41b6-b378-1e91e4060318,0.5940955519472622,0.2,2.0,0.6301075232813018,0.6,0.8903489988595626,0.4493952204847722,0.6,1.0,2.0,0
cb4d0fe5-b626-4613-b077-99e7ea554818,c3ccbfd0-fc33-4b81-bec0-7bb56f47c14f,0.5940955519472622,0.2,2.0,0.6301075232813018,1.0,0.7957102117424933,0.04996005462064468,1.0,3.0,6.0,1
c249a7f7-8608-4186-adec-1f6e0053c47d,7c786351-37ac-47a2-9542-40b90f3efee8,0.5541192858341357,0.2,11.0,0.9046913389491518,0.6,0.6561708102091133,0.18646349182808575,0.3,4.0,0.0,1
c249a7f7-8608-4186-adec-1f6e0053c47d,bf54fdb0-6d82-479e-a9d5-78fc64767a17,0.5541192858341357,0.2,11.0,0.9046913389491518,0.2,0.17614837616217327,0.6505421545039386,1.0,4.0,0.0,1
c249a7f7-8608-4186-adec-1f6e0053c47d,965ef1a3-f422-4510-af75-d3f89e3642dd,0.5541192858341357,0.2,11.0,0.9046913389491518,1.0,0.4273005359792914,0.6938722867459519,0.6,4.0,4.0,1
c249a7f7-8608-4186-adec-1f6e0053c47d,b008e459-aec4-4940-b0b0-b9521473a99b,0.5541192858341357,0.2,11.0,0.9046913389491518,0.2,0.8465976222683373,0.22635650862391665,1.0,1.0,5.0,1
c249a7f7-8608-4186-adec-1f6e0053c47d,9fbecf58-4b47-499b-af70-5be883e292d6,0.5541192858341357,0.2,11.0,0.9046913389491518,1.0,0.6813001709251447,0.40858971174533243,0.0,2.0,0.0,0
c249a7f7-8608-4186-adec-1f6e0053c47d,e02821d5-6c11-48d3-9e5a-ab797cf10dfd,0.5541192858341357,0.2,11.0,0.9046913389491518,0.2,0.30278131508958317,0.8518530351666224,0.6,4.0,1.0,1
c249a7f7-8608-4186-adec-1f6e0053c47d,7a3805f8-637d-41ce-ac78-d79938def8ea,0.5541192858341357,0.2,11.0,0.9046913389491518,0.2,0.6005977206832448,0.609661198171549,0.0,4.0,1.0,1
c249a7f7-8608-4186-adec-1f6e0053c47d,547da744-4911-48fa-9b2f-1b550cf8ac17,0.5541192858341357,0.2,11.0,0.9046913389491518,1.0,0.45632620168229077,0.11858678619598295,1.0,4.0,6.0,0
c249a7f7-8608-4186-adec-1f6e0053c47d,5a34f357-525c-4e8c-9761-fca6c5ef4a54,0.5541192858341357,0.2,11.0,0.9046913389491518,1.0,0.32612342892093527,0.37000647225331373,0.3,2.0,0.0,1
c249a7f7-8608-4186-adec-1f6e0053c47d,c65f2822-55d3-4e67-b0e3-dcb7ed48c4fc,0.5541192858341357,0.2,11.0,0.9046913389491518,0.2,0.5969201348829377,0.6751594254540361,0.3,1.0,0.0,1
c249a7f7-8608-4186-adec-1f6e0053c47d,153e892c-7403-48b3-b3e5-7a4444a6af33,0.5541192858341357,0.2,11.0,0.9046913389491518,1.0,0.268440635924974,0.5517497858340187,0.3,3.0,5.0,1
c249a7f7-8608-4186-adec-1f6e0053c47d,d62328c7-3c09-4bff-896a-238934dcedc8,0.5541192858341357,0.2,11.0,0.9046913389491518,0.2,0.5544033125310288,0.572254789610878,1.0,0.0,5.0,1
c249a7f7-8608-4186-adec-1f6e0053c47d,85ca56ac-d00f-4985-9a10-09bdbdcf0764,0.5541192858341357,0.2,11.0,0.9046913389491518,1.0,0.7672921606674585,0.4762417440869502,0.3,1.0,1.0,0
c249a7f7-8608-4186-adec-1f6e0053c47d,153d2d46-4437-4840-90a1-e5308394b291,0.5541192858341357,0.2,11.0,0.9046913389491518,0.6,0.8859430875649702,0.004809331333315514,0.6,0.0,2.0,0
c249a7f7-8608-4186-adec-1f6e0053c47d,9ba51c49-9d6a-423a-905e-593237ec3ec2,0.5541192858341357,0.2,11.0,0.9046913389491518,0.2,0.5056427924137512,0.14164644156570538,1.0,5.0,5.0,1
c249a7f7-8608-4186-adec-1f6e0053c47d,ab31027b-1533-4573-87ee-591c4e74f603,0.5541192858341357,0.2,11.0,0.9046913389491518,0.2,0.13414284675556443,0.8188515466757538,1.0,0.0,5.0,0
c249a7f7-8608-4186-adec-1f6e0053c47d,a86f1d29-fc0a-43b2-a5f5-1c81ea61e113,0.5541192858341357,0.2,11.0,0.9046913389491518,0.2,0.5459412758711781,0.9929580634194145,0.6,4.0,5.0,1
c249a7f7-8608-4186-adec-1f6e0053c47d,4df06409-5880-4fd2-840e-02e90385cc4e,0.5541192858341357,0.2,11.0,0.9046913389491518,1.0,0.19470747542775022,0.6843276576228667,0.0,5.0,1.0,1
c249a7f7-8608-4186-adec-1f6e0053c47d,382dc6cd-e931-4c06-8335-e8acc1df4c50,0.5541192858341357,0.2,11.0,0.9046913389491518,0.2,0.558623921637297,0.1308595947819554,1.0,2.0,5.0,1
c249a7f7-8608-4186-adec-1f6e0053c47d,d1505a61-3c3b-4c86-a8ae-c4ab1a296525,0.5541192858341357,0.2,11.0,0.9046913389491518,1.0,0.5383907575441277,0.2096336099684688,0.6,3.0,0.0,1
c249a7f7-8608-4186-adec-1f6e0053c47d,1fca9427-3cae-42d5-bed5-488302ac2459,0.5541192858341357,0.2,11.0,0.9046913389491518,0.6,0.396450442114459,0.6699625843471093,0.0,4.0,3.0,0
c249a7f7-8608-4186-adec-1f6e0053c47d,5c628898-abde-4c5b-8dc9-253bfab0c323,0.5541192858341357,0.2,11.0,0.9046913389491518,0.6,0.29562602483866546,0.8882279982692427,0.3,5.0,5.0,0
c249a7f7-8608-4186-adec-1f6e0053c47d,2e62bb91-bbcc-427c-86f2-60487a06e1ea,0.5541192858341357,0.2,11.0,0.9046913389491518,0.6,0.9970298553106509,0.5346422845071757,0.3,0.0,2.0,0
c249a7f7-8608-4186-adec-1f6e0053c47d,8618c927-9c33-4057-8bfe-9828bd93601a,0.5541192858341357,0.2,11.0,0.9046913389491518,0.6,0.22804722680585615,0.021203888490483047,0.6,4.0,1.0,0
c249a7f7-8608-4186-adec-1f6e0053c47d,42438319-d9cd-4491-91c4-7e8df4051b62,0.5541192858341357,0.2,11.0,0.9046913389491518,0.2,0.6023180626659986,0.9806347370894578,0.0,0.0,0.0,1
c249a7f7-8608-4186-adec-1f6e0053c47d,78815b00-b8cf-4b53-9b5c-0a0cc08481cf,0.5541192858341357,0.2,11.0,0.9046913389491518,0.6,0.9610158815047943,0.2578843936513069,0.0,4.0,0.0,0
c249a7f7-8608-4186-adec-1f6e0053c47d,fda140a2-2654-463e-a825-e101e2f7921b,0.5541192858341357,0.2,11.0,0.9046913389491518,0.2,0.3998020556294877,0.9744658783076392,0.0,5.0,4.0,1
c249a7f7-8608-4186-adec-1f6e0053c47d,9f7ae8c9-dc90-4236-adb6-2109245d9021,0.5541192858341357,0.2,11.0,0.9046913389491518,0.6,0.8963101399292399,0.12506351553810924,0.0,5.0,5.0,1
c249a7f7-8608-4186-adec-1f6e0053c47d,8d3c9344-6c45-43f7-a583-eb49f1bd7c4b,0.5541192858341357,0.2,11.0,0.9046913389491518,1.0,0.32697303710818776,0.18910296519857916,0.6,1.0,1.0,1
c249a7f7-8608-4186-adec-1f6e0053c47d,fe09dd6a-bc95-42e6-bb3c-61d404a20200,0.5541192858341357,0.2,11.0,0.9046913389491518,0.2,0.852490071939042,0.9956463958670673,0.3,3.0,1.0,1
c249a7f7-8608-4186-adec-1f6e0053c47d,0d91a5c8-4b22-4198-b963-be98907527f4,0.5541192858341357,0.2,11.0,0.9046913389491518,0.2,0.36811976533001634,0.7445398250927052,0.0,3.0,1.0,1
c249a7f7-8608-4186-adec-1f6e0053c47d,18d9fc90-579e-4041-988f-c2fa9da7d9f1,0.5541192858341357,0.2,11.0,0.9046913389491518,0.2,0.611318917479668,0.23509193379958115,0.3,0.0,1.0,0
c249a7f7-8608-4186-adec-1f6e0053c47d,2fd06511-a2df-41a4-b9b8-72ad25edbef7,0.5541192858341357,0.2,11.0,0.9046913389491518,1.0,0.8121414643536927,0.9186858244934103,0.3,1.0,3.0,1
c249a7f7-8608-4186-adec-1f6e0053c47d,5145c478-0b39-4ab7-a906-e1b9735ba3ce,0.5541192858341357,0.2,11.0,0.9046913389491518,0.6,0.8786936977058606,0.9587100682359623,1.0,0.0,1.0,1
c249a7f7-8608-4186-adec-1f6e0053c47d,4923fb26-e583-4c24-ac52-8838a0ed3a98,0.5541192858341357,0.2,11.0,0.9046913389491518,1.0,0.553388277838538,0.7019544741283528,1.0,3.0,5.0,0
c249a7f7-8608-4186-adec-1f6e0053c47d,020ff159-4271-4aa5-87f3-9295346f6563,0.5541192858341357,0.2,11.0,0.9046913389491518,0.6,0.31530071999913584,0.1616253953204818,0.0,1.0,5.0,1
c249a7f7-8608-4186-adec-1f6e0053c47d,1b648ad6-0817-4f80-a7aa-9a94a583454e,0.5541192858341357,0.2,11.0,0.9046913389491518,1.0,0.9167464792916038,0.10114468166917334,0.0,3.0,6.0,1
c249a7f7-8608-4186-adec-1f6e0053c47d,8a2b6b58-3f67-4179-b80b-643dade73512,0.5541192858341357,0.2,11.0,0.9046913389491518,0.6,0.31611651735255464,0.7525389528715243,1.0,3.0,2.0,0
c249a7f7-8608-4186-adec-1f6e0053c47d,bf1c16a4-e182-4ecc-8023-e458da60daac,0.5541192858341357,0.2,11.0,0.9046913389491518,1.0,0.24964749169716674,0.6258043806862246,0.6,0.0,5.0,1
c249a7f7-8608-4186-adec-1f6e0053c47d,fc4acfb5-647c-49b2-9c8c-e8b0e4b17239,0.5541192858341357,0.2,11.0,0.9046913389491518,0.6,0.9661698956227394,0.22641288621518874,0.0,0.0,5.0,1
03926e2b-be56-41b8-b978-9f0986fd29aa,90b5993b-1b5d-4363-8738-1f1566b34091,0.81548916973918,0.6,9.0,0.3261974658857856,0.2,0.20193175818065728,0.8491249460757495,1.0,0.0,1.0,1
03926e2b-be56-41b8-b978-9f0986fd29aa,7d674302-c495-4faa-b60b-2f991e7f10b1,0.81548916973918,0.6,9.0,0.3261974658857856,0.6,0.6945598719886059,0.6688730857607941,1.0,5.0,5.0,1
03926e2b-be56-41b8-b978-9f0986fd29aa,79cb3b8e-aafa-418e-97aa-f7fdcb3d6c58,0.81548916973918,0.6,9.0,0.3261974658857856,0.2,0.3730266808058288,0.7752357696427774,0.3,2.0,2.0,1
03926e2b-be56-41b8-b978-9f0986fd29aa,fccbd80d-e8cc-4cf0-adb9-85c0aa640f7f,0.81548916973918,0.6,9.0,0.3261974658857856,1.0,0.7950919292205237,0.850748587791265,0.0,3.0,6.0,1
03926e2b-be56-41b8-b978-9f0986fd29aa,29943de0-bf3c-49cd-84da-43ca10216d5a,0.81548916973918,0.6,9.0,0.3261974658857856,1.0,0.24742902261843305,0.882207830248756,0.0,4.0,6.0,1
03926e2b-be56-41b8-b978-9f0986fd29aa,31a8a011-26d9-417f-9acd-2dc1aa620cb1,0.81548916973918,0.6,9.0,0.3261974658857856,0.6,0.8578772412513512,0.31368145278296056,0.6,3.0,3.0,1
03926e2b-be56-41b8-b978-9f0986fd29aa,3c045d5e-db0b-42a4-8b36-5a8f0192e0a9,0.81548916973918,0.6,9.0,0.3261974658857856,0.6,0.9703557392871628,0.4741186336216032,0.3,1.0,0.0,0
03926e2b-be56-41b8-b978-9f0986fd29aa,01fe4a49-c1a0-4cc3-8dc8-8402e6b11064,0.81548916973918,0.6,9.0,0.3261974658857856,1.0,0.6879754206461195,0.49287097672138225,0.3,3.0,4.0,0
03926e2b-be56-41b8-b978-9f0986fd29aa,cd408280-465f-4896-b05f-85290441236d,0.81548916973918,0.6,9.0,0.3261974658857856,1.0,0.22129010421141973,0.167964745667194,0.6,4.0,6.0,0
03926e2b-be56-41b8-b978-9f0986fd29aa,2e62bb91-bbcc-427c-86f2-60487a06e1ea,0.81548916973918,0.6,9.0,0.3261974658857856,0.6,0.9970298553106509,0.5346422845071757,0.3,1.0,5.0,0
03926e2b-be56-41b8-b978-9f0986fd29aa,18c8f5c0-62d6-4353-8121-04a82ac26ed8,0.81548916973918,0.6,9.0,0.3261974658857856,1.0,0.14611128000847454,0.5869443165834576,0.3,2.0,6.0,0
03926e2b-be56-41b8-b978-9f0986fd29aa,e8099b2a-0582-4c26-a562-02489ef37a4d,0.81548916973918,0.6,9.0,0.3261974658857856,1.0,0.5135230437741315,0.3765636685032894,1.0,3.0,1.0,1
03926e2b-be56-41b8-b978-9f0986fd29aa,a32c33b9-2ae0-4565-b4cd-8c363bd2dbb1,0.81548916973918,0.6,9.0,0.3261974658857856,0.6,0.4675427346881219,0.5919389716094521,0.3,1.0,2.0,1
03926e2b-be56-41b8-b978-9f0986fd29aa,059f7915-4179-4fab-ab9a-979f2ce6e218,0.81548916973918,0.6,9.0,0.3261974658857856,1.0,0.9507761192432672,0.14440395180459542,0.6,2.0,5.0,1
03926e2b-be56-41b8-b978-9f0986fd29aa,d91ea030-edc5-4199-b235-b4f2746330e6,0.81548916973918,0.6,9.0,0.3261974658857856,1.0,0.7413528687367448,0.2371548448306322,0.6,0.0,6.0,0
03926e2b-be56-41b8-b978-9f0986fd29aa,b675fdc1-c9db-4f65-ad76-cb5d41d88b8a,0.81548916973918,0.6,9.0,0.3261974658857856,0.2,0.6871950997280843,0.6183737144963264,0.0,1.0,1.0,1
03926e2b-be56-41b8-b978-9f0986fd29aa,dfb0809f-a08c-4519-85d0-1f790e6cd5d9,0.81548916973918,0.6,9.0,0.3261974658857856,1.0,0.12996439027292325,0.8581884567519729,1.0,5.0,0.0,0
03926e2b-be56-41b8-b978-9f0986fd29aa,43b70bae-10ef-4dc3-9f9b-b39a1eacb2d1,0.81548916973918,0.6,9.0,0.3261974658857856,1.0,0.6227481543871835,0.008705213531018718,1.0,5.0,2.0,1
03926e2b-be56-41b8-b978-9f0986fd29aa,ff0af660-6a5f-4fd7-b2e1-c43344816514,0.81548916973918,0.6,9.0,0.3261974658857856,1.0,0.5024161230527904,0.7433967816161681,0.3,5.0,1.0,1
03926e2b-be56-41b8-b978-9f0986fd29aa,4c734813-4a8a-4ce6-81e5-fc4a2a5db3a2,0.81548916973918,0.6,9.0,0.3261974658857856,0.6,0.10056769438917118,0.5730262898413426,0.3,3.0,6.0,0
03926e2b-be56-41b8-b978-9f0986fd29aa,31a8a011-26d9-417f-9acd-2dc1aa620cb1,0.81548916973918,0.6,9.0,0.3261974658857856,0.6,0.8578772412513512,0.31368145278296056,0.6,4.0,4.0,0
03926e2b-be56-41b8-b978-9f0986fd29aa,bcc862ed-ee8c-4519-bd6f-df3684168181,0.81548916973918,0.6,9.0,0.3261974658857856,1.0,0.9327717807626915,0.3397410335113047,0.3,4.0,5.0,0
03926e2b-be56-41b8-b978-9f0986fd29aa,3c045d5e-db0b-42a4-8b36-5a8f0192e0a9,0.81548916973918,0.6,9.0,0.3261974658857856,0.6,0.9703557392871628,0.4741186336216032,0.3,3.0,5.0,0
03926e2b-be56-41b8-b978-9f0986fd29aa,b30a4759-4017-4c73-a262-ebb3da889ea2,0.81548916973918,0.6,9.0,0.3261974658857856,0.2,0.2824565624064378,0.9351062106319883,1.0,2.0,5.0,0
03926e2b-be56-41b8-b978-9f0986fd29aa,18c8f5c0-62d6-4353-8121-04a82ac26ed8,0.81548916973918,0.6,9.0,0.3261974658857856,1.0,0.14611128000847454,0.5869443165834576,0.3,3.0,4.0,1
03926e2b-be56-41b8-b978-9f0986fd29aa,e8df6458-6771-4ac9-9072-87c3e1750d40,0.81548916973918,0.6,9.0,0.3261974658857856,0.2,0.43364799363262085,0.28863566461256474,0.0,5.0,5.0,0
03926e2b-be56-41b8-b978-9f0986fd29aa,7d674302-c495-4faa-b60b-2f991e7f10b1,0.81548916973918,0.6,9.0,0.3261974658857856,0.6,0.6945598719886059,0.6688730857607941,1.0,1.0,2.0,1
03926e2b-be56-41b8-b978-9f0986fd29aa,be7b953b-bf68-42e7-957e-b6f8f29af69d,0.81548916973918,0.6,9.0,0.3261974658857856,1.0,0.6945243897343877,0.4669732371344246,1.0,1.0,0.0,0
03926e2b-be56-41b8-b978-9f0986fd29aa,69f0bb17-25d2-40ca-9934-1d66d65b38ec,0.81548916973918,0.6,9.0,0.3261974658857856,1.0,0.5123580186270776,0.31857910523425825,0.6,1.0,3.0,0
03926e2b-be56-41b8-b978-9f0986fd29aa,8d5761d4-efd9-4f9b-a561-e385778a1505,0.81548916973918,0.6,9.0,0.3261974658857856,0.2,0.5667301021003356,0.19240837052962323,0.3,3.0,3.0,1
03926e2b-be56-41b8-b978-9f0986fd29aa,74148153-f45d-4239-a353-bd87a356743e,0.81548916973918,0.6,9.0,0.3261974658857856,0.6,0.6999994035333063,0.6902791079691951,0.6,3.0,3.0,1
03926e2b-be56-41b8-b978-9f0986fd29aa,c0fc8404-31a2-4e51-8d19-2dec5d8f3a52,0.81548916973918,0.6,9.0,0.3261974658857856,1.0,0.7233296207802987,0.9797696833559353,1.0,1.0,5.0,1
03926e2b-be56-41b8-b978-9f0986fd29aa,8a2b6b58-3f67-4179-b80b-643dade73512,0.81548916973918,0.6,9.0,0.3261974658857856,0.6,0.31611651735255464,0.7525389528715243,1.0,4.0,1.0,0
03926e2b-be56-41b8-b978-9f0986fd29aa,15b5cdd7-9aed-490f-9cb8-4f9a900eb398,0.81548916973918,0.6,9.0,0.3261974658857856,0.2,0.17789822129463906,0.6431782959777482,0.0,3.0,4.0,0
03926e2b-be56-41b8-b978-9f0986fd29aa,e02821d5-6c11-48d3-9e5a-ab797cf10dfd,0.81548916973918,0.6,9.0,0.3261974658857856,0.2,0.30278131508958317,0.8518530351666224,0.6,5.0,2.0,1
03926e2b-be56-41b8-b978-9f0986fd29aa,d96815d9-4db7-48f0-85a0-eddc3b7b916f,0.81548916973918,0.6,9.0,0.3261974658857856,0.6,0.4536278778772145,0.0754688004112799,1.0,4.0,5.0,0
03926e2b-be56-41b8-b978-9f0986fd29aa,299e9ca4-b5a4-4951-88ff-3985383763f0,0.81548916973918,0.6,9.0,0.3261974658857856,0.2,0.7548560181125934,0.465904244394832,0.6,0.0,1.0,1
03926e2b-be56-41b8-b978-9f0986fd29aa,f02458a6-6ff7-47a1-8e01-b8ff21f7812d,0.81548916973918,0.6,9.0,0.3261974658857856,0.2,0.336680938116936,0.2620493339390677,0.6,5.0,3.0,1
03926e2b-be56-41b8-b978-9f0986fd29aa,cd408280-465f-4896-b05f-85290441236d,0.81548916973918,0.6,9.0,0.3261974658857856,1.0,0.22129010421141973,0.167964745667194,0.6,0.0,5.0,0
03926e2b-be56-41b8-b978-9f0986fd29aa,b008e459-aec4-4940-b0b0-b9521473a99b,0.81548916973918,0.6,9.0,0.3261974658857856,0.2,0.8465976222683373,0.22635650862391665,1.0,2.0,5.0,0
6c3ed647-1d38-4cb6-a3d5-7bf7d83ef6d7,5145c478-0b39-4ab7-a906-e1b9735ba3ce,0.7836214682478648,1.0,9.0,0.6893422125807601,0.6,0.8786936977058606,0.9587100682359623,1.0,4.0,6.0,1
6c3ed647-1d38-4cb6-a3d5-7bf7d83ef6d7,a38cc35a-c8b1-493c-ad3e-67dba34f85e7,0.7836214682478648,1.0,9.0,0.6893422125807601,0.6,0.41036269496507194,0.08761541400278205,0.0,3.0,1.0,1
6c3ed647-1d38-4cb6-a3d5-7bf7d83ef6d7,3feb240a-54de-4548-9d6d-6b68da72c588,0.7836214682478648,1.0,9.0,0.6893422125807601,0.6,0.3534939575862086,0.46875086538360267,0.6,2.0,4.0,1
6c3ed647-1d38-4cb6-a3d5-7bf7d83ef6d7,31a8a011-26d9-417f-9acd-2dc1aa620cb1,0.7836214682478648,1.0,9.0,0.6893422125807601,0.6,0.8578772412513512,0.31368145278296056,0.6,5.0,0.0,1
6c3ed647-1d38-4cb6-a3d5-7bf7d83ef6d7,b972f906-99a3-4c64-8a3c-52215d80d34b,0.7836214682478648,1.0,9.0,0.6893422125807601,0.2,0.7557609477960204,0.33890958121625947,0.3,0.0,2.0,1
6c3ed647-1d38-4cb6-a3d5-7bf7d83ef6d7,df3f8908-754b-4f66-b4a5-0f54f1bbdef1,0.7836214682478648,1.0,9.0,0.6893422125807601,0.2,0.9006532918063022,0.624832175706485,0.6,1.0,5.0,1
6c3ed647-1d38-4cb6-a3d5-7bf7d83ef6d7,94f447d1-ce40-4abc-9492-1b4fa652cdf8,0.7836214682478648,1.0,9.0,0.6893422125807601,0.2,0.7747992350688047,0.24068147068829215,1.0,2.0,4.0,1
6c3ed647-1d38-4cb6-a3d5-7bf7d83ef6d7,b20bab7d-8fe1-4291-9511-746d551c6381,0.7836214682478648,1.0,9.0,0.6893422125807601,1.0,0.30803403606513613,0.290684856511908,0.0,3.0,2.0,1
6c3ed647-1d38-4cb6-a3d5-7bf7d83ef6d7,85a991a1-00c2-4f3b-a2f1-2edd3ed3c13b,0.7836214682478648,1.0,9.0,0.6893422125807601,0.6,0.885115810475927,0.053316349790826556,0.3,4.0,1.0,1
6c3ed647-1d38-4cb6-a3d5-7bf7d83ef6d7,9f019ca3-6a4d-4f1c-8cfd-4fc983011cd8,0.7836214682478648,1.0,9.0,0.6893422125807601,0.6,0.8592879525285462,0.4771610349793223,0.6,0.0,4.0,1
6c3ed647-1d38-4cb6-a3d5-7bf7d83ef6d7,b08e025f-b00e-487d-9769-6e771d335fcd,0.7836214682478648,1.0,9.0,0.6893422125807601,0.6,0.35587631985892465,0.5051778789164922,0.3,4.0,5.0,0
6c3ed647-1d38-4cb6-a3d5-7bf7d83ef6d7,122cf437-7436-42ed-ba9f-fd1238cad94f,0.7836214682478648,1.0,9.0,0.6893422125807601,0.6,0.7296624097080157,0.24684751428984442,0.6,0.0,5.0,0
6c3ed647-1d38-4cb6-a3d5-7bf7d83ef6d7,4df46fb7-f407-42f6-a653-9d8438903f61,0.7836214682478648,1.0,9.0,0.6893422125807601,1.0,0.9723558352169928,0.2356344975085155,1.0,0.0,1.0,1
6c3ed647-1d38-4cb6-a3d5-7bf7d83ef6d7,2f70d43e-6f07-4505-9201-cce02cbbe2f9,0.7836214682478648,1.0,9.0,0.6893422125807601,0.2,0.9098855720694773,0.2703699432968346,0.0,1.0,6.0,0
6c3ed647-1d38-4cb6-a3d5-7bf7d83ef6d7,7d8ed681-553e-4f86-8328-93bdf476bee2,0.7836214682478648,1.0,9.0,0.6893422125807601,0.6,0.8243337011258274,0.4855544869796419,1.0,3.0,4.0,1
6c3ed647-1d38-4cb6-a3d5-7bf7d83ef6d7,85736eaa-5d46-446f-bc37-90664659af7c,0.7836214682478648,1.0,9.0,0.6893422125807601,0.2,0.5071632128531129,0.5363921784426651,0.3,3.0,5.0,0
6c3ed647-1d38-4cb6-a3d5-7bf7d83ef6d7,d879a756-cb6b-4026-a00a-656051801b5f,0.7836214682478648,1.0,9.0,0.6893422125807601,1.0,0.19670829855613808,0.6495454402345533,1.0,2.0,0.0,0
6c3ed647-1d38-4cb6-a3d5-7bf7d83ef6d7,6670ddb8-85fa-45e6-9af6-91adbac350a8,0.7836214682478648,1.0,9.0,0.6893422125807601,1.0,0.5273671033049591,0.12936862090556023,0.0,1.0,0.0,0
6c3ed647-1d38-4cb6-a3d5-7bf7d83ef6d7,6720ccab-682e-40ac-9103-5e1a7cedc597,0.7836214682478648,1.0,9.0,0.6893422125807601,1.0,0.34528416725327743,0.5038671262185984,1.0,5.0,2.0,0
6c3ed647-1d38-4cb6-a3d5-7bf7d83ef6d7,d1505a61-3c3b-4c86-a8ae-c4ab1a296525,0.7836214682478648,1.0,9.0,0.6893422125807601,1.0,0.5383907575441277,0.2096336099684688,0.6,2.0,4.0,1
6c3ed647-1d38-4cb6-a3d5-7bf7d83ef6d7,663e97bc-95a7-41b9-9e8e-0aaa991d7522,0.7836214682478648,1.0,9.0,0.6893422125807601,0.2,0.45979536292483636,0.25030114523410607,1.0,1.0,2.0,1
6c3ed647-1d38-4cb6-a3d5-7bf7d83ef6d7,74e91ec2-7e97-4477-a254-e11129eee045,0.7836214682478648,1.0,9.0,0.6893422125807601,1.0,0.4127752338799551,0.9613455666412534,0.3,4.0,0.0,0
6c3ed647-1d38-4cb6-a3d5-7bf7d83ef6d7,4ae5516d-8df6-4ce0-a1a2-7fe96b97c4ed,0.7836214682478648,1.0,9.0,0.6893422125807601,0.6,0.7394686693887754,0.3658730909863124,0.3,5.0,1.0,1
6c3ed647-1d38-4cb6-a3d5-7bf7d83ef6d7,cf67b867-661f-4761-aa9e-bd64b50cabad,0.7836214682478648,1.0,9.0,0.6893422125807601,0.6,0.9775452477834666,0.8291857681957223,0.6,2.0,0.0,0
6c3ed647-1d38-4cb6-a3d5-7bf7d83ef6d7,8d3c9344-6c45-43f7-a583-eb49f1bd7c4b,0.7836214682478648,1.0,9.0,0.6893422125807601,1.0,0.32697303710818776,0.18910296519857916,0.6,5.0,0.0,1
6c3ed647-1d38-4cb6-a3d5-7bf7d83ef6d7,1b648ad6-0817-4f80-a7aa-9a94a583454e,0.7836214682478648,1.0,9.0,0.6893422125807601,1.0,0.9167464792916038,0.10114468166917334,0.0,5.0,4.0,0
6c3ed647-1d38-4cb6-a3d5-7bf7d83ef6d7,b08c5e45-1706-4711-993f-50cbf58e2335,0.7836214682478648,1.0,9.0,0.6893422125807601,0.6,0.7901117853804409,0.22604311984039915,0.0,3.0,3.0,0
6c3ed647-1d38-4cb6-a3d5-7bf7d83ef6d7,85930d8e-50d0-4f7b-acb8-caaac625dd0e,0.7836214682478648,1.0,9.0,0.6893422125807601,1.0,0.718363556324442,0.8165727833244342,0.6,2.0,2.0,0
6c3ed647-1d38-4cb6-a3d5-7bf7d83ef6d7,b85c5447-3934-4a5f-a2ea-5cf406ba1386,0.7836214682478648,1.0,9.0,0.6893422125807601,0.2,0.7359215878835874,0.20471404262800852,1.0,3.0,5.0,0
6c3ed647-1d38-4cb6-a3d5-7bf7d83ef6d7,3a71361b-e3e1-4223-b68a-ad50ca4dbe62,0.7836214682478648,1.0,9.0,0.6893422125807601,1.0,0.6047778022342388,0.49194088405803205,0.6,4.0,1.0,1
6c3ed647-1d38-4cb6-a3d5-7bf7d83ef6d7,0b680785-5c4e-4ff3-90da-a95bdb6ddea3,0.7836214682478648,1.0,9.0,0.6893422125807601,1.0,0.9476882864447816,0.37902629176285674,0.0,5.0,0.0,0
6c3ed647-1d38-4cb6-a3d5-7bf7d83ef6d7,0c914be4-9a3f-42b1-9a0d-7b75e4458ea2,0.7836214682478648,1.0,9.0,0.6893422125807601,0.2,0.6120270413649967,0.8895054166969376,0.3,0.0,0.0,0
6c3ed647-1d38-4cb6-a3d5-7bf7d83ef6d7,fe560b2d-9461-419f-952d-3526d1d58cc6,0.7836214682478648,1.0,9.0,0.6893422125807601,1.0,0.582611192457266,0.5549319795003286,0.0,1.0,0.0,1
6c3ed647-1d38-4cb6-a3d5-7bf7d83ef6d7,8618c927-9c33-4057-8bfe-9828bd93601a,0.7836214682478648,1.0,9.0,0.6893422125807601,0.6,0.22804722680585615,0.021203888490483047,0.6,1.0,6.0,1
6c3ed647-1d38-4cb6-a3d5-7bf7d83ef6d7,d05c6a73-7fda-4aba-88c3-900cedb6b9a6,0.7836214682478648,1.0,9.0,0.6893422125807601,0.6,0.37465691625557584,0.04502897108590176,0.0,5.0,6.0,0
6c3ed647-1d38-4cb6-a3d5-7bf7d83ef6d7,a26f3aa1-8131-40eb-8610-e57f92d60b1d,0.7836214682478648,1.0,9.0,0.6893422125807601,0.6,0.5405955324673002,0.22788898669340596,0.3,1.0,4.0,0
6c3ed647-1d38-4cb6-a3d5-7bf7d83ef6d7,fb36e3d1-7446-45e0-9d41-48f394b60fa9,0.7836214682478648,1.0,9.0,0.6893422125807601,0.6,0.6937735815060089,0.32932384475875576,0.0,5.0,6.0,0
6c3ed647-1d38-4cb6-a3d5-7bf7d83ef6d7,5bccbbea-6061-4c3b-babf-9f5de9889c73,0.7836214682478648,1.0,9.0,0.6893422125807601,0.2,0.4789495794434827,0.42500061980149273,0.3,0.0,5.0,0
6c3ed647-1d38-4cb6-a3d5-7bf7d83ef6d7,6a40cbad-655b-4606-9b92-d053c779e9a1,0.7836214682478648,1.0,9.0,0.6893422125807601,0.2,0.7251468800412657,0.941344002350994,0.0,1.0,0.0,1
6c3ed647-1d38-4cb6-a3d5-7bf7d83ef6d7,cf67b867-661f-4761-aa9e-bd64b50cabad,0.7836214682478648,1.0,9.0,0.6893422125807601,0.6,0.9775452477834666,0.8291857681957223,0.6,5.0,1.0,0
66761dc9-60da-4274-960b-97eab32042d2,3c045d5e-db0b-42a4-8b36-5a8f0192e0a9,0.8910631445420529,1.0,16.0,0.20625848572172636,0.6,0.9703557392871628,0.4741186336216032,0.3,2.0,5.0,1
66761dc9-60da-4274-960b-97eab32042d2,382dc6cd-e931-4c06-8335-e8acc1df4c50,0.8910631445420529,1.0,16.0,0.20625848572172636,0.2,0.558623921637297,0.1308595947819554,1.0,5.0,3.0,1
66761dc9-60da-4274-960b-97eab32042d2,5c628898-abde-4c5b-8dc9-253bfab0c323,0.8910631445420529,1.0,16.0,0.20625848572172636,0.6,0.29562602483866546,0.8882279982692427,0.3,5.0,5.0,0
66761dc9-60da-4274-960b-97eab32042d2,cd408280-465f-4896-b05f-85290441236d,0.8910631445420529,1.0,16.0,0.20625848572172636,1.0,0.22129010421141973,0.167964745667194,0.6,1.0,4.0,1
66761dc9-60da-4274-960b-97eab32042d2,382dc6cd-e931-4c06-8335-e8acc1df4c50,0.8910631445420529,1.0,16.0,0.20625848572172636,0.2,0.558623921637297,0.1308595947819554,1.0,2.0,1.0,1
66761dc9-60da-4274-960b-97eab32042d2,2e62bb91-bbcc-427c-86f2-60487a06e1ea,0.8910631445420529,1.0,16.0,0.20625848572172636,0.6,0.9970298553106509,0.5346422845071757,0.3,5.0,0.0,1
66761dc9-60da-4274-960b-97eab32042d2,8c822518-d0dc-460d-93c7-d9d033a078ba,0.8910631445420529,1.0,16.0,0.20625848572172636,1.0,0.5475099359609544,0.9553256935848943,1.0,2.0,6.0,1
66761dc9-60da-4274-960b-97eab32042d2,786a081e-bed1-4dd5-af8f-b24a2969db27,0.8910631445420529,1.0,16.0,0.20625848572172636,1.0,0.2204606202831086,0.8790686327551894,0.6,4.0,3.0,1
66761dc9-60da-4274-960b-97eab32042d2,89df2650-7e95-4104-8f42-5cb62ffb481a,0.8910631445420529,1.0,16.0,0.20625848572172636,0.2,0.29630278019401196,0.3424606722909498,0.0,2.0,6.0,1
66761dc9-60da-4274-960b-97eab32042d2,b8f55e48-9d55-4d28-bc80-497a7d36ac53,0.8910631445420529,1.0,16.0,0.20625848572172636,0.6,0.5364632049642664,0.9010207096938249,0.6,5.0,5.0,0
66761dc9-60da-4274-960b-97eab32042d2,94f447d1-ce40-4abc-9492-1b4fa652cdf8,0.8910631445420529,1.0,16.0,0.20625848572172636,0.2,0.7747992350688047,0.24068147068829215,1.0,0.0,0.0,0
66761dc9-60da-4274-960b-97eab32042d2,e2cc89a7-6e52-40e3-8411-87a3295c8a0e,0.8910631445420529,1.0,16.0,0.20625848572172636,0.2,0.3237254478661281,0.030381800897473776,0.3,4.0,6.0,1
66761dc9-60da-4274-960b-97eab32042d2,b20bab7d-8fe1-4291-9511-746d551c6381,0.8910631445420529,1.0,16.0,0.20625848572172636,1.0,0.30803403606513613,0.290684856511908,0.0,0.0,5.0,1
66761dc9-60da-4274-960b-97eab32042d2,7d8ed681-553e-4f86-8328-93bdf476bee2,0.8910631445420529,1.0,16.0,0.20625848572172636,0.6,0.8243337011258274,0.4855544869796419,1.0,5.0,5.0,0
66761dc9-60da-4274-960b-97eab32042d2,6df290df-6194-497e-9997-fd6713e1435f,0.8910631445420529,1.0,16.0,0.20625848572172636,1.0,0.7637061762371852,0.8809980926459479,0.6,2.0,5.0,0
66761dc9-60da-4274-960b-97eab32042d2,9ba51c49-9d6a-423a-905e-593237ec3ec2,0.8910631445420529,1.0,16.0,0.20625848572172636,0.2,0.5056427924137512,0.14164644156570538,1.0,2.0,3.0,1
66761dc9-60da-4274-960b-97eab32042d2,4df06409-5880-4fd2-840e-02e90385cc4e,0.8910631445420529,1.0,16.0,0.20625848572172636,1.0,0.19470747542775022,0.6843276576228667,0.0,5.0,1.0,1
66761dc9-60da-4274-960b-97eab32042d2,78815b00-b8cf-4b53-9b5c-0a0cc08481cf,0.8910631445420529,1.0,16.0,0.20625848572172636,0.6,0.9610158815047943,0.2578843936513069,0.0,3.0,3.0,1
66761dc9-60da-4274-960b-97eab32042d2,153d2d46-4437-4840-90a1-e5308394b291,0.8910631445420529,1.0,16.0,0.20625848572172636,0.6,0.8859430875649702,0.004809331333315514,0.6,3.0,6.0,1
66761dc9-60da-4274-960b-97eab32042d2,21197103-286c-4e08-8f2e-e1f0c1aa4b65,0.8910631445420529,1.0,16.0,0.20625848572172636,0.2,0.974231980237957,0.8883695246489081,0.6,5.0,6.0,0
66761dc9-60da-4274-960b-97eab32042d2,ca05174e-a4f7-4654-890c-a2d577d622a4,0.8910631445420529,1.0,16.0,0.20625848572172636,0.6,0.2772344656929614,0.3717860192537389,1.0,2.0,3.0,0
66761dc9-60da-4274-960b-97eab32042d2,c0fc8404-31a2-4e51-8d19-2dec5d8f3a52,0.8910631445420529,1.0,16.0,0.20625848572172636,1.0,0.7233296207802987,0.9797696833559353,1.0,2.0,0.0,0
66761dc9-60da-4274-960b-97eab32042d2,b008e459-aec4-4940-b0b0-b9521473a99b,0.8910631445420529,1.0,16.0,0.20625848572172636,0.2,0.8465976222683373,0.22635650862391665,1.0,1.0,4.0,1
66761dc9-60da-4274-960b-97eab32042d2,5b598b97-310b-48b1-a31c-086e59102b7b,0.8910631445420529,1.0,16.0,0.20625848572172636,0.2,0.7003193052156396,0.8859898883469448,0.0,3.0,3.0,1
66761dc9-60da-4274-960b-97eab32042d2,bc2b645f-2327-4ce9-a2d2-c4dfb4c037a4,0.8910631445420529,1.0,16.0,0.20625848572172636,0.6,0.565732669170513,0.9898859782322003,1.0,3.0,3.0,0
66761dc9-60da-4274-960b-97eab32042d2,f99793e2-bf1f-4652-b717-b380cf1b82d9,0.8910631445420529,1.0,16.0,0.20625848572172636,1.0,0.3478973552809047,0.15349034844890785,0.0,2.0,1.0,0
66761dc9-60da-4274-960b-97eab32042d2,6059807a-e497-4a84-9074-8799b7986611,0.8910631445420529,1.0,16.0,0.20625848572172636,0.6,0.4781895633511416,0.7748754537301457,0.0,3.0,3.0,1
66761dc9-60da-4274-960b-97eab32042d2,e2cc89a7-6e52-40e3-8411-87a3295c8a0e,0.8910631445420529,1.0,16.0,0.20625848572172636,0.2,0.3237254478661281,0.030381800897473776,0.3,2.0,0.0,1
66761dc9-60da-4274-960b-97eab32042d2,2f70d43e-6f07-4505-9201-cce02cbbe2f9,0.8910631445420529,1.0,16.0,0.20625848572172636,0.2,0.9098855720694773,0.2703699432968346,0.0,4.0,2.0,1
66761dc9-60da-4274-960b-97eab32042d2,b9085332-b2b1-4b72-8021-b3b81398ce92,0.8910631445420529,1.0,16.0,0.20625848572172636,0.6,0.33544730729888195,0.5880404702366536,0.6,1.0,3.0,0
66761dc9-60da-4274-960b-97eab32042d2,e033b700-4879-4d96-af09-314a42b40ec0,0.8910631445420529,1.0,16.0,0.20625848572172636,0.6,0.5265277997852419,0.306413896951497,1.0,2.0,5.0,0
66761dc9-60da-4274-960b-97eab32042d2,5bccbbea-6061-4c3b-babf-9f5de9889c73,0.8910631445420529,1.0,16.0,0.20625848572172636,0.2,0.4789495794434827,0.42500061980149273,0.3,4.0,1.0,1
66761dc9-60da-4274-960b-97eab32042d2,e02821d5-6c11-48d3-9e5a-ab797cf10dfd,0.8910631445420529,1.0,16.0,0.20625848572172636,0.2,0.30278131508958317,0.8518530351666224,0.6,5.0,6.0,0
66761dc9-60da-4274-960b-97eab32042d2,8ed783a1-387d-4717-b5f7-15de4d9164c0,0.8910631445420529,1.0,16.0,0.20625848572172636,1.0,0.6957695377284588,0.9476351583956032,0.0,0.0,0.0,0
66761dc9-60da-4274-960b-97eab32042d2,50485b49-6f87-4fbb-a6d8-cc894f5ad343,0.8910631445420529,1.0,16.0,0.20625848572172636,0.2,0.489665412099198,0.42118413108785735,0.3,2.0,5.0,0
66761dc9-60da-4274-960b-97eab32042d2,0764c1e1-84c4-4344-814b-56f447356699,0.8910631445420529,1.0,16.0,0.20625848572172636,0.2,0.36478434898577183,0.31372887152086304,0.3,5.0,3.0,1
66761dc9-60da-4274-960b-97eab32042d2,2f2c32fa-6e32-4764-b476-b6f9b3cc5cd7,0.8910631445420529,1.0,16.0,0.20625848572172636,0.2,0.13396258547827183,0.29306867008666404,0.0,2.0,5.0,1
66761dc9-60da-4274-960b-97eab32042d2,667e3056-15dd-4db1-8e1b-b615cf4a3827,0.8910631445420529,1.0,16.0,0.20625848572172636,0.6,0.15606825708589728,0.7606037779959967,0.0,5.0,4.0,1
66761dc9-60da-4274-960b-97eab32042d2,723b0875-2f5c-406d-91ef-1ef6768c21e1,0.8910631445420529,1.0,16.0,0.20625848572172636,0.6,0.5865033881557733,0.9546606431143135,0.6,1.0,3.0,0
66761dc9-60da-4274-960b-97eab32042d2,0764c1e1-84c4-4344-814b-56f447356699,0.8910631445420529,1.0,16.0,0.20625848572172636,0.2,0.36478434898577183,0.31372887152086304,0.3,4.0,0.0,1
43be8664-50ed-4b0b-84ff-b6e3dcbecef2,667e3056-15dd-4db1-8e1b-b615cf4a3827,0.7719728945808231,0.6,3.0,0.9511440031416831,0.6,0.15606825708589728,0.7606037779959967,0.0,0.0,4.0,1
43be8664-50ed-4b0b-84ff-b6e3dcbecef2,2e56c0c7-a2d4-4606-8362-ead47ba989cf,0.7719728945808231,0.6,3.0,0.9511440031416831,1.0,0.9838404823093492,0.5555768002260758,0.0,0.0,3.0,1
43be8664-50ed-4b0b-84ff-b6e3dcbecef2,775861d5-545e-4ddf-b332-3aabb9bd0e76,0.7719728945808231,0.6,3.0,0.9511440031416831,1.0,0.8513642364331833,0.05300666587800451,0.6,5.0,1.0,0
43be8664-50ed-4b0b-84ff-b6e3dcbecef2,8ed783a1-387d-4717-b5f7-15de4d9164c0,0.7719728945808231,0.6,3.0,0.9511440031416831,1.0,0.6957695377284588,0.9476351583956032,0.0,1.0,1.0,1
43be8664-50ed-4b0b-84ff-b6e3dcbecef2,1fca9427-3cae-42d5-bed5-488302ac2459,0.7719728945808231,0.6,3.0,0.9511440031416831,0.6,0.396450442114459,0.6699625843471093,0.0,4.0,1.0,0
43be8664-50ed-4b0b-84ff-b6e3dcbecef2,16aa6851-6f56-441d-b1e3-84c8e2b58887,0.7719728945808231,0.6,3.0,0.9511440031416831,1.0,0.7017944767412314,0.7875435396564088,0.3,2.0,4.0,1
43be8664-50ed-4b0b-84ff-b6e3dcbecef2,2e62bb91-bbcc-427c-86f2-60487a06e1ea,0.7719728945808231,0.6,3.0,0.9511440031416831,0.6,0.9970298553106509,0.5346422845071757,0.3,4.0,4.0,0
43be8664-50ed-4b0b-84ff-b6e3dcbecef2,059f7915-4179-4fab-ab9a-979f2ce6e218,0.7719728945808231,0.6,3.0,0.9511440031416831,1.0,0.9507761192432672,0.14440395180459542,0.6,4.0,6.0,1
43be8664-50ed-4b0b-84ff-b6e3dcbecef2,85930d8e-50d0-4f7b-acb8-caaac625dd0e,0.7719728945808231,0.6,3.0,0.9511440031416831,1.0,0.718363556324442,0.8165727833244342,0.6,3.0,5.0,1
43be8664-50ed-4b0b-84ff-b6e3dcbecef2,3a71361b-e3e1-4223-b68a-ad50ca4dbe62,0.7719728945808231,0.6,3.0,0.9511440031416831,1.0,0.6047778022342388,0.49194088405803205,0.6,1.0,1.0,1
43be8664-50ed-4b0b-84ff-b6e3dcbecef2,10fa412c-7efe-46f7-89b0-c6aa11d87532,0.7719728945808231,0.6,3.0,0.9511440031416831,1.0,0.911960789245008,0.6298188715387788,0.3,0.0,2.0,0
43be8664-50ed-4b0b-84ff-b6e3dcbecef2,5ac7df38-e13e-4ddf-ac1d-8bd8825c2903,0.7719728945808231,0.6,3.0,0.9511440031416831,0.2,0.5606417702241059,0.9155246766150124,0.0,3.0,5.0,1
43be8664-50ed-4b0b-84ff-b6e3dcbecef2,15ffb6f4-0363-4611-afec-93fefe2ffd83,0.7719728945808231,0.6,3.0,0.9511440031416831,0.2,0.9223427256162328,0.7798431272433336,0.3,2.0,0.0,1
43be8664-50ed-4b0b-84ff-b6e3dcbecef2,382dc6cd-e931-4c06-8335-e8acc1df4c50,0.7719728945808231,0.6,3.0,0.9511440031416831,0.2,0.558623921637297,0.1308595947819554,1.0,5.0,4.0,1
43be8664-50ed-4b0b-84ff-b6e3dcbecef2,78c12d9f-999b-460d-b319-9bd7627866b0,0.7719728945808231,0.6,3.0,0.9511440031416831,0.2,0.5225456025796394,0.35235373770664025,0.3,2.0,0.0,0
43be8664-50ed-4b0b-84ff-b6e3dcbecef2,1dbb57c0-dbf1-4996-b33e-610ff0e1a4c5,0.7719728945808231,0.6,3.0,0.9511440031416831,0.2,0.6520298599863723,0.91316722678243,1.0,3.0,2.0,0
43be8664-50ed-4b0b-84ff-b6e3dcbecef2,85930d8e-50d0-4f7b-acb8-caaac625dd0e,0.7719728945808231,0.6,3.0,0.9511440031416831,1.0,0.718363556324442,0.8165727833244342,0.6,4.0,0.0,0
43be8664-50ed-4b0b-84ff-b6e3dcbecef2,bf1c16a4-e182-4ecc-8023-e458da60daac,0.7719728945808231,0.6,3.0,0.9511440031416831,1.0,0.24964749169716674,0.6258043806862246,0.6,1.0,2.0,0
43be8664-50ed-4b0b-84ff-b6e3dcbecef2,b61ea83c-607e-45d0-8e7b-1b85dc0719bf,0.7719728945808231,0.6,3.0,0.9511440031416831,0.2,0.48020855047645894,0.4947416007255965,1.0,2.0,4.0,1
43be8664-50ed-4b0b-84ff-b6e3dcbecef2,6cef895f-06aa-4942-bedd-72fff31eb379,0.7719728945808231,0.6,3.0,0.9511440031416831,0.2,0.8773089936408774,0.6446474280251517,1.0,0.0,5.0,1
43be8664-50ed-4b0b-84ff-b6e3dcbecef2,6a24fb3d-8584-44db-80ec-a8943d9d4953,0.7719728945808231,0.6,3.0,0.9511440031416831,0.2,0.7990830790974275,0.6468922285040184,0.6,0.0,1.0,1
43be8664-50ed-4b0b-84ff-b6e3dcbecef2,230352f2-770a-46c0-abe4-d7625139ab5e,0.7719728945808231,0.6,3.0,0.9511440031416831,0.2,0.6004574087726475,0.5930492421524886,0.0,0.0,6.0,1
43be8664-50ed-4b0b-84ff-b6e3dcbecef2,6a40cbad-655b-4606-9b92-d053c779e9a1,0.7719728945808231,0.6,3.0,0.9511440031416831,0.2,0.7251468800412657,0.941344002350994,0.0,3.0,2.0,1
43be8664-50ed-4b0b-84ff-b6e3dcbecef2,4df06409-5880-4fd2-840e-02e90385cc4e,0.7719728945808231,0.6,3.0,0.9511440031416831,1.0,0.19470747542775022,0.6843276576228667,0.0,0.0,4.0,0
43be8664-50ed-4b0b-84ff-b6e3dcbecef2,b02c207c-3d8f-47d1-94d5-ea09db74e5c8,0.7719728945808231,0.6,3.0,0.9511440031416831,0.6,0.3575527172065134,0.7990422256936793,0.3,4.0,6.0,1
43be8664-50ed-4b0b-84ff-b6e3dcbecef2,e033b700-4879-4d96-af09-314a42b40ec0,0.7719728945808231,0.6,3.0,0.9511440031416831,0.6,0.5265277997852419,0.306413896951497,1.0,0.0,6.0,1
43be8664-50ed-4b0b-84ff-b6e3dcbecef2,27de15b7-4423-4163-9a52-27eba3556133,0.7719728945808231,0.6,3.0,0.9511440031416831,0.2,0.8025233861040034,0.45458734247358457,0.6,0.0,5.0,1
43be8664-50ed-4b0b-84ff-b6e3dcbecef2,35fc8989-8da0-422f-a619-1517d94a5ef1,0.7719728945808231,0.6,3.0,0.9511440031416831,0.6,0.53636942704019,0.22090661672949963,1.0,3.0,0.0,0
43be8664-50ed-4b0b-84ff-b6e3dcbecef2,18c8f5c0-62d6-4353-8121-04a82ac26ed8,0.7719728945808231,0.6,3.0,0.9511440031416831,1.0,0.14611128000847454,0.5869443165834576,0.3,1.0,4.0,1
43be8664-50ed-4b0b-84ff-b6e3dcbecef2,bf1c16a4-e182-4ecc-8023-e458da60daac,0.7719728945808231,0.6,3.0,0.9511440031416831,1.0,0.24964749169716674,0.6258043806862246,0.6,0.0,4.0,1
43be8664-50ed-4b0b-84ff-b6e3dcbecef2,9f019ca3-6a4d-4f1c-8cfd-4fc983011cd8,0.7719728945808231,0.6,3.0,0.9511440031416831,0.6,0.8592879525285462,0.4771610349793223,0.6,4.0,0.0,0
43be8664-50ed-4b0b-84ff-b6e3dcbecef2,8d5761d4-efd9-4f9b-a561-e385778a1505,0.7719728945808231,0.6,3.0,0.9511440031416831,0.2,0.5667301021003356,0.19240837052962323,0.3,1.0,4.0,1
43be8664-50ed-4b0b-84ff-b6e3dcbecef2,6a40cbad-655b-4606-9b92-d053c779e9a1,0.7719728945808231,0.6,3.0,0.9511440031416831,0.2,0.7251468800412657,0.941344002350994,0.0,4.0,2.0,0
43be8664-50ed-4b0b-84ff-b6e3dcbecef2,61ae4cd0-4feb-4315-9993-55959a8ab125,0.7719728945808231,0.6,3.0,0.9511440031416831,0.6,0.5247340762216478,0.34315624408831924,0.0,1.0,1.0,0
43be8664-50ed-4b0b-84ff-b6e3dcbecef2,b61ea83c-607e-45d0-8e7b-1b85dc0719bf,0.7719728945808231,0.6,3.0,0.9511440031416831,0.2,0.48020855047645894,0.4947416007255965,1.0,2.0,4.0,1
43be8664-50ed-4b0b-84ff-b6e3dcbecef2,9ef9ff12-8bfc-4d55-ba1e-d4fa03792c95,0.7719728945808231,0.6,3.0,0.9511440031416831,0.2,0.482599597367356,0.7341152293318791,0.0,4.0,2.0,1
43be8664-50ed-4b0b-84ff-b6e3dcbecef2,3a71361b-e3e1-4223-b68a-ad50ca4dbe62,0.7719728945808231,0.6,3.0,0.9511440031416831,1.0,0.6047778022342388,0.49194088405803205,0.6,3.0,0.0,0
43be8664-50ed-4b0b-84ff-b6e3dcbecef2,b20bab7d-8fe1-4291-9511-746d551c6381,0.7719728945808231,0.6,3.0,0.9511440031416831,1.0,0.30803403606513613,0.290684856511908,0.0,4.0,5.0,0
43be8664-50ed-4b0b-84ff-b6e3dcbecef2,fe09dd6a-bc95-42e6-bb3c-61d404a20200,0.7719728945808231,0.6,3.0,0.9511440031416831,0.2,0.852490071939042,0.9956463958670673,0.3,1.0,0.0,0
43be8664-50ed-4b0b-84ff-b6e3dcbecef2,4e038b59-7940-4187-89a4-aa8900eb4584,0.7719728945808231,0.6,3.0,0.9511440031416831,0.6,0.8162686834681103,0.09548613580741361,0.3,1.0,6.0,0
8aaa0cf6-bc65-400e-9de6-aba22f090312,b67ddff0-7385-4797-a300-4a5924cf13c8,0.29400378007535743,0.2,3.0,0.7939333471847989,1.0,0.3295857149138473,0.12338020427621188,1.0,4.0,6.0,0
8aaa0cf6-bc65-400e-9de6-aba22f090312,2ab0f7b1-b672-4fd3-bf9d-b9435c307791,0.29400378007535743,0.2,3.0,0.7939333471847989,0.6,0.4930337984475558,0.8483250712740258,0.6,4.0,6.0,0
8aaa0cf6-bc65-400e-9de6-aba22f090312,020ff159-4271-4aa5-87f3-9295346f6563,0.29400378007535743,0.2,3.0,0.7939333471847989,0.6,0.31530071999913584,0.1616253953204818,0.0,0.0,1.0,0
8aaa0cf6-bc65-400e-9de6-aba22f090312,4e038b59-7940-4187-89a4-aa8900eb4584,0.29400378007535743,0.2,3.0,0.7939333471847989,0.6,0.8162686834681103,0.09548613580741361,0.3,3.0,5.0,1
8aaa0cf6-bc65-400e-9de6-aba22f090312,f2b47773-ae1a-4e1a-83d1-6e1190805e45,0.29400378007535743,0.2,3.0,0.7939333471847989,0.2,0.47451581704366996,0.8941437054017293,0.0,4.0,6.0,1
8aaa0cf6-bc65-400e-9de6-aba22f090312,b08e025f-b00e-487d-9769-6e771d335fcd,0.29400378007535743,0.2,3.0,0.7939333471847989,0.6,0.35587631985892465,0.5051778789164922,0.3,4.0,2.0,0
8aaa0cf6-bc65-400e-9de6-aba22f090312,122cf437-7436-42ed-ba9f-fd1238cad94f,0.29400378007535743,0.2,3.0,0.7939333471847989,0.6,0.7296624097080157,0.24684751428984442,0.6,0.0,4.0,1
8aaa0cf6-bc65-400e-9de6-aba22f090312,c4200dd0-0628-49ac-a3d4-9cafb23a3f7c,0.29400378007535743,0.2,3.0,0.7939333471847989,0.6,0.23204019132352335,0.14567973078804342,0.3,4.0,0.0,0
8aaa0cf6-bc65-400e-9de6-aba22f090312,bf54fdb0-6d82-479e-a9d5-78fc64767a17,0.29400378007535743,0.2,3.0,0.7939333471847989,0.2,0.17614837616217327,0.6505421545039386,1.0,2.0,3.0,1
8aaa0cf6-bc65-400e-9de6-aba22f090312,e033b700-4879-4d96-af09-314a42b40ec0,0.29400378007535743,0.2,3.0,0.7939333471847989,0.6,0.5265277997852419,0.306413896951497,1.0,0.0,0.0,0
8aaa0cf6-bc65-400e-9de6-aba22f090312,290546aa-9a27-44b0-96cf-1cbe5de0ac63,0.29400378007535743,0.2,3.0,0.7939333471847989,0.2,0.8840031953521331,0.909469052204089,0.3,5.0,2.0,1
8aaa0cf6-bc65-400e-9de6-aba22f090312,bc2b645f-2327-4ce9-a2d2-c4dfb4c037a4,0.29400378007535743,0.2,3.0,0.7939333471847989,0.6,0.565732669170513,0.9898859782322003,1.0,2.0,6.0,1
8aaa0cf6-bc65-400e-9de6-aba22f090312,21197103-286c-4e08-8f2e-e1f0c1aa4b65,0.29400378007535743,0.2,3.0,0.7939333471847989,0.2,0.974231980237957,0.8883695246489081,0.6,2.0,3.0,0
8aaa0cf6-bc65-400e-9de6-aba22f090312,fe09dd6a-bc95-42e6-bb3c-61d404a20200,0.29400378007535743,0.2,3.0,0.7939333471847989,0.2,0.852490071939042,0.9956463958670673,0.3,0.0,5.0,1
8aaa0cf6-bc65-400e-9de6-aba22f090312,c4200dd0-0628-49ac-a3d4-9cafb23a3f7c,0.29400378007535743,0.2,3.0,0.7939333471847989,0.6,0.23204019132352335,0.14567973078804342,0.3,3.0,1.0,1
8aaa0cf6-bc65-400e-9de6-aba22f090312,230352f2-770a-46c0-abe4-d7625139ab5e,0.29400378007535743,0.2,3.0,0.7939333471847989,0.2,0.6004574087726475,0.5930492421524886,0.0,3.0,6.0,1
8aaa0cf6-bc65-400e-9de6-aba22f090312,4ba8e189-dadf-4dd5-b53d-7c4e20e6a1b9,0.29400378007535743,0.2,3.0,0.7939333471847989,1.0,0.4261308026245366,0.5885791737632688,0.3,2.0,0.0,0
8aaa0cf6-bc65-400e-9de6-aba22f090312,18c8f5c0-62d6-4353-8121-04a82ac26ed8,0.29400378007535743,0.2,3.0,0.7939333471847989,1.0,0.14611128000847454,0.5869443165834576,0.3,1.0,0.0,0
8aaa0cf6-bc65-400e-9de6-aba22f090312,547da744-4911-48fa-9b2f-1b550cf8ac17,0.29400378007535743,0.2,3.0,0.7939333471847989,1.0,0.45632620168229077,0.11858678619598295,1.0,3.0,3.0,0
8aaa0cf6-bc65-400e-9de6-aba22f090312,d05c6a73-7fda-4aba-88c3-900cedb6b9a6,0.29400378007535743,0.2,3.0,0.7939333471847989,0.6,0.37465691625557584,0.04502897108590176,0.0,4.0,0.0,0
8aaa0cf6-bc65-400e-9de6-aba22f090312,74e91ec2-7e97-4477-a254-e11129eee045,0.29400378007535743,0.2,3.0,0.7939333471847989,1.0,0.4127752338799551,0.9613455666412534,0.3,5.0,2.0,1
8aaa0cf6-bc65-400e-9de6-aba22f090312,2e56c0c7-a2d4-4606-8362-ead47ba989cf,0.29400378007535743,0.2,3.0,0.7939333471847989,1.0,0.9838404823093492,0.5555768002260758,0.0,0.0,5.0,0
8aaa0cf6-bc65-400e-9de6-aba22f090312,230352f2-770a-46c0-abe4-d7625139ab5e,0.29400378007535743,0.2,3.0,0.7939333471847989,0.2,0.6004574087726475,0.5930492421524886,0.0,5.0,3.0,0
8aaa0cf6-bc65-400e-9de6-aba22f090312,a17bf541-effa-44fe-bb93-e99cb560a113,0.29400378007535743,0.2,3.0,0.7939333471847989,0.6,0.6843407970867683,0.1004271940167254,0.6,4.0,6.0,1
8aaa0cf6-bc65-400e-9de6-aba22f090312,90b5993b-1b5d-4363-8738-1f1566b34091,0.29400378007535743,0.2,3.0,0.7939333471847989,0.2,0.20193175818065728,0.8491249460757495,1.0,1.0,5.0,1
8aaa0cf6-bc65-400e-9de6-aba22f090312,15b5cdd7-9aed-490f-9cb8-4f9a900eb398,0.29400378007535743,0.2,3.0,0.7939333471847989,0.2,0.17789822129463906,0.6431782959777482,0.0,0.0,4.0,0
8aaa0cf6-bc65-400e-9de6-aba22f090312,425b9a2c-d3c2-418b-8da0-71ea5c07dd63,0.29400378007535743,0.2,3.0,0.7939333471847989,0.2,0.5351171693089606,0.9651204126148089,0.0,1.0,2.0,1
8aaa0cf6-bc65-400e-9de6-aba22f090312,1dbb57c0-dbf1-4996-b33e-610ff0e1a4c5,0.29400378007535743,0.2,3.0,0.7939333471847989,0.2,0.6520298599863723,0.91316722678243,1.0,4.0,1.0,0
8aaa0cf6-bc65-400e-9de6-aba22f090312,b1ef27f4-c212-4d80-95b3-1ccfcccee40b,0.29400378007535743,0.2,3.0,0.7939333471847989,1.0,0.273179116013828,0.9075422104826739,1.0,1.0,4.0,0
8aaa0cf6-bc65-400e-9de6-aba22f090312,dbb00897-88a6-4e66-bf2b-d540c730bdb9,0.29400378007535743,0.2,3.0,0.7939333471847989,0.6,0.9518329178984374,0.4047620165937216,0.0,2.0,1.0,0
8aaa0cf6-bc65-400e-9de6-aba22f090312,b9085332-b2b1-4b72-8021-b3b81398ce92,0.29400378007535743,0.2,3.0,0.7939333471847989,0.6,0.33544730729888195,0.5880404702366536,0.6,5.0,4.0,0
8aaa0cf6-bc65-400e-9de6-aba22f090312,29943de0-bf3c-49cd-84da-43ca10216d5a,0.29400378007535743,0.2,3.0,0.7939333471847989,1.0,0.24742902261843305,0.882207830248756,0.0,4.0,2.0,1
8aaa0cf6-bc65-400e-9de6-aba22f090312,68ffa0bd-b298-4476-a51a-141035550fd6,0.29400378007535743,0.2,3.0,0.7939333471847989,1.0,0.7873450415195071,0.20198131932556307,0.3,5.0,3.0,0
8aaa0cf6-bc65-400e-9de6-aba22f090312,686e3aa2-fafa-49b8-ae04-90315babb1d4,0.29400378007535743,0.2,3.0,0.7939333471847989,0.2,0.2485402182633587,0.3567460645487345,1.0,0.0,2.0,0
8aaa0cf6-bc65-400e-9de6-aba22f090312,ef4564ad-37cb-422e-9258-c0dd09e686d8,0.29400378007535743,0.2,3.0,0.7939333471847989,0.6,0.7134305197216956,0.4952020834976343,0.0,4.0,2.0,0
8aaa0cf6-bc65-400e-9de6-aba22f090312,e033b700-4879-4d96-af09-314a42b40ec0,0.29400378007535743,0.2,3.0,0.7939333471847989,0.6,0.5265277997852419,0.306413896951497,1.0,4.0,1.0,0
8aaa0cf6-bc65-400e-9de6-aba22f090312,bf1c16a4-e182-4ecc-8023-e458da60daac,0.29400378007535743,0.2,3.0,0.7939333471847989,1.0,0.24964749169716674,0.6258043806862246,0.6,0.0,6.0,1
8aaa0cf6-bc65-400e-9de6-aba22f090312,e4db18b0-d91a-4fe4-b05f-eda25f38ea0d,0.29400378007535743,0.2,3.0,0.7939333471847989,0.2,0.5776591949487476,0.19019373944895102,0.3,4.0,0.0,1
8aaa0cf6-bc65-400e-9de6-aba22f090312,3e8780dc-c7a9-4934-8e6f-110d379812e4,0.29400378007535743,0.2,3.0,0.7939333471847989,1.0,0.5060570262278341,0.2300402347272693,0.6,4.0,5.0,0
8aaa0cf6-bc65-400e-9de6-aba22f090312,7cae5725-f4a7-4615-ab21-00fad572f2f3,0.29400378007535743,0.2,3.0,0.7939333471847989,1.0,0.8991240703271256,0.15308566915688449,0.3,3.0,0.0,0
eb8bc5f8-d4f7-413f-8008-1fda46607138,e02821d5-6c11-48d3-9e5a-ab797cf10dfd,0.30881353684249335,0.6,19.0,0.36850372384555447,0.2,0.30278131508958317,0.8518530351666224,0.6,4.0,3.0,0
eb8bc5f8-d4f7-413f-8008-1fda46607138,85f2c72b-1210-493c-bae7-744c4b2353fc,0.30881353684249335,0.6,19.0,0.36850372384555447,0.6,0.5307520434712122,0.17871782093842026,1.0,4.0,2.0,0
eb8bc5f8-d4f7-413f-8008-1fda46607138,fe560b2d-9461-419f-952d-3526d1d58cc6,0.30881353684249335,0.6,19.0,0.36850372384555447,1.0,0.582611192457266,0.5549319795003286,0.0,1.0,5.0,1
eb8bc5f8-d4f7-413f-8008-1fda46607138,2e62bb91-bbcc-427c-86f2-60487a06e1ea,0.30881353684249335,0.6,19.0,0.36850372384555447,0.6,0.9970298553106509,0.5346422845071757,0.3,5.0,0.0,0
eb8bc5f8-d4f7-413f-8008-1fda46607138,d96815d9-4db7-48f0-85a0-eddc3b7b916f,0.30881353684249335,0.6,19.0,0.36850372384555447,0.6,0.4536278778772145,0.0754688004112799,1.0,3.0,1.0,0
eb8bc5f8-d4f7-413f-8008-1fda46607138,b7334163-6b0b-4be1-b584-94370f17d451,0.30881353684249335,0.6,19.0,0.36850372384555447,1.0,0.6214743123780008,0.24793030815786732,0.6,1.0,6.0,0
eb8bc5f8-d4f7-413f-8008-1fda46607138,69f0bb17-25d2-40ca-9934-1d66d65b38ec,0.30881353684249335,0.6,19.0,0.36850372384555447,1.0,0.5123580186270776,0.31857910523425825,0.6,5.0,0.0,1
eb8bc5f8-d4f7-413f-8008-1fda46607138,5b598b97-310b-48b1-a31c-086e59102b7b,0.30881353684249335,0.6,19.0,0.36850372384555447,0.2,0.7003193052156396,0.8859898883469448,0.0,0.0,2.0,1
eb8bc5f8-d4f7-413f-8008-1fda46607138,a26f3aa1-8131-40eb-8610-e57f92d60b1d,0.30881353684249335,0.6,19.0,0.36850372384555447,0.6,0.5405955324673002,0.22788898669340596,0.3,0.0,2.0,1
eb8bc5f8-d4f7-413f-8008-1fda46607138,68ffa0bd-b298-4476-a51a-141035550fd6,0.30881353684249335,0.6,19.0,0.36850372384555447,1.0,0.7873450415195071,0.20198131932556307,0.3,5.0,3.0,0
eb8bc5f8-d4f7-413f-8008-1fda46607138,e44b9013-f4a8-49bf-9379-87dcbb2e8e53,0.30881353684249335,0.6,19.0,0.36850372384555447,1.0,0.36258242224859283,0.32306846386650134,0.3,3.0,2.0,0
eb8bc5f8-d4f7-413f-8008-1fda46607138,2f70d43e-6f07-4505-9201-cce02cbbe2f9,0.30881353684249335,0.6,19.0,0.36850372384555447,0.2,0.9098855720694773,0.2703699432968346,0.0,5.0,4.0,0
eb8bc5f8-d4f7-413f-8008-1fda46607138,86df6ab5-0a91-4c31-ae77-b6a97acaa3b6,0.30881353684249335,0.6,19.0,0.36850372384555447,0.2,0.6626325512293207,0.22621734088053103,1.0,3.0,2.0,1
eb8bc5f8-d4f7-413f-8008-1fda46607138,8ed783a1-387d-4717-b5f7-15de4d9164c0,0.30881353684249335,0.6,19.0,0.36850372384555447,1.0,0.6957695377284588,0.9476351583956032,0.0,3.0,6.0,1
eb8bc5f8-d4f7-413f-8008-1fda46607138,e8099b2a-0582-4c26-a562-02489ef37a4d,0.30881353684249335,0.6,19.0,0.36850372384555447,1.0,0.5135230437741315,0.3765636685032894,1.0,5.0,3.0,0
eb8bc5f8-d4f7-413f-8008-1fda46607138,3feb240a-54de-4548-9d6d-6b68da72c588,0.30881353684249335,0.6,19.0,0.36850372384555447,0.6,0.3534939575862086,0.46875086538360267,0.6,0.0,3.0,1
eb8bc5f8-d4f7-413f-8008-1fda46607138,45cea0cf-acbc-4a1c-ae67-7da156ce4e33,0.30881353684249335,0.6,19.0,0.36850372384555447,0.6,0.44790999008794674,0.8240533460888545,0.3,5.0,6.0,0
eb8bc5f8-d4f7-413f-8008-1fda46607138,06497e85-86a1-47f4-bbdd-a5f778924253,0.30881353684249335,0.6,19.0,0.36850372384555447,0.2,0.19052222599951962,0.20137632619118384,0.3,3.0,5.0,0
eb8bc5f8-d4f7-413f-8008-1fda46607138,b08c5e45-1706-4711-993f-50cbf58e2335,0.30881353684249335,0.6,19.0,0.36850372384555447,0.6,0.7901117853804409,0.22604311984039915,0.0,0.0,2.0,0
eb8bc5f8-d4f7-413f-8008-1fda46607138,74148153-f45d-4239-a353-bd87a356743e,0.30881353684249335,0.6,19.0,0.36850372384555447,0.6,0.6999994035333063,0.6902791079691951,0.6,1.0,4.0,1
eb8bc5f8-d4f7-413f-8008-1fda46607138,78c12d9f-999b-460d-b319-9bd7627866b0,0.30881353684249335,0.6,19.0,0.36850372384555447,0.2,0.5225456025796394,0.35235373770664025,0.3,4.0,6.0,1
eb8bc5f8-d4f7-413f-8008-1fda46607138,897e2fd6-d062-4d6b-8350-be1ff289f7d2,0.30881353684249335,0.6,19.0,0.36850372384555447,1.0,0.27839323550003814,0.5426957391813381,1.0,3.0,0.0,0
eb8bc5f8-d4f7-413f-8008-1fda46607138,2a4e6f6f-8a97-4b0f-8706-b5b5c9a3506e,0.30881353684249335,0.6,19.0,0.36850372384555447,1.0,0.508305717299449,0.5779541132057853,1.0,3.0,6.0,0
eb8bc5f8-d4f7-413f-8008-1fda46607138,b404278c-bd4e-43f3-b805-2473f7c0eb3d,0.30881353684249335,0.6,19.0,0.36850372384555447,0.6,0.2463507248368063,0.8830515088702483,0.3,2.0,4.0,0
eb8bc5f8-d4f7-413f-8008-1fda46607138,03be5e2c-49dc-49c9-bf6c-bd633714d57c,0.30881353684249335,0.6,19.0,0.36850372384555447,0.2,0.23003808241798443,0.40233767223870887,0.0,3.0,2.0,1
eb8bc5f8-d4f7-413f-8008-1fda46607138,2fd06511-a2df-41a4-b9b8-72ad25edbef7,0.30881353684249335,0.6,19.0,0.36850372384555447,1.0,0.8121414643536927,0.9186858244934103,0.3,3.0,0.0,0
eb8bc5f8-d4f7-413f-8008-1fda46607138,f4511c0e-1907-4564-85be-6208646f9403,0.30881353684249335,0.6,19.0,0.36850372384555447,0.6,0.9737144331912416,0.8489993802384885,0.3,1.0,3.0,1
eb8bc5f8-d4f7-413f-8008-1fda46607138,7a3805f8-637d-41ce-ac78-d79938def8ea,0.30881353684249335,0.6,19.0,0.36850372384555447,0.2,0.6005977206832448,0.609661198171549,0.0,3.0,0.0,1
eb8bc5f8-d4f7-413f-8008-1fda46607138,db87c9f7-0d43-43e7-bfc8-10a75114f27b,0.30881353684249335,0.6,19.0,0.36850372384555447,1.0,0.5554553024932305,0.03495342538664914,0.6,3.0,1.0,0
eb8bc5f8-d4f7-413f-8008-1fda46607138,1f1d5ce2-33eb-44b8-b139-1507fb4718cc,0.30881353684249335,0.6,19.0,0.36850372384555447,1.0,0.5291681488699617,0.6223076451667475,0.0,0.0,1.0,0
eb8bc5f8-d4f7-413f-8008-1fda46607138,a86f1d29-fc0a-43b2-a5f5-1c81ea61e113,0.30881353684249335,0.6,19.0,0.36850372384555447,0.2,0.5459412758711781,0.9929580634194145,0.6,0.0,3.0,0
eb8bc5f8-d4f7-413f-8008-1fda46607138,4fdb3305-ba7f-45fd-908f-aee1f36874a7,0.30881353684249335,0.6,19.0,0.36850372384555447,0.2,0.9186809012161644,0.8525202868433427,1.0,0.0,5.0,0
eb8bc5f8-d4f7-413f-8008-1fda46607138,425b9a2c-d3c2-418b-8da0-71ea5c07dd63,0.30881353684249335,0.6,19.0,0.36850372384555447,0.2,0.5351171693089606,0.9651204126148089,0.0,0.0,3.0,1
eb8bc5f8-d4f7-413f-8008-1fda46607138,b675fdc1-c9db-4f65-ad76-cb5d41d88b8a,0.30881353684249335,0.6,19.0,0.36850372384555447,0.2,0.6871950997280843,0.6183737144963264,0.0,5.0,3.0,1
eb8bc5f8-d4f7-413f-8008-1fda46607138,68ffa0bd-b298-4476-a51a-141035550fd6,0.30881353684249335,0.6,19.0,0.36850372384555447,1.0,0.7873450415195071,0.20198131932556307,0.3,3.0,3.0,0
eb8bc5f8-d4f7-413f-8008-1fda46607138,34df5d01-15ed-49be-beaf-1edba5ce73f3,0.30881353684249335,0.6,19.0,0.36850372384555447,0.2,0.570771685431961,0.8647552667165631,0.3,0.0,0.0,0
eb8bc5f8-d4f7-413f-8008-1fda46607138,6720ccab-682e-40ac-9103-5e1a7cedc597,0.30881353684249335,0.6,19.0,0.36850372384555447,1.0,0.34528416725327743,0.5038671262185984,1.0,3.0,5.0,0
eb8bc5f8-d4f7-413f-8008-1fda46607138,2270dcd6-f4ba-4acf-b863-271ea249c419,0.30881353684249335,0.6,19.0,0.36850372384555447,0.6,0.888509462672205,0.11768090665028597,0.0,3.0,0.0,0
eb8bc5f8-d4f7-413f-8008-1fda46607138,db87c9f7-0d43-43e7-bfc8-10a75114f27b,0.30881353684249335,0.6,19.0,0.36850372384555447,1.0,0.5554553024932305,0.03495342538664914,0.6,3.0,0.0,0
eb8bc5f8-d4f7-413f-8008-1fda46607138,5ac7df38-e13e-4ddf-ac1d-8bd8825c2903,0.30881353684249335,0.6,19.0,0.36850372384555447,0.2,0.5606417702241059,0.9155246766150124,0.0,2.0,1.0,1
21f83020-ccee-4ab0-9b50-b62367d37b1d,042f11d0-6ddd-4561-8c2c-5e00545a621e,0.44001620145528103,1.0,20.0,0.8823302523135179,1.0,0.7872798003899497,0.9285445017428434,0.6,0.0,4.0,1
21f83020-ccee-4ab0-9b50-b62367d37b1d,2e56c0c7-a2d4-4606-8362-ead47ba989cf,0.44001620145528103,1.0,20.0,0.8823302523135179,1.0,0.9838404823093492,0.5555768002260758,0.0,4.0,4.0,0
21f83020-ccee-4ab0-9b50-b62367d37b1d,34df5d01-15ed-49be-beaf-1edba5ce73f3,0.44001620145528103,1.0,20.0,0.8823302523135179,0.2,0.570771685431961,0.8647552667165631,0.3,2.0,1.0,0
21f83020-ccee-4ab0-9b50-b62367d37b1d,2e62bb91-bbcc-427c-86f2-60487a06e1ea,0.44001620145528103,1.0,20.0,0.8823302523135179,0.6,0.9970298553106509,0.5346422845071757,0.3,5.0,3.0,1
21f83020-ccee-4ab0-9b50-b62367d37b1d,b008e459-aec4-4940-b0b0-b9521473a99b,0.44001620145528103,1.0,20.0,0.8823302523135179,0.2,0.8465976222683373,0.22635650862391665,1.0,3.0,4.0,1
21f83020-ccee-4ab0-9b50-b62367d37b1d,a26f3aa1-8131-40eb-8610-e57f92d60b1d,0.44001620145528103,1.0,20.0,0.8823302523135179,0.6,0.5405955324673002,0.22788898669340596,0.3,1.0,5.0,0
21f83020-ccee-4ab0-9b50-b62367d37b1d,f32bd05f-f328-4f1a-be52-e7eeae8d75e8,0.44001620145528103,1.0,20.0,0.8823302523135179,1.0,0.7522989076063284,0.09818661644669102,0.3,3.0,4.0,1
21f83020-ccee-4ab0-9b50-b62367d37b1d,686e3aa2-fafa-49b8-ae04-90315babb1d4,0.44001620145528103,1.0,20.0,0.8823302523135179,0.2,0.2485402182633587,0.3567460645487345,1.0,1.0,5.0,0
21f83020-ccee-4ab0-9b50-b62367d37b1d,7d8ed681-553e-4f86-8328-93bdf476bee2,0.44001620145528103,1.0,20.0,0.8823302523135179,0.6,0.8243337011258274,0.4855544869796419,1.0,1.0,6.0,1
21f83020-ccee-4ab0-9b50-b62367d37b1d,cf67b867-661f-4761-aa9e-bd64b50cabad,0.44001620145528103,1.0,20.0,0.8823302523135179,0.6,0.9775452477834666,0.8291857681957223,0.6,0.0,6.0,1
21f83020-ccee-4ab0-9b50-b62367d37b1d,5c1d0582-adee-41cb-bbe3-230e78acd299,0.44001620145528103,1.0,20.0,0.8823302523135179,0.6,0.13442713841525677,0.8039132575143135,1.0,5.0,5.0,1
21f83020-ccee-4ab0-9b50-b62367d37b1d,35fc8989-8da0-422f-a619-1517d94a5ef1,0.44001620145528103,1.0,20.0,0.8823302523135179,0.6,0.53636942704019,0.22090661672949963,1.0,5.0,1.0,0
21f83020-ccee-4ab0-9b50-b62367d37b1d,0c914be4-9a3f-42b1-9a0d-7b75e4458ea2,0.44001620145528103,1.0,20.0,0.8823302523135179,0.2,0.6120270413649967,0.8895054166969376,0.3,3.0,5.0,1
21f83020-ccee-4ab0-9b50-b62367d37b1d,01fe4a49-c1a0-4cc3-8dc8-8402e6b11064,0.44001620145528103,1.0,20.0,0.8823302523135179,1.0,0.6879754206461195,0.49287097672138225,0.3,4.0,4.0,0
21f83020-ccee-4ab0-9b50-b62367d37b1d,cf67b867-661f-4761-aa9e-bd64b50cabad,0.44001620145528103,1.0,20.0,0.8823302523135179,0.6,0.9775452477834666,0.8291857681957223,0.6,4.0,0.0,0
21f83020-ccee-4ab0-9b50-b62367d37b1d,ef4564ad-37cb-422e-9258-c0dd09e686d8,0.44001620145528103,1.0,20.0,0.8823302523135179,0.6,0.7134305197216956,0.4952020834976343,0.0,5.0,0.0,1
21f83020-ccee-4ab0-9b50-b62367d37b1d,dba04d24-2e37-4c46-ae54-9c34510dff1f,0.44001620145528103,1.0,20.0,0.8823302523135179,1.0,0.8419986133538263,0.7052929283686935,0.0,5.0,6.0,1
21f83020-ccee-4ab0-9b50-b62367d37b1d,79cb3b8e-aafa-418e-97aa-f7fdcb3d6c58,0.44001620145528103,1.0,20.0,0.8823302523135179,0.2,0.3730266808058288,0.7752357696427774,0.3,4.0,2.0,0
21f83020-ccee-4ab0-9b50-b62367d37b1d,b08c5e45-1706-4711-993f-50cbf58e2335,0.44001620145528103,1.0,20.0,0.8823302523135179,0.6,0.7901117853804409,0.22604311984039915,0.0,4.0,3.0,0
21f83020-ccee-4ab0-9b50-b62367d37b1d,51656879-b9de-4976-b3d5-c8a240739e35,0.44001620145528103,1.0,20.0,0.8823302523135179,0.6,0.12393733137164058,0.5053225155587664,1.0,5.0,4.0,0
21f83020-ccee-4ab0-9b50-b62367d37b1d,34df5d01-15ed-49be-beaf-1edba5ce73f3,0.44001620145528103,1.0,20.0,0.8823302523135179,0.2,0.570771685431961,0.8647552667165631,0.3,3.0,2.0,1
21f83020-ccee-4ab0-9b50-b62367d37b1d,e44b9013-f4a8-49bf-9379-87dcbb2e8e53,0.44001620145528103,1.0,20.0,0.8823302523135179,1.0,0.36258242224859283,0.32306846386650134,0.3,4.0,4.0,1
21f83020-ccee-4ab0-9b50-b62367d37b1d,ae260348-9d86-49fc-b010-b38655f0aa4c,0.44001620145528103,1.0,20.0,0.8823302523135179,0.6,0.6156726777562007,0.7631540220976764,0.3,2.0,6.0,0
21f83020-ccee-4ab0-9b50-b62367d37b1d,0764c1e1-84c4-4344-814b-56f447356699,0.44001620145528103,1.0,20.0,0.8823302523135179,0.2,0.36478434898577183,0.31372887152086304,0.3,2.0,1.0,1
21f83020-ccee-4ab0-9b50-b62367d37b1d,b7334163-6b0b-4be1-b584-94370f17d451,0.44001620145528103,1.0,20.0,0.8823302523135179,1.0,0.6214743123780008,0.24793030815786732,0.6,1.0,6.0,0
21f83020-ccee-4ab0-9b50-b62367d37b1d,b76881f6-7f27-4c43-8ef9-41162752919f,0.44001620145528103,1.0,20.0,0.8823302523135179,1.0,0.440401152269174,0.05205596231391263,0.0,2.0,4.0,0
21f83020-ccee-4ab0-9b50-b62367d37b1d,ca05174e-a4f7-4654-890c-a2d577d622a4,0.44001620145528103,1.0,20.0,0.8823302523135179,0.6,0.2772344656929614,0.3717860192537389,1.0,5.0,2.0,0
21f83020-ccee-4ab0-9b50-b62367d37b1d,69f0bb17-25d2-40ca-9934-1d66d65b38ec,0.44001620145528103,1.0,20.0,0.8823302523135179,1.0,0.5123580186270776,0.31857910523425825,0.6,4.0,2.0,0
21f83020-ccee-4ab0-9b50-b62367d37b1d,ab31027b-1533-4573-87ee-591c4e74f603,0.44001620145528103,1.0,20.0,0.8823302523135179,0.2,0.13414284675556443,0.8188515466757538,1.0,1.0,0.0,0
21f83020-ccee-4ab0-9b50-b62367d37b1d,1e9ac78a-0ad3-4758-94d2-679a7c60a672,0.44001620145528103,1.0,20.0,0.8823302523135179,0.6,0.1486437037821284,0.8157193928134632,0.6,1.0,4.0,0
21f83020-ccee-4ab0-9b50-b62367d37b1d,b7c1594e-c23f-4a6c-b842-737b0c93b147,0.44001620145528103,1.0,20.0,0.8823302523135179,1.0,0.3323463750225212,0.10510906779710338,0.3,5.0,6.0,1
21f83020-ccee-4ab0-9b50-b62367d37b1d,1fca9427-3cae-42d5-bed5-488302ac2459,0.44001620145528103,1.0,20.0,0.8823302523135179,0.6,0.396450442114459,0.6699625843471093,0.0,5.0,2.0,1
21f83020-ccee-4ab0-9b50-b62367d37b1d,09a8b01c-9886-431b-860f-484d959f9fd8,0.44001620145528103,1.0,20.0,0.8823302523135179,0.2,0.7949409365509817,0.650881327422057,0.0,1.0,2.0,1
21f83020-ccee-4ab0-9b50-b62367d37b1d,85930d8e-50d0-4f7b-acb8-caaac625dd0e,0.44001620145528103,1.0,20.0,0.8823302523135179,1.0,0.718363556324442,0.8165727833244342,0.6,4.0,3.0,1
21f83020-ccee-4ab0-9b50-b62367d37b1d,3e8780dc-c7a9-4934-8e6f-110d379812e4,0.44001620145528103,1.0,20.0,0.8823302523135179,1.0,0.5060570262278341,0.2300402347272693,0.6,3.0,3.0,0
21f83020-ccee-4ab0-9b50-b62367d37b1d,775861d5-545e-4ddf-b332-3aabb9bd0e76,0.44001620145528103,1.0,20.0,0.8823302523135179,1.0,0.8513642364331833,0.05300666587800451,0.6,4.0,4.0,1
21f83020-ccee-4ab0-9b50-b62367d37b1d,89df2650-7e95-4104-8f42-5cb62ffb481a,0.44001620145528103,1.0,20.0,0.8823302523135179,0.2,0.29630278019401196,0.3424606722909498,0.0,5.0,3.0,1
21f83020-ccee-4ab0-9b50-b62367d37b1d,3c045d5e-db0b-42a4-8b36-5a8f0192e0a9,0.44001620145528103,1.0,20.0,0.8823302523135179,0.6,0.9703557392871628,0.4741186336216032,0.3,2.0,0.0,1
21f83020-ccee-4ab0-9b50-b62367d37b1d,c777c23f-b2f3-4f1d-bbea-1e7286fac786,0.44001620145528103,1.0,20.0,0.8823302523135179,0.2,0.9597491309827612,0.04607692524933382,0.0,0.0,6.0,1
21f83020-ccee-4ab0-9b50-b62367d37b1d,79cb3b8e-aafa-418e-97aa-f7fdcb3d6c58,0.44001620145528103,1.0,20.0,0.8823302523135179,0.2,0.3730266808058288,0.7752357696427774,0.3,2.0,1.0,0
a66d0940-c484-4407-92a3-2e22c914fdb6,290546aa-9a27-44b0-96cf-1cbe5de0ac63,0.553786340668591,0.6,1.0,0.27383877417018676,0.2,0.8840031953521331,0.909469052204089,0.3,1.0,0.0,1
a66d0940-c484-4407-92a3-2e22c914fdb6,1b648ad6-0817-4f80-a7aa-9a94a583454e,0.553786340668591,0.6,1.0,0.27383877417018676,1.0,0.9167464792916038,0.10114468166917334,0.0,0.0,2.0,0
a66d0940-c484-4407-92a3-2e22c914fdb6,65c54c61-8bed-4502-891f-54207581973c,0.553786340668591,0.6,1.0,0.27383877417018676,0.6,0.5609694251913983,0.4769640187588726,1.0,3.0,1.0,0
a66d0940-c484-4407-92a3-2e22c914fdb6,8618c927-9c33-4057-8bfe-9828bd93601a,0.553786340668591,0.6,1.0,0.27383877417018676,0.6,0.22804722680585615,0.021203888490483047,0.6,2.0,4.0,1
a66d0940-c484-4407-92a3-2e22c914fdb6,bc2b645f-2327-4ce9-a2d2-c4dfb4c037a4,0.553786340668591,0.6,1.0,0.27383877417018676,0.6,0.565732669170513,0.9898859782322003,1.0,4.0,4.0,1
a66d0940-c484-4407-92a3-2e22c914fdb6,3ddfda87-b4e3-4c16-8683-a4523f15acf2,0.553786340668591,0.6,1.0,0.27383877417018676,1.0,0.9807055615364045,0.6381156208224877,0.3,1.0,4.0,0
a66d0940-c484-4407-92a3-2e22c914fdb6,34aadaae-a82c-41a6-b6ac-2ab4f11a8047,0.553786340668591,0.6,1.0,0.27383877417018676,0.2,0.11867463394112543,0.26611592959755015,0.6,4.0,5.0,0
a66d0940-c484-4407-92a3-2e22c914fdb6,16aa6851-6f56-441d-b1e3-84c8e2b58887,0.553786340668591,0.6,1.0,0.27383877417018676,1.0,0.7017944767412314,0.7875435396564088,0.3,0.0,0.0,0
a66d0940-c484-4407-92a3-2e22c914fdb6,01fe4a49-c1a0-4cc3-8dc8-8402e6b11064,0.553786340668591,0.6,1.0,0.27383877417018676,1.0,0.6879754206461195,0.49287097672138225,0.3,3.0,4.0,1
a66d0940-c484-4407-92a3-2e22c914fdb6,85f2c72b-1210-493c-bae7-744c4b2353fc,0.553786340668591,0.6,1.0,0.27383877417018676,0.6,0.5307520434712122,0.17871782093842026,1.0,2.0,0.0,0
a66d0940-c484-4407-92a3-2e22c914fdb6,fda140a2-2654-463e-a825-e101e2f7921b,0.553786340668591,0.6,1.0,0.27383877417018676,0.2,0.3998020556294877,0.9744658783076392,0.0,4.0,6.0,1
a66d0940-c484-4407-92a3-2e22c914fdb6,b67ddff0-7385-4797-a300-4a5924cf13c8,0.553786340668591,0.6,1.0,0.27383877417018676,1.0,0.3295857149138473,0.12338020427621188,1.0,1.0,0.0,0
a66d0940-c484-4407-92a3-2e22c914fdb6,15ffb6f4-0363-4611-afec-93fefe2ffd83,0.553786340668591,0.6,1.0,0.27383877417018676,0.2,0.9223427256162328,0.7798431272433336,0.3,3.0,1.0,1
a66d0940-c484-4407-92a3-2e22c914fdb6,a32c33b9-2ae0-4565-b4cd-8c363bd2dbb1,0.553786340668591,0.6,1.0,0.27383877417018676,0.6,0.4675427346881219,0.5919389716094521,0.3,0.0,4.0,1
a66d0940-c484-4407-92a3-2e22c914fdb6,694b0a7e-d4bd-489d-991e-0fc7e0b7eae9,0.553786340668591,0.6,1.0,0.27383877417018676,0.6,0.3343722183141432,0.2359196929431705,1.0,3.0,6.0,1
a66d0940-c484-4407-92a3-2e22c914fdb6,85736eaa-5d46-446f-bc37-90664659af7c,0.553786340668591,0.6,1.0,0.27383877417018676,0.2,0.5071632128531129,0.5363921784426651,0.3,3.0,4.0,0
a66d0940-c484-4407-92a3-2e22c914fdb6,4e038b59-7940-4187-89a4-aa8900eb4584,0.553786340668591,0.6,1.0,0.27383877417018676,0.6,0.8162686834681103,0.09548613580741361,0.3,2.0,1.0,0
a66d0940-c484-4407-92a3-2e22c914fdb6,87a7aeb8-bf34-460e-bb3c-fbe35cf1ef81,0.553786340668591,0.6,1.0,0.27383877417018676,1.0,0.7885085605778664,0.825897641598029,0.6,1.0,6.0,1
a66d0940-c484-4407-92a3-2e22c914fdb6,78815b00-b8cf-4b53-9b5c-0a0cc08481cf,0.553786340668591,0.6,1.0,0.27383877417018676,0.6,0.9610158815047943,0.2578843936513069,0.0,3.0,2.0,1
a66d0940-c484-4407-92a3-2e22c914fdb6,84c440d3-55ef-46aa-abeb-ca96e8632be9,0.553786340668591,0.6,1.0,0.27383877417018676,0.6,0.5539423499120992,0.05768859541460958,0.6,3.0,4.0,0
a66d0940-c484-4407-92a3-2e22c914fdb6,a86f1d29-fc0a-43b2-a5f5-1c81ea61e113,0.553786340668591,0.6,1.0,0.27383877417018676,0.2,0.5459412758711781,0.9929580634194145,0.6,1.0,5.0,1
a66d0940-c484-4407-92a3-2e22c914fdb6,bc2b645f-2327-4ce9-a2d2-c4dfb4c037a4,0.553786340668591,0.6,1.0,0.27383877417018676,0.6,0.565732669170513,0.9898859782322003,1.0,3.0,4.0,1
a66d0940-c484-4407-92a3-2e22c914fdb6,694b0a7e-d4bd-489d-991e-0fc7e0b7eae9,0.553786340668591,0.6,1.0,0.27383877417018676,0.6,0.3343722183141432,0.2359196929431705,1.0,3.0,5.0,1
a66d0940-c484-4407-92a3-2e22c914fdb6,5e05eec7-1e62-4d54-96f8-a536e832863a,0.553786340668591,0.6,1.0,0.27383877417018676,0.2,0.99982637880827,0.7415351340320897,0.0,2.0,2.0,1
a66d0940-c484-4407-92a3-2e22c914fdb6,3a71361b-e3e1-4223-b68a-ad50ca4dbe62,0.553786340668591,0.6,1.0,0.27383877417018676,1.0,0.6047778022342388,0.49194088405803205,0.6,3.0,1.0,0
a66d0940-c484-4407-92a3-2e22c914fdb6,9e41ae98-3ee0-4c48-9029-b5642a7cc95d,0.553786340668591,0.6,1.0,0.27383877417018676,1.0,0.7260508358588046,0.04490801776792286,0.6,4.0,4.0,0
a66d0940-c484-4407-92a3-2e22c914fdb6,e33220eb-1aa5-4702-8b7f-82096cbf244c,0.553786340668591,0.6,1.0,0.27383877417018676,0.2,0.8045091416614435,0.9303962480539164,0.0,2.0,0.0,1
a66d0940-c484-4407-92a3-2e22c914fdb6,e033b700-4879-4d96-af09-314a42b40ec0,0.553786340668591,0.6,1.0,0.27383877417018676,0.6,0.5265277997852419,0.306413896951497,1.0,0.0,4.0,1
a66d0940-c484-4407-92a3-2e22c914fdb6,bb149053-41e0-46bd-ae04-d392610b827f,0.553786340668591,0.6,1.0,0.27383877417018676,1.0,0.9892289095536471,0.5376980874726343,0.3,4.0,2.0,0
a66d0940-c484-4407-92a3-2e22c914fdb6,5e05eec7-1e62-4d54-96f8-a536e832863a,0.553786340668591,0.6,1.0,0.27383877417018676,0.2,0.99982637880827,0.7415351340320897,0.0,2.0,6.0,1
a66d0940-c484-4407-92a3-2e22c914fdb6,5a34f357-525c-4e8c-9761-fca6c5ef4a54,0.553786340668591,0.6,1.0,0.27383877417018676,1.0,0.32612342892093527,0.37000647225331373,0.3,1.0,4.0,0
a66d0940-c484-4407-92a3-2e22c914fdb6,4ae5516d-8df6-4ce0-a1a2-7fe96b97c4ed,0.553786340668591,0.6,1.0,0.27383877417018676,0.6,0.7394686693887754,0.3658730909863124,0.3,4.0,5.0,0
a66d0940-c484-4407-92a3-2e22c914fdb6,7a3805f8-637d-41ce-ac78-d79938def8ea,0.553786340668591,0.6,1.0,0.27383877417018676,0.2,0.6005977206832448,0.609661198171549,0.0,2.0,4.0,1
a66d0940-c484-4407-92a3-2e22c914fdb6,768074f2-fa60-4a87-b7e9-0fe45c042ba8,0.553786340668591,0.6,1.0,0.27383877417018676,0.6,0.44816631031351084,0.885378023796285,0.0,1.0,0.0,1
a66d0940-c484-4407-92a3-2e22c914fdb6,f4511c0e-1907-4564-85be-6208646f9403,0.553786340668591,0.6,1.0,0.27383877417018676,0.6,0.9737144331912416,0.8489993802384885,0.3,0.0,6.0,0
a66d0940-c484-4407-92a3-2e22c914fdb6,225af4bb-7dea-491a-b6ce-984e91ad99bf,0.553786340668591,0.6,1.0,0.27383877417018676,0.2,0.954287099322196,0.3931698082459284,0.3,4.0,0.0,1
a66d0940-c484-4407-92a3-2e22c914fdb6,1f8de1f5-f4a5-410b-85f9-a2177b221fd0,0.553786340668591,0.6,1.0,0.27383877417018676,0.2,0.9355406398663405,0.9993664824422813,1.0,5.0,1.0,0
a66d0940-c484-4407-92a3-2e22c914fdb6,45cea0cf-acbc-4a1c-ae67-7da156ce4e33,0.553786340668591,0.6,1.0,0.27383877417018676,0.6,0.44790999008794674,0.8240533460888545,0.3,0.0,2.0,0
a66d0940-c484-4407-92a3-2e22c914fdb6,319d65cc-35fb-4fd2-8d36-0aaeae8c1599,0.553786340668591,0.6,1.0,0.27383877417018676,0.2,0.3492163442071033,0.6358648613159886,0.3,0.0,4.0,1
a66d0940-c484-4407-92a3-2e22c914fdb6,8bf86bf8-6510-4e3c-a240-21e3b94e264e,0.553786340668591,0.6,1.0,0.27383877417018676,0.6,0.9444299160166787,0.9759914132168259,0.0,1.0,0.0,0
c5b905e5-d1e8-4059-9292-ce226c924504,01fe4a49-c1a0-4cc3-8dc8-8402e6b11064,0.49650304079460844,0.6,1.0,0.20283655127022585,1.0,0.6879754206461195,0.49287097672138225,0.3,4.0,6.0,0
c5b905e5-d1e8-4059-9292-ce226c924504,c2aa2f4b-31d0-4751-b78b-9bc94a917dd3,0.49650304079460844,0.6,1.0,0.20283655127022585,0.2,0.9632839642542039,0.47862263242291936,0.3,1.0,3.0,1
c5b905e5-d1e8-4059-9292-ce226c924504,122cf437-7436-42ed-ba9f-fd1238cad94f,0.49650304079460844,0.6,1.0,0.20283655127022585,0.6,0.7296624097080157,0.24684751428984442,0.6,1.0,5.0,1
c5b905e5-d1e8-4059-9292-ce226c924504,87a7aeb8-bf34-460e-bb3c-fbe35cf1ef81,0.49650304079460844,0.6,1.0,0.20283655127022585,1.0,0.7885085605778664,0.825897641598029,0.6,1.0,0.0,0
c5b905e5-d1e8-4059-9292-ce226c924504,90b5993b-1b5d-4363-8738-1f1566b34091,0.49650304079460844,0.6,1.0,0.20283655127022585,0.2,0.20193175818065728,0.8491249460757495,1.0,5.0,6.0,0
c5b905e5-d1e8-4059-9292-ce226c924504,153d2d46-4437-4840-90a1-e5308394b291,0.49650304079460844,0.6,1.0,0.20283655127022585,0.6,0.8859430875649702,0.004809331333315514,0.6,4.0,3.0,0
c5b905e5-d1e8-4059-9292-ce226c924504,3586835a-4f05-4964-8ca1-2138cebf95a6,0.49650304079460844,0.6,1.0,0.20283655127022585,1.0,0.6521758610516846,0.9475221766685487,0.0,4.0,4.0,0
c5b905e5-d1e8-4059-9292-ce226c924504,b30a4759-4017-4c73-a262-ebb3da889ea2,0.49650304079460844,0.6,1.0,0.20283655127022585,0.2,0.2824565624064378,0.9351062106319883,1.0,4.0,3.0,0
c5b905e5-d1e8-4059-9292-ce226c924504,c0831cb8-2671-4f2e-9498-e74d21da6f33,0.49650304079460844,0.6,1.0,0.20283655127022585,0.2,0.678838712580165,0.49622340240440477,1.0,0.0,1.0,0
c5b905e5-d1e8-4059-9292-ce226c924504,0279e518-1bb2-4b7d-adb3-74104bab7995,0.49650304079460844,0.6,1.0,0.20283655127022585,1.0,0.48298817741352884,0.6867808649438274,0.6,0.0,4.0,0
c5b905e5-d1e8-4059-9292-ce226c924504,be7b953b-bf68-42e7-957e-b6f8f29af69d,0.49650304079460844,0.6,1.0,0.20283655127022585,1.0,0.6945243897343877,0.4669732371344246,1.0,2.0,0.0,0
c5b905e5-d1e8-4059-9292-ce226c924504,5b598b97-310b-48b1-a31c-086e59102b7b,0.49650304079460844,0.6,1.0,0.20283655127022585,0.2,0.7003193052156396,0.8859898883469448,0.0,1.0,3.0,0
c5b905e5-d1e8-4059-9292-ce226c924504,0b680785-5c4e-4ff3-90da-a95bdb6ddea3,0.49650304079460844,0.6,1.0,0.20283655127022585,1.0,0.9476882864447816,0.37902629176285674,0.0,4.0,6.0,1
c5b905e5-d1e8-4059-9292-ce226c924504,6194ece5-783c-4da7-bdc5-d5536c904afd,0.49650304079460844,0.6,1.0,0.20283655127022585,0.6,0.6048572623235224,0.928472011746639,0.3,3.0,1.0,0
c5b905e5-d1e8-4059-9292-ce226c924504,72e21539-04f0-470f-b69d-9a418f7ff37b,0.49650304079460844,0.6,1.0,0.20283655127022585,0.2,0.6144010067276086,0.8682015664155024,0.6,2.0,3.0,0
c5b905e5-d1e8-4059-9292-ce226c924504,042f11d0-6ddd-4561-8c2c-5e00545a621e,0.49650304079460844,0.6,1.0,0.20283655127022585,1.0,0.7872798003899497,0.9285445017428434,0.6,1.0,3.0,0
c5b905e5-d1e8-4059-9292-ce226c924504,45cea0cf-acbc-4a1c-ae67-7da156ce4e33,0.49650304079460844,0.6,1.0,0.20283655127022585,0.6,0.44790999008794674,0.8240533460888545,0.3,1.0,5.0,1
c5b905e5-d1e8-4059-9292-ce226c924504,c777c23f-b2f3-4f1d-bbea-1e7286fac786,0.49650304079460844,0.6,1.0,0.20283655127022585,0.2,0.9597491309827612,0.04607692524933382,0.0,2.0,3.0,0
c5b905e5-d1e8-4059-9292-ce226c924504,cf67b867-661f-4761-aa9e-bd64b50cabad,0.49650304079460844,0.6,1.0,0.20283655127022585,0.6,0.9775452477834666,0.8291857681957223,0.6,0.0,4.0,0
c5b905e5-d1e8-4059-9292-ce226c924504,1dbb57c0-dbf1-4996-b33e-610ff0e1a4c5,0.49650304079460844,0.6,1.0,0.20283655127022585,0.2,0.6520298599863723,0.91316722678243,1.0,3.0,0.0,0
c5b905e5-d1e8-4059-9292-ce226c924504,9ba51c49-9d6a-423a-905e-593237ec3ec2,0.49650304079460844,0.6,1.0,0.20283655127022585,0.2,0.5056427924137512,0.14164644156570538,1.0,0.0,2.0,1
c5b905e5-d1e8-4059-9292-ce226c924504,897e2fd6-d062-4d6b-8350-be1ff289f7d2,0.49650304079460844,0.6,1.0,0.20283655127022585,1.0,0.27839323550003814,0.5426957391813381,1.0,1.0,0.0,1
c5b905e5-d1e8-4059-9292-ce226c924504,b08e025f-b00e-487d-9769-6e771d335fcd,0.49650304079460844,0.6,1.0,0.20283655127022585,0.6,0.35587631985892465,0.5051778789164922,0.3,2.0,0.0,1
c5b905e5-d1e8-4059-9292-ce226c924504,ab31027b-1533-4573-87ee-591c4e74f603,0.49650304079460844,0.6,1.0,0.20283655127022585,0.2,0.13414284675556443,0.8188515466757538,1.0,2.0,0.0,1
c5b905e5-d1e8-4059-9292-ce226c924504,fb36e3d1-7446-45e0-9d41-48f394b60fa9,0.49650304079460844,0.6,1.0,0.20283655127022585,0.6,0.6937735815060089,0.32932384475875576,0.0,2.0,4.0,1
c5b905e5-d1e8-4059-9292-ce226c924504,9e41ae98-3ee0-4c48-9029-b5642a7cc95d,0.49650304079460844,0.6,1.0,0.20283655127022585,1.0,0.7260508358588046,0.04490801776792286,0.6,4.0,0.0,0
c5b905e5-d1e8-4059-9292-ce226c924504,cf67b867-661f-4761-aa9e-bd64b50cabad,0.49650304079460844,0.6,1.0,0.20283655127022585,0.6,0.9775452477834666,0.8291857681957223,0.6,4.0,0.0,0
c5b905e5-d1e8-4059-9292-ce226c924504,2a4e6f6f-8a97-4b0f-8706-b5b5c9a3506e,0.49650304079460844,0.6,1.0,0.20283655127022585,1.0,0.508305717299449,0.5779541132057853,1.0,4.0,0.0,1
c5b905e5-d1e8-4059-9292-ce226c924504,87a7aeb8-bf34-460e-bb3c-fbe35cf1ef81,0.49650304079460844,0.6,1.0,0.20283655127022585,1.0,0.7885085605778664,0.825897641598029,0.6,2.0,5.0,0
c5b905e5-d1e8-4059-9292-ce226c924504,2e56c0c7-a2d4-4606-8362-ead47ba989cf,0.49650304079460844,0.6,1.0,0.20283655127022585,1.0,0.9838404823093492,0.5555768002260758,0.0,1.0,1.0,1
c5b905e5-d1e8-4059-9292-ce226c924504,3ddfda87-b4e3-4c16-8683-a4523f15acf2,0.49650304079460844,0.6,1.0,0.20283655127022585,1.0,0.9807055615364045,0.6381156208224877,0.3,2.0,3.0,1
c5b905e5-d1e8-4059-9292-ce226c924504,d05c6a73-7fda-4aba-88c3-900cedb6b9a6,0.49650304079460844,0.6,1.0,0.20283655127022585,0.6,0.37465691625557584,0.04502897108590176,0.0,1.0,1.0,1
c5b905e5-d1e8-4059-9292-ce226c924504,33aa1631-5d42-4228-84c3-639ac72cf903,0.49650304079460844,0.6,1.0,0.20283655127022585,1.0,0.20605411083785363,0.7031088164784068,0.3,3.0,4.0,0
c5b905e5-d1e8-4059-9292-ce226c924504,50485b49-6f87-4fbb-a6d8-cc894f5ad343,0.49650304079460844,0.6,1.0,0.20283655127022585,0.2,0.489665412099198,0.42118413108785735,0.3,0.0,0.0,1
c5b905e5-d1e8-4059-9292-ce226c924504,1fca9427-3cae-42d5-bed5-488302ac2459,0.49650304079460844,0.6,1.0,0.20283655127022585,0.6,0.396450442114459,0.6699625843471093,0.0,0.0,1.0,0
c5b905e5-d1e8-4059-9292-ce226c924504,e3e4e158-1e76-4fc3-a85b-e05b8b8a0ccb,0.49650304079460844,0.6,1.0,0.20283655127022585,0.6,0.639410932283415,0.2933005026004223,0.0,0.0,0.0,0
c5b905e5-d1e8-4059-9292-ce226c924504,e44b9013-f4a8-49bf-9379-87dcbb2e8e53,0.49650304079460844,0.6,1.0,0.20283655127022585,1.0,0.36258242224859283,0.32306846386650134,0.3,4.0,5.0,0
c5b905e5-d1e8-4059-9292-ce226c924504,4923fb26-e583-4c24-ac52-8838a0ed3a98,0.49650304079460844,0.6,1.0,0.20283655127022585,1.0,0.553388277838538,0.7019544741283528,1.0,4.0,4.0,0
c5b905e5-d1e8-4059-9292-ce226c924504,2fd06511-a2df-41a4-b9b8-72ad25edbef7,0.49650304079460844,0.6,1.0,0.20283655127022585,1.0,0.8121414643536927,0.9186858244934103,0.3,5.0,5.0,1
c5b905e5-d1e8-4059-9292-ce226c924504,ab31027b-1533-4573-87ee-591c4e74f603,0.49650304079460844,0.6,1.0,0.20283655127022585,0.2,0.13414284675556443,0.8188515466757538,1.0,5.0,2.0,0
e2fefff6-9894-423a-93e6-3334196ee639,45cea0cf-acbc-4a1c-ae67-7da156ce4e33,0.7397834561137389,1.0,8.0,0.32926558101910897,0.6,0.44790999008794674,0.8240533460888545,0.3,1.0,6.0,0
e2fefff6-9894-423a-93e6-3334196ee639,666c606e-4a7f-4e66-9fac-fbc0339d13f8,0.7397834561137389,1.0,8.0,0.32926558101910897,1.0,0.9652102148867648,0.8330892916579566,0.3,4.0,2.0,0
e2fefff6-9894-423a-93e6-3334196ee639,04b630df-e955-44a2-ba81-7807bb8bbf0e,0.7397834561137389,1.0,8.0,0.32926558101910897,0.6,0.26969467315661044,0.7945253868283686,1.0,0.0,4.0,0
e2fefff6-9894-423a-93e6-3334196ee639,fe560b2d-9461-419f-952d-3526d1d58cc6,0.7397834561137389,1.0,8.0,0.32926558101910897,1.0,0.582611192457266,0.5549319795003286,0.0,1.0,4.0,0
e2fefff6-9894-423a-93e6-3334196ee639,122cf437-7436-42ed-ba9f-fd1238cad94f,0.7397834561137389,1.0,8.0,0.32926558101910897,0.6,0.7296624097080157,0.24684751428984442,0.6,3.0,1.0,0
e2fefff6-9894-423a-93e6-3334196ee639,0b449292-cc57-4b11-94d1-9d0d6fdf931d,0.7397834561137389,1.0,8.0,0.32926558101910897,0.2,0.24562239677446035,0.4286144615110886,0.6,2.0,3.0,1
e2fefff6-9894-423a-93e6-3334196ee639,2fd06511-a2df-41a4-b9b8-72ad25edbef7,0.7397834561137389,1.0,8.0,0.32926558101910897,1.0,0.8121414643536927,0.9186858244934103,0.3,2.0,0.0,0
e2fefff6-9894-423a-93e6-3334196ee639,94f447d1-ce40-4abc-9492-1b4fa652cdf8,0.7397834561137389,1.0,8.0,0.32926558101910897,0.2,0.7747992350688047,0.24068147068829215,1.0,2.0,0.0,0
e2fefff6-9894-423a-93e6-3334196ee639,18c8f5c0-62d6-4353-8121-04a82ac26ed8,0.7397834561137389,1.0,8.0,0.32926558101910897,1.0,0.14611128000847454,0.5869443165834576,0.3,3.0,3.0,1
e2fefff6-9894-423a-93e6-3334196ee639,9f7ae8c9-dc90-4236-adb6-2109245d9021,0.7397834561137389,1.0,8.0,0.32926558101910897,0.6,0.8963101399292399,0.12506351553810924,0.0,0.0,2.0,0
e2fefff6-9894-423a-93e6-3334196ee639,694b0a7e-d4bd-489d-991e-0fc7e0b7eae9,0.7397834561137389,1.0,8.0,0.32926558101910897,0.6,0.3343722183141432,0.2359196929431705,1.0,3.0,4.0,0
e2fefff6-9894-423a-93e6-3334196ee639,230352f2-770a-46c0-abe4-d7625139ab5e,0.7397834561137389,1.0,8.0,0.32926558101910897,0.2,0.6004574087726475,0.5930492421524886,0.0,2.0,1.0,1
e2fefff6-9894-423a-93e6-3334196ee639,e033b700-4879-4d96-af09-314a42b40ec0,0.7397834561137389,1.0,8.0,0.32926558101910897,0.6,0.5265277997852419,0.306413896951497,1.0,4.0,2.0,0
e2fefff6-9894-423a-93e6-3334196ee639,85a991a1-00c2-4f3b-a2f1-2edd3ed3c13b,0.7397834561137389,1.0,8.0,0.32926558101910897,0.6,0.885115810475927,0.053316349790826556,0.3,0.0,0.0,1
e2fefff6-9894-423a-93e6-3334196ee639,015a673e-67b9-4560-949f-f0f29ba09691,0.7397834561137389,1.0,8.0,0.32926558101910897,0.6,0.772469818793257,0.851704139635052,0.0,3.0,3.0,0
e2fefff6-9894-423a-93e6-3334196ee639,33aa1631-5d42-4228-84c3-639ac72cf903,0.7397834561137389,1.0,8.0,0.32926558101910897,1.0,0.20605411083785363,0.7031088164784068,0.3,0.0,0.0,1
e2fefff6-9894-423a-93e6-3334196ee639,c192b11f-4447-40a2-80a6-390cd362dfa5,0.7397834561137389,1.0,8.0,0.32926558101910897,1.0,0.7363853294533637,0.9004772949138748,0.6,2.0,5.0,0
e2fefff6-9894-423a-93e6-3334196ee639,df3f8908-754b-4f66-b4a5-0f54f1bbdef1,0.7397834561137389,1.0,8.0,0.32926558101910897,0.2,0.9006532918063022,0.624832175706485,0.6,5.0,4.0,1
e2fefff6-9894-423a-93e6-3334196ee639,020ff159-4271-4aa5-87f3-9295346f6563,0.7397834561137389,1.0,8.0,0.32926558101910897,0.6,0.31530071999913584,0.1616253953204818,0.0,2.0,0.0,0
e2fefff6-9894-423a-93e6-3334196ee639,06f5b296-916f-4c42-aec7-d6f62bba9d9b,0.7397834561137389,1.0,8.0,0.32926558101910897,0.2,0.3223108679637023,0.4183220717622109,1.0,4.0,0.0,1
e2fefff6-9894-423a-93e6-3334196ee639,f9e2c26a-8651-45e9-95ac-020bf84e5d87,0.7397834561137389,1.0,8.0,0.32926558101910897,1.0,0.5925107460897749,0.3638178643767461,0.6,3.0,6.0,1
e2fefff6-9894-423a-93e6-3334196ee639,c192b11f-4447-40a2-80a6-390cd362dfa5,0.7397834561137389,1.0,8.0,0.32926558101910897,1.0,0.7363853294533637,0.9004772949138748,0.6,4.0,6.0,0
e2fefff6-9894-423a-93e6-3334196ee639,65c54c61-8bed-4502-891f-54207581973c,0.7397834561137389,1.0,8.0,0.32926558101910897,0.6,0.5609694251913983,0.4769640187588726,1.0,1.0,0.0,0
e2fefff6-9894-423a-93e6-3334196ee639,f02458a6-6ff7-47a1-8e01-b8ff21f7812d,0.7397834561137389,1.0,8.0,0.32926558101910897,0.2,0.336680938116936,0.2620493339390677,0.6,5.0,6.0,1
e2fefff6-9894-423a-93e6-3334196ee639,fc4acfb5-647c-49b2-9c8c-e8b0e4b17239,0.7397834561137389,1.0,8.0,0.32926558101910897,0.6,0.9661698956227394,0.22641288621518874,0.0,5.0,2.0,0
e2fefff6-9894-423a-93e6-3334196ee639,a8daf424-06ed-42c5-99ea-74a1e01591a9,0.7397834561137389,1.0,8.0,0.32926558101910897,0.6,0.6995840419204985,0.5852213104701965,0.0,5.0,3.0,1
e2fefff6-9894-423a-93e6-3334196ee639,0c914be4-9a3f-42b1-9a0d-7b75e4458ea2,0.7397834561137389,1.0,8.0,0.32926558101910897,0.2,0.6120270413649967,0.8895054166969376,0.3,2.0,2.0,0
e2fefff6-9894-423a-93e6-3334196ee639,b7f3f687-720d-4c2e-b765-833d1f628763,0.7397834561137389,1.0,8.0,0.32926558101910897,0.6,0.5040757896213439,0.7654432929579714,0.6,1.0,6.0,1
e2fefff6-9894-423a-93e6-3334196ee639,1e4deb48-10af-482d-89be-a40b3cfa6237,0.7397834561137389,1.0,8.0,0.32926558101910897,0.2,0.45812006017454143,0.5670116153989458,0.0,1.0,1.0,0
e2fefff6-9894-423a-93e6-3334196ee639,31a8a011-26d9-417f-9acd-2dc1aa620cb1,0.7397834561137389,1.0,8.0,0.32926558101910897,0.6,0.8578772412513512,0.31368145278296056,0.6,0.0,0.0,1
e2fefff6-9894-423a-93e6-3334196ee639,d96815d9-4db7-48f0-85a0-eddc3b7b916f,0.7397834561137389,1.0,8.0,0.32926558101910897,0.6,0.4536278778772145,0.0754688004112799,1.0,3.0,1.0,1
e2fefff6-9894-423a-93e6-3334196ee639,e78aa463-4c6f-47dc-a5bb-968ac81532c7,0.7397834561137389,1.0,8.0,0.32926558101910897,0.6,0.961259998425001,0.14413543131777729,0.6,5.0,2.0,0
e2fefff6-9894-423a-93e6-3334196ee639,fda140a2-2654-463e-a825-e101e2f7921b,0.7397834561137389,1.0,8.0,0.32926558101910897,0.2,0.3998020556294877,0.9744658783076392,0.0,3.0,0.0,1
e2fefff6-9894-423a-93e6-3334196ee639,1dbb57c0-dbf1-4996-b33e-610ff0e1a4c5,0.7397834561137389,1.0,8.0,0.32926558101910897,0.2,0.6520298599863723,0.91316722678243,1.0,5.0,4.0,0
e2fefff6-9894-423a-93e6-3334196ee639,8ed783a1-387d-4717-b5f7-15de4d9164c0,0.7397834561137389,1.0,8.0,0.32926558101910897,1.0,0.6957695377284588,0.9476351583956032,0.0,5.0,0.0,0
e2fefff6-9894-423a-93e6-3334196ee639,1975da03-cf78-4c90-a916-3660a489f0dc,0.7397834561137389,1.0,8.0,0.32926558101910897,0.6,0.4213481052285838,0.6693330773357604,0.6,0.0,0.0,0
e2fefff6-9894-423a-93e6-3334196ee639,0bc32369-5cc1-4c6e-9b9e-a0d6ad643532,0.7397834561137389,1.0,8.0,0.32926558101910897,0.6,0.6337720175795309,0.5219080741476771,1.0,3.0,1.0,1
e2fefff6-9894-423a-93e6-3334196ee639,61ae4cd0-4feb-4315-9993-55959a8ab125,0.7397834561137389,1.0,8.0,0.32926558101910897,0.6,0.5247340762216478,0.34315624408831924,0.0,5.0,6.0,1
e2fefff6-9894-423a-93e6-3334196ee639,1e4deb48-10af-482d-89be-a40b3cfa6237,0.7397834561137389,1.0,8.0,0.32926558101910897,0.2,0.45812006017454143,0.5670116153989458,0.0,5.0,5.0,1
e2fefff6-9894-423a-93e6-3334196ee639,06deada8-30c5-413b-9c3c-714dac3f16dc,0.7397834561137389,1.0,8.0,0.32926558101910897,1.0,0.35763710304451657,0.8208832504363414,1.0,5.0,1.0,0
d27d1664-8599-47f5-ae96-22403f75647d,b30a4759-4017-4c73-a262-ebb3da889ea2,0.5092848583025954,1.0,13.0,0.6487254918197971,0.2,0.2824565624064378,0.9351062106319883,1.0,3.0,0.0,0
d27d1664-8599-47f5-ae96-22403f75647d,5ac7df38-e13e-4ddf-ac1d-8bd8825c2903,0.5092848583025954,1.0,13.0,0.6487254918197971,0.2,0.5606417702241059,0.9155246766150124,0.0,0.0,1.0,1
d27d1664-8599-47f5-ae96-22403f75647d,b76881f6-7f27-4c43-8ef9-41162752919f,0.5092848583025954,1.0,13.0,0.6487254918197971,1.0,0.440401152269174,0.05205596231391263,0.0,1.0,5.0,1
d27d1664-8599-47f5-ae96-22403f75647d,b972f906-99a3-4c64-8a3c-52215d80d34b,0.5092848583025954,1.0,13.0,0.6487254918197971,0.2,0.7557609477960204,0.33890958121625947,0.3,5.0,2.0,0
d27d1664-8599-47f5-ae96-22403f75647d,042f11d0-6ddd-4561-8c2c-5e00545a621e,0.5092848583025954,1.0,13.0,0.6487254918197971,1.0,0.7872798003899497,0.9285445017428434,0.6,2.0,0.0,0
d27d1664-8599-47f5-ae96-22403f75647d,e4db18b0-d91a-4fe4-b05f-eda25f38ea0d,0.5092848583025954,1.0,13.0,0.6487254918197971,0.2,0.5776591949487476,0.19019373944895102,0.3,1.0,1.0,0
d27d1664-8599-47f5-ae96-22403f75647d,0b449292-cc57-4b11-94d1-9d0d6fdf931d,0.5092848583025954,1.0,13.0,0.6487254918197971,0.2,0.24562239677446035,0.4286144615110886,0.6,2.0,4.0,1
d27d1664-8599-47f5-ae96-22403f75647d,6720ccab-682e-40ac-9103-5e1a7cedc597,0.5092848583025954,1.0,13.0,0.6487254918197971,1.0,0.34528416725327743,0.5038671262185984,1.0,3.0,6.0,0
d27d1664-8599-47f5-ae96-22403f75647d,06497e85-86a1-47f4-bbdd-a5f778924253,0.5092848583025954,1.0,13.0,0.6487254918197971,0.2,0.19052222599951962,0.20137632619118384,0.3,5.0,4.0,1
d27d1664-8599-47f5-ae96-22403f75647d,bfa4d06d-4c33-44f5-a582-6f5fc24bfd7f,0.5092848583025954,1.0,13.0,0.6487254918197971,0.2,0.6497798817429743,0.4331009496434778,1.0,0.0,2.0,1
d27d1664-8599-47f5-ae96-22403f75647d,6a24fb3d-8584-44db-80ec-a8943d9d4953,0.5092848583025954,1.0,13.0,0.6487254918197971,0.2,0.7990830790974275,0.6468922285040184,0.6,3.0,6.0,0
d27d1664-8599-47f5-ae96-22403f75647d,8618c927-9c33-4057-8bfe-9828bd93601a,0.5092848583025954,1.0,13.0,0.6487254918197971,0.6,0.22804722680585615,0.021203888490483047,0.6,1.0,2.0,1
d27d1664-8599-47f5-ae96-22403f75647d,6e8ca283-10c7-434c-826a-837f38ec5444,0.5092848583025954,1.0,13.0,0.6487254918197971,0.2,0.6513768543337128,0.6342982912007427,1.0,2.0,5.0,0
d27d1664-8599-47f5-ae96-22403f75647d,b5455ff3-4469-4b08-b2d0-3b4b8a9faa28,0.5092848583025954,1.0,13.0,0.6487254918197971,0.2,0.8168045396107254,0.12498281746751883,0.3,2.0,3.0,1
d27d1664-8599-47f5-ae96-22403f75647d,06f5b296-916f-4c42-aec7-d6f62bba9d9b,0.5092848583025954,1.0,13.0,0.6487254918197971,0.2,0.3223108679637023,0.4183220717622109,1.0,1.0,6.0,1
d27d1664-8599-47f5-ae96-22403f75647d,4fdb3305-ba7f-45fd-908f-aee1f36874a7,0.5092848583025954,1.0,13.0,0.6487254918197971,0.2,0.9186809012161644,0.8525202868433427,1.0,0.0,0.0,1
d27d1664-8599-47f5-ae96-22403f75647d,4df06409-5880-4fd2-840e-02e90385cc4e,0.5092848583025954,1.0,13.0,0.6487254918197971,1.0,0.19470747542775022,0.6843276576228667,0.0,3.0,0.0,0
d27d1664-8599-47f5-ae96-22403f75647d,b7334163-6b0b-4be1-b584-94370f17d451,0.5092848583025954,1.0,13.0,0.6487254918197971,1.0,0.6214743123780008,0.24793030815786732,0.6,4.0,5.0,0
d27d1664-8599-47f5-ae96-22403f75647d,b67ddff0-7385-4797-a300-4a5924cf13c8,0.5092848583025954,1.0,13.0,0.6487254918197971,1.0,0.3295857149138473,0.12338020427621188,1.0,4.0,5.0,0
d27d1664-8599-47f5-ae96-22403f75647d,230352f2-770a-46c0-abe4-d7625139ab5e,0.5092848583025954,1.0,13.0,0.6487254918197971,0.2,0.6004574087726475,0.5930492421524886,0.0,3.0,4.0,1
d27d1664-8599-47f5-ae96-22403f75647d,6bc2f168-7233-41b6-b378-1e91e4060318,0.5092848583025954,1.0,13.0,0.6487254918197971,0.6,0.8903489988595626,0.4493952204847722,0.6,0.0,5.0,1
d27d1664-8599-47f5-ae96-22403f75647d,45cea0cf-acbc-4a1c-ae67-7da156ce4e33,0.5092848583025954,1.0,13.0,0.6487254918197971,0.6,0.44790999008794674,0.8240533460888545,0.3,3.0,0.0,0
d27d1664-8599-47f5-ae96-22403f75647d,4923fb26-e583-4c24-ac52-8838a0ed3a98,0.5092848583025954,1.0,13.0,0.6487254918197971,1.0,0.553388277838538,0.7019544741283528,1.0,1.0,5.0,1
d27d1664-8599-47f5-ae96-22403f75647d,684277da-f62a-49f6-b09e-1b7e786c463b,0.5092848583025954,1.0,13.0,0.6487254918197971,1.0,0.457984105173436,0.7791379129900283,0.6,3.0,1.0,0
d27d1664-8599-47f5-ae96-22403f75647d,5c628898-abde-4c5b-8dc9-253bfab0c323,0.5092848583025954,1.0,13.0,0.6487254918197971,0.6,0.29562602483866546,0.8882279982692427,0.3,2.0,4.0,0
d27d1664-8599-47f5-ae96-22403f75647d,f4511c0e-1907-4564-85be-6208646f9403,0.5092848583025954,1.0,13.0,0.6487254918197971,0.6,0.9737144331912416,0.8489993802384885,0.3,1.0,6.0,0
d27d1664-8599-47f5-ae96-22403f75647d,27de15b7-4423-4163-9a52-27eba3556133,0.5092848583025954,1.0,13.0,0.6487254918197971,0.2,0.8025233861040034,0.45458734247358457,0.6,0.0,6.0,0
d27d1664-8599-47f5-ae96-22403f75647d,8155e67e-e6b6-4564-9fbc-a422dfbb4728,0.5092848583025954,1.0,13.0,0.6487254918197971,0.2,0.3282195111753295,0.7588859461800079,0.0,1.0,0.0,1
d27d1664-8599-47f5-ae96-22403f75647d,e4db18b0-d91a-4fe4-b05f-eda25f38ea0d,0.5092848583025954,1.0,13.0,0.6487254918197971,0.2,0.5776591949487476,0.19019373944895102,0.3,4.0,3.0,1
d27d1664-8599-47f5-ae96-22403f75647d,b76881f6-7f27-4c43-8ef9-41162752919f,0.5092848583025954,1.0,13.0,0.6487254918197971,1.0,0.440401152269174,0.05205596231391263,0.0,0.0,2.0,1
d27d1664-8599-47f5-ae96-22403f75647d,3c045d5e-db0b-42a4-8b36-5a8f0192e0a9,0.5092848583025954,1.0,13.0,0.6487254918197971,0.6,0.9703557392871628,0.4741186336216032,0.3,1.0,4.0,0
d27d1664-8599-47f5-ae96-22403f75647d,29943de0-bf3c-49cd-84da-43ca10216d5a,0.5092848583025954,1.0,13.0,0.6487254918197971,1.0,0.24742902261843305,0.882207830248756,0.0,0.0,1.0,1
d27d1664-8599-47f5-ae96-22403f75647d,42438319-d9cd-4491-91c4-7e8df4051b62,0.5092848583025954,1.0,13.0,0.6487254918197971,0.2,0.6023180626659986,0.9806347370894578,0.0,1.0,3.0,1
d27d1664-8599-47f5-ae96-22403f75647d,e8099b2a-0582-4c26-a562-02489ef37a4d,0.5092848583025954,1.0,13.0,0.6487254918197971,1.0,0.5135230437741315,0.3765636685032894,1.0,0.0,2.0,0
d27d1664-8599-47f5-ae96-22403f75647d,cf67b867-661f-4761-aa9e-bd64b50cabad,0.5092848583025954,1.0,13.0,0.6487254918197971,0.6,0.9775452477834666,0.8291857681957223,0.6,0.0,6.0,0
d27d1664-8599-47f5-ae96-22403f75647d,7e095f22-5248-4ba3-b91c-aefd7470fd6a,0.5092848583025954,1.0,13.0,0.6487254918197971,0.6,0.520298671705361,0.6766771512956176,0.3,1.0,1.0,1
d27d1664-8599-47f5-ae96-22403f75647d,f32bd05f-f328-4f1a-be52-e7eeae8d75e8,0.5092848583025954,1.0,13.0,0.6487254918197971,1.0,0.7522989076063284,0.09818661644669102,0.3,5.0,1.0,0
d27d1664-8599-47f5-ae96-22403f75647d,b9085332-b2b1-4b72-8021-b3b81398ce92,0.5092848583025954,1.0,13.0,0.6487254918197971,0.6,0.33544730729888195,0.5880404702366536,0.6,4.0,6.0,1
d27d1664-8599-47f5-ae96-22403f75647d,1f8de1f5-f4a5-410b-85f9-a2177b221fd0,0.5092848583025954,1.0,13.0,0.6487254918197971,0.2,0.9355406398663405,0.9993664824422813,1.0,1.0,0.0,1
d27d1664-8599-47f5-ae96-22403f75647d,8618c927-9c33-4057-8bfe-9828bd93601a,0.5092848583025954,1.0,13.0,0.6487254918197971,0.6,0.22804722680585615,0.021203888490483047,0.6,2.0,0.0,0
41379588-b25b-4969-bc11-194cdf544112,c3ccbfd0-fc33-4b81-bec0-7bb56f47c14f,0.2783117164125345,1.0,4.0,0.6364722313644179,1.0,0.7957102117424933,0.04996005462064468,1.0,3.0,5.0,0
41379588-b25b-4969-bc11-194cdf544112,dba04d24-2e37-4c46-ae54-9c34510dff1f,0.2783117164125345,1.0,4.0,0.6364722313644179,1.0,0.8419986133538263,0.7052929283686935,0.0,0.0,1.0,0
41379588-b25b-4969-bc11-194cdf544112,b08e025f-b00e-487d-9769-6e771d335fcd,0.2783117164125345,1.0,4.0,0.6364722313644179,0.6,0.35587631985892465,0.5051778789164922,0.3,0.0,4.0,0
41379588-b25b-4969-bc11-194cdf544112,1dbb57c0-dbf1-4996-b33e-610ff0e1a4c5,0.2783117164125345,1.0,4.0,0.6364722313644179,0.2,0.6520298599863723,0.91316722678243,1.0,5.0,6.0,0
41379588-b25b-4969-bc11-194cdf544112,86df6ab5-0a91-4c31-ae77-b6a97acaa3b6,0.2783117164125345,1.0,4.0,0.6364722313644179,0.2,0.6626325512293207,0.22621734088053103,1.0,5.0,2.0,0
41379588-b25b-4969-bc11-194cdf544112,b85c5447-3934-4a5f-a2ea-5cf406ba1386,0.2783117164125345,1.0,4.0,0.6364722313644179,0.2,0.7359215878835874,0.20471404262800852,1.0,2.0,0.0,1
41379588-b25b-4969-bc11-194cdf544112,be7b953b-bf68-42e7-957e-b6f8f29af69d,0.2783117164125345,1.0,4.0,0.6364722313644179,1.0,0.6945243897343877,0.4669732371344246,1.0,5.0,1.0,0
41379588-b25b-4969-bc11-194cdf544112,18c8f5c0-62d6-4353-8121-04a82ac26ed8,0.2783117164125345,1.0,4.0,0.6364722313644179,1.0,0.14611128000847454,0.5869443165834576,0.3,2.0,2.0,0
41379588-b25b-4969-bc11-194cdf544112,be9d36c1-5645-43bf-b29e-f59fe75b58fc,0.2783117164125345,1.0,4.0,0.6364722313644179,0.2,0.9631836571803765,0.9302866275169228,1.0,2.0,0.0,0
41379588-b25b-4969-bc11-194cdf544112,b1ef27f4-c212-4d80-95b3-1ccfcccee40b,0.2783117164125345,1.0,4.0,0.6364722313644179,1.0,0.273179116013828,0.9075422104826739,1.0,0.0,0.0,1
41379588-b25b-4969-bc11-194cdf544112,4b297a66-3334-402c-af3b-f9ee2b621b0b,0.2783117164125345,1.0,4.0,0.6364722313644179,0.2,0.16180119098371584,0.2582859429792861,0.0,1.0,4.0,0
41379588-b25b-4969-bc11-194cdf544112,7d8ed681-553e-4f86-8328-93bdf476bee2,0.2783117164125345,1.0,4.0,0.6364722313644179,0.6,0.8243337011258274,0.4855544869796419,1.0,0.0,0.0,0
41379588-b25b-4969-bc11-194cdf544112,a38cc35a-c8b1-493c-ad3e-67dba34f85e7,0.2783117164125345,1.0,4.0,0.6364722313644179,0.6,0.41036269496507194,0.08761541400278205,0.0,0.0,1.0,0
41379588-b25b-4969-bc11-194cdf544112,bb149053-41e0-46bd-ae04-d392610b827f,0.2783117164125345,1.0,4.0,0.6364722313644179,1.0,0.9892289095536471,0.5376980874726343,0.3,1.0,0.0,0
41379588-b25b-4969-bc11-194cdf544112,f99793e2-bf1f-4652-b717-b380cf1b82d9,0.2783117164125345,1.0,4.0,0.6364722313644179,1.0,0.3478973552809047,0.15349034844890785,0.0,4.0,6.0,0
41379588-b25b-4969-bc11-194cdf544112,2f2c32fa-6e32-4764-b476-b6f9b3cc5cd7,0.2783117164125345,1.0,4.0,0.6364722313644179,0.2,0.13396258547827183,0.29306867008666404,0.0,5.0,4.0,1
41379588-b25b-4969-bc11-194cdf544112,0279e518-1bb2-4b7d-adb3-74104bab7995,0.2783117164125345,1.0,4.0,0.6364722313644179,1.0,0.48298817741352884,0.6867808649438274,0.6,0.0,3.0,1
41379588-b25b-4969-bc11-194cdf544112,10fa412c-7efe-46f7-89b0-c6aa11d87532,0.2783117164125345,1.0,4.0,0.6364722313644179,1.0,0.911960789245008,0.6298188715387788,0.3,0.0,5.0,0
41379588-b25b-4969-bc11-194cdf544112,34df5d01-15ed-49be-beaf-1edba5ce73f3,0.2783117164125345,1.0,4.0,0.6364722313644179,0.2,0.570771685431961,0.8647552667165631,0.3,0.0,0.0,1
41379588-b25b-4969-bc11-194cdf544112,fe560b2d-9461-419f-952d-3526d1d58cc6,0.2783117164125345,1.0,4.0,0.6364722313644179,1.0,0.582611192457266,0.5549319795003286,0.0,3.0,0.0,0
41379588-b25b-4969-bc11-194cdf544112,69f0bb17-25d2-40ca-9934-1d66d65b38ec,0.2783117164125345,1.0,4.0,0.6364722313644179,1.0,0.5123580186270776,0.31857910523425825,0.6,0.0,2.0,0
41379588-b25b-4969-bc11-194cdf544112,1e9ac78a-0ad3-4758-94d2-679a7c60a672,0.2783117164125345,1.0,4.0,0.6364722313644179,0.6,0.1486437037821284,0.8157193928134632,0.6,0.0,2.0,0
41379588-b25b-4969-bc11-194cdf544112,6df290df-6194-497e-9997-fd6713e1435f,0.2783117164125345,1.0,4.0,0.6364722313644179,1.0,0.7637061762371852,0.8809980926459479,0.6,5.0,6.0,0
41379588-b25b-4969-bc11-194cdf544112,b08c5e45-1706-4711-993f-50cbf58e2335,0.2783117164125345,1.0,4.0,0.6364722313644179,0.6,0.7901117853804409,0.22604311984039915,0.0,1.0,5.0,1
41379588-b25b-4969-bc11-194cdf544112,0c914be4-9a3f-42b1-9a0d-7b75e4458ea2,0.2783117164125345,1.0,4.0,0.6364722313644179,0.2,0.6120270413649967,0.8895054166969376,0.3,1.0,3.0,1
41379588-b25b-4969-bc11-194cdf544112,4ba8e189-dadf-4dd5-b53d-7c4e20e6a1b9,0.2783117164125345,1.0,4.0,0.6364722313644179,1.0,0.4261308026245366,0.5885791737632688,0.3,4.0,6.0,0
41379588-b25b-4969-bc11-194cdf544112,e3e4e158-1e76-4fc3-a85b-e05b8b8a0ccb,0.2783117164125345,1.0,4.0,0.6364722313644179,0.6,0.639410932283415,0.2933005026004223,0.0,4.0,1.0,1
41379588-b25b-4969-bc11-194cdf544112,3c045d5e-db0b-42a4-8b36-5a8f0192e0a9,0.2783117164125345,1.0,4.0,0.6364722313644179,0.6,0.9703557392871628,0.4741186336216032,0.3,1.0,6.0,1
41379588-b25b-4969-bc11-194cdf544112,04b630df-e955-44a2-ba81-7807bb8bbf0e,0.2783117164125345,1.0,4.0,0.6364722313644179,0.6,0.26969467315661044,0.7945253868283686,1.0,4.0,3.0,1
41379588-b25b-4969-bc11-194cdf544112,122cf437-7436-42ed-ba9f-fd1238cad94f,0.2783117164125345,1.0,4.0,0.6364722313644179,0.6,0.7296624097080157,0.24684751428984442,0.6,4.0,6.0,0
41379588-b25b-4969-bc11-194cdf544112,3e8780dc-c7a9-4934-8e6f-110d379812e4,0.2783117164125345,1.0,4.0,0.6364722313644179,1.0,0.5060570262278341,0.2300402347272693,0.6,5.0,4.0,0
41379588-b25b-4969-bc11-194cdf544112,04b630df-e955-44a2-ba81-7807bb8bbf0e,0.2783117164125345,1.0,4.0,0.6364722313644179,0.6,0.26969467315661044,0.7945253868283686,1.0,4.0,1.0,0
41379588-b25b-4969-bc11-194cdf544112,2f2c32fa-6e32-4764-b476-b6f9b3cc5cd7,0.2783117164125345,1.0,4.0,0.6364722313644179,0.2,0.13396258547827183,0.29306867008666404,0.0,1.0,6.0,1
41379588-b25b-4969-bc11-194cdf544112,122cf437-7436-42ed-ba9f-fd1238cad94f,0.2783117164125345,1.0,4.0,0.6364722313644179,0.6,0.7296624097080157,0.24684751428984442,0.6,1.0,5.0,0
41379588-b25b-4969-bc11-194cdf544112,0d91a5c8-4b22-4198-b963-be98907527f4,0.2783117164125345,1.0,4.0,0.6364722313644179,0.2,0.36811976533001634,0.7445398250927052,0.0,5.0,0.0,1
41379588-b25b-4969-bc11-194cdf544112,9fbecf58-4b47-499b-af70-5be883e292d6,0.2783117164125345,1.0,4.0,0.6364722313644179,1.0,0.6813001709251447,0.40858971174533243,0.0,2.0,0.0,0
41379588-b25b-4969-bc11-194cdf544112,19e80ef1-4224-4720-a093-1f15d029cdae,0.2783117164125345,1.0,4.0,0.6364722313644179,1.0,0.8175424886601043,0.7192671703216541,0.6,5.0,0.0,0
41379588-b25b-4969-bc11-194cdf544112,b20bab7d-8fe1-4291-9511-746d551c6381,0.2783117164125345,1.0,4.0,0.6364722313644179,1.0,0.30803403606513613,0.290684856511908,0.0,1.0,1.0,0
41379588-b25b-4969-bc11-194cdf544112,1f8de1f5-f4a5-410b-85f9-a2177b221fd0,0.2783117164125345,1.0,4.0,0.6364722313644179,0.2,0.9355406398663405,0.9993664824422813,1.0,2.0,3.0,1
41379588-b25b-4969-bc11-194cdf544112,b306c2e8-e14e-48ab-ba50-0a1e2c26a1c9,0.2783117164125345,1.0,4.0,0.6364722313644179,0.2,0.3501289126422822,0.7428895955658196,0.3,3.0,5.0,0
21c7bd6c-7a2f-42d9-98bf-e4155d0141e4,4e038b59-7940-4187-89a4-aa8900eb4584,0.7842165139202117,1.0,17.0,0.3184750284539861,0.6,0.8162686834681103,0.09548613580741361,0.3,3.0,2.0,0
21c7bd6c-7a2f-42d9-98bf-e4155d0141e4,effc8e6d-3fa0-4ad0-84e0-49ceb18ecfdf,0.7842165139202117,1.0,17.0,0.3184750284539861,1.0,0.1753861576369154,0.018304751217713022,0.6,3.0,3.0,0
21c7bd6c-7a2f-42d9-98bf-e4155d0141e4,0bc32369-5cc1-4c6e-9b9e-a0d6ad643532,0.7842165139202117,1.0,17.0,0.3184750284539861,0.6,0.6337720175795309,0.5219080741476771,1.0,0.0,3.0,1
21c7bd6c-7a2f-42d9-98bf-e4155d0141e4,e2cc89a7-6e52-40e3-8411-87a3295c8a0e,0.7842165139202117,1.0,17.0,0.3184750284539861,0.2,0.3237254478661281,0.030381800897473776,0.3,5.0,3.0,1
21c7bd6c-7a2f-42d9-98bf-e4155d0141e4,19e80ef1-4224-4720-a093-1f15d029cdae,0.7842165139202117,1.0,17.0,0.3184750284539861,1.0,0.8175424886601043,0.7192671703216541,0.6,2.0,1.0,1
21c7bd6c-7a2f-42d9-98bf-e4155d0141e4,6a217f2a-6a27-417d-a68f-a01e2a149c82,0.7842165139202117,1.0,17.0,0.3184750284539861,1.0,0.6505590801619944,0.0878064055229939,0.6,3.0,6.0,1
21c7bd6c-7a2f-42d9-98bf-e4155d0141e4,06497e85-86a1-47f4-bbdd-a5f778924253,0.7842165139202117,1.0,17.0,0.3184750284539861,0.2,0.19052222599951962,0.20137632619118384,0.3,2.0,2.0,1
21c7bd6c-7a2f-42d9-98bf-e4155d0141e4,775861d5-545e-4ddf-b332-3aabb9bd0e76,0.7842165139202117,1.0,17.0,0.3184750284539861,1.0,0.8513642364331833,0.05300666587800451,0.6,3.0,3.0,0
21c7bd6c-7a2f-42d9-98bf-e4155d0141e4,72e21539-04f0-470f-b69d-9a418f7ff37b,0.7842165139202117,1.0,17.0,0.3184750284539861,0.2,0.6144010067276086,0.8682015664155024,0.6,1.0,0.0,1
21c7bd6c-7a2f-42d9-98bf-e4155d0141e4,3ddfda87-b4e3-4c16-8683-a4523f15acf2,0.7842165139202117,1.0,17.0,0.3184750284539861,1.0,0.9807055615364045,0.6381156208224877,0.3,1.0,4.0,0
21c7bd6c-7a2f-42d9-98bf-e4155d0141e4,19e80ef1-4224-4720-a093-1f15d029cdae,0.7842165139202117,1.0,17.0,0.3184750284539861,1.0,0.8175424886601043,0.7192671703216541,0.6,2.0,5.0,1
21c7bd6c-7a2f-42d9-98bf-e4155d0141e4,a7da2f9e-cfe5-4f9b-a2a9-83b121e1b3a8,0.7842165139202117,1.0,17.0,0.3184750284539861,1.0,0.8629090312240775,0.8986309655053686,0.3,2.0,6.0,0
21c7bd6c-7a2f-42d9-98bf-e4155d0141e4,153d2d46-4437-4840-90a1-e5308394b291,0.7842165139202117,1.0,17.0,0.3184750284539861,0.6,0.8859430875649702,0.004809331333315514,0.6,0.0,0.0,0
21c7bd6c-7a2f-42d9-98bf-e4155d0141e4,01fe4a49-c1a0-4cc3-8dc8-8402e6b11064,0.7842165139202117,1.0,17.0,0.3184750284539861,1.0,0.6879754206461195,0.49287097672138225,0.3,2.0,2.0,0
21c7bd6c-7a2f-42d9-98bf-e4155d0141e4,1e7d8873-b56a-4886-a1ad-5de73c350f8e,0.7842165139202117,1.0,17.0,0.3184750284539861,0.6,0.39376459292746124,0.062329554128436215,0.6,4.0,4.0,1
21c7bd6c-7a2f-42d9-98bf-e4155d0141e4,b7c1594e-c23f-4a6c-b842-737b0c93b147,0.7842165139202117,1.0,17.0,0.3184750284539861,1.0,0.3323463750225212,0.10510906779710338,0.3,5.0,3.0,1
21c7bd6c-7a2f-42d9-98bf-e4155d0141e4,85736eaa-5d46-446f-bc37-90664659af7c,0.7842165139202117,1.0,17.0,0.3184750284539861,0.2,0.5071632128531129,0.5363921784426651,0.3,2.0,6.0,1
21c7bd6c-7a2f-42d9-98bf-e4155d0141e4,06deada8-30c5-413b-9c3c-714dac3f16dc,0.7842165139202117,1.0,17.0,0.3184750284539861,1.0,0.35763710304451657,0.8208832504363414,1.0,2.0,0.0,1
21c7bd6c-7a2f-42d9-98bf-e4155d0141e4,b7334163-6b0b-4be1-b584-94370f17d451,0.7842165139202117,1.0,17.0,0.3184750284539861,1.0,0.6214743123780008,0.24793030815786732,0.6,5.0,6.0,0
21c7bd6c-7a2f-42d9-98bf-e4155d0141e4,4ba8e189-dadf-4dd5-b53d-7c4e20e6a1b9,0.7842165139202117,1.0,17.0,0.3184750284539861,1.0,0.4261308026245366,0.5885791737632688,0.3,4.0,1.0,0
21c7bd6c-7a2f-42d9-98bf-e4155d0141e4,2a4e6f6f-8a97-4b0f-8706-b5b5c9a3506e,0.7842165139202117,1.0,17.0,0.3184750284539861,1.0,0.508305717299449,0.5779541132057853,1.0,4.0,2.0,0
21c7bd6c-7a2f-42d9-98bf-e4155d0141e4,6720ccab-682e-40ac-9103-5e1a7cedc597,0.7842165139202117,1.0,17.0,0.3184750284539861,1.0,0.34528416725327743,0.5038671262185984,1.0,1.0,2.0,0
21c7bd6c-7a2f-42d9-98bf-e4155d0141e4,773cb37f-03e9-462d-9f7c-bb397a470391,0.7842165139202117,1.0,17.0,0.3184750284539861,1.0,0.138085119243381,0.17870489763614517,0.6,1.0,4.0,1
21c7bd6c-7a2f-42d9-98bf-e4155d0141e4,b08e025f-b00e-487d-9769-6e771d335fcd,0.7842165139202117,1.0,17.0,0.3184750284539861,0.6,0.35587631985892465,0.5051778789164922,0.3,0.0,5.0,0
21c7bd6c-7a2f-42d9-98bf-e4155d0141e4,34df5d01-15ed-49be-beaf-1edba5ce73f3,0.7842165139202117,1.0,17.0,0.3184750284539861,0.2,0.570771685431961,0.8647552667165631,0.3,1.0,3.0,1
21c7bd6c-7a2f-42d9-98bf-e4155d0141e4,299e9ca4-b5a4-4951-88ff-3985383763f0,0.7842165139202117,1.0,17.0,0.3184750284539861,0.2,0.7548560181125934,0.465904244394832,0.6,4.0,5.0,0
21c7bd6c-7a2f-42d9-98bf-e4155d0141e4,e45bd99d-504e-4e64-83b1-c517b6b084cf,0.7842165139202117,1.0,17.0,0.3184750284539861,1.0,0.2973675063752232,0.26685392748809267,0.0,3.0,5.0,0
21c7bd6c-7a2f-42d9-98bf-e4155d0141e4,9fbecf58-4b47-499b-af70-5be883e292d6,0.7842165139202117,1.0,17.0,0.3184750284539861,1.0,0.6813001709251447,0.40858971174533243,0.0,2.0,0.0,1
21c7bd6c-7a2f-42d9-98bf-e4155d0141e4,1e0eed17-c905-405d-992d-8f226b5d3e6b,0.7842165139202117,1.0,17.0,0.3184750284539861,0.6,0.4397816989523534,0.9351795022685058,0.0,0.0,2.0,0
21c7bd6c-7a2f-42d9-98bf-e4155d0141e4,50485b49-6f87-4fbb-a6d8-cc894f5ad343,0.7842165139202117,1.0,17.0,0.3184750284539861,0.2,0.489665412099198,0.42118413108785735,0.3,0.0,2.0,1
21c7bd6c-7a2f-42d9-98bf-e4155d0141e4,4b297a66-3334-402c-af3b-f9ee2b621b0b,0.7842165139202117,1.0,17.0,0.3184750284539861,0.2,0.16180119098371584,0.2582859429792861,0.0,2.0,6.0,0
21c7bd6c-7a2f-42d9-98bf-e4155d0141e4,01fe4a49-c1a0-4cc3-8dc8-8402e6b11064,0.7842165139202117,1.0,17.0,0.3184750284539861,1.0,0.6879754206461195,0.49287097672138225,0.3,0.0,3.0,0
21c7bd6c-7a2f-42d9-98bf-e4155d0141e4,b8f55e48-9d55-4d28-bc80-497a7d36ac53,0.7842165139202117,1.0,17.0,0.3184750284539861,0.6,0.5364632049642664,0.9010207096938249,0.6,3.0,6.0,0
21c7bd6c-7a2f-42d9-98bf-e4155d0141e4,2fd06511-a2df-41a4-b9b8-72ad25edbef7,0.7842165139202117,1.0,17.0,0.3184750284539861,1.0,0.8121414643536927,0.9186858244934103,0.3,0.0,0.0,1
21c7bd6c-7a2f-42d9-98bf-e4155d0141e4,8e97dadb-1a1b-42b9-ab2b-901aa2169415,0.7842165139202117,1.0,17.0,0.3184750284539861,0.6,0.4258214568056816,0.9395878832020562,1.0,2.0,0.0,1
21c7bd6c-7a2f-42d9-98bf-e4155d0141e4,df3f8908-754b-4f66-b4a5-0f54f1bbdef1,0.7842165139202117,1.0,17.0,0.3184750284539861,0.2,0.9006532918063022,0.624832175706485,0.6,3.0,4.0,1
21c7bd6c-7a2f-42d9-98bf-e4155d0141e4,4df46fb7-f407-42f6-a653-9d8438903f61,0.7842165139202117,1.0,17.0,0.3184750284539861,1.0,0.9723558352169928,0.2356344975085155,1.0,5.0,4.0,0
21c7bd6c-7a2f-42d9-98bf-e4155d0141e4,b008e459-aec4-4940-b0b0-b9521473a99b,0.7842165139202117,1.0,17.0,0.3184750284539861,0.2,0.8465976222683373,0.22635650862391665,1.0,1.0,1.0,0
21c7bd6c-7a2f-42d9-98bf-e4155d0141e4,6720ccab-682e-40ac-9103-5e1a7cedc597,0.7842165139202117,1.0,17.0,0.3184750284539861,1.0,0.34528416725327743,0.5038671262185984,1.0,1.0,1.0,0
21c7bd6c-7a2f-42d9-98bf-e4155d0141e4,0b680785-5c4e-4ff3-90da-a95bdb6ddea3,0.7842165139202117,1.0,17.0,0.3184750284539861,1.0,0.9476882864447816,0.37902629176285674,0.0,1.0,4.0,1
a258c604-c917-44fc-85f1-aa1e4504ec71,fe09dd6a-bc95-42e6-bb3c-61d404a20200,0.28921186349749717,0.6,11.0,0.919185190994072,0.2,0.852490071939042,0.9956463958670673,0.3,2.0,5.0,0
a258c604-c917-44fc-85f1-aa1e4504ec71,cf67b867-661f-4761-aa9e-bd64b50cabad,0.28921186349749717,0.6,11.0,0.919185190994072,0.6,0.9775452477834666,0.8291857681957223,0.6,1.0,5.0,0
a258c604-c917-44fc-85f1-aa1e4504ec71,8ed783a1-387d-4717-b5f7-15de4d9164c0,0.28921186349749717,0.6,11.0,0.919185190994072,1.0,0.6957695377284588,0.9476351583956032,0.0,3.0,0.0,1
a258c604-c917-44fc-85f1-aa1e4504ec71,03be5e2c-49dc-49c9-bf6c-bd633714d57c,0.28921186349749717,0.6,11.0,0.919185190994072,0.2,0.23003808241798443,0.40233767223870887,0.0,5.0,6.0,1
a258c604-c917-44fc-85f1-aa1e4504ec71,f02458a6-6ff7-47a1-8e01-b8ff21f7812d,0.28921186349749717,0.6,11.0,0.919185190994072,0.2,0.336680938116936,0.2620493339390677,0.6,1.0,0.0,1
a258c604-c917-44fc-85f1-aa1e4504ec71,2ab0f7b1-b672-4fd3-bf9d-b9435c307791,0.28921186349749717,0.6,11.0,0.919185190994072,0.6,0.4930337984475558,0.8483250712740258,0.6,5.0,6.0,0
a258c604-c917-44fc-85f1-aa1e4504ec71,1e7d8873-b56a-4886-a1ad-5de73c350f8e,0.28921186349749717,0.6,11.0,0.919185190994072,0.6,0.39376459292746124,0.062329554128436215,0.6,5.0,4.0,0
a258c604-c917-44fc-85f1-aa1e4504ec71,5939c634-d641-4ed7-8910-517780e88b75,0.28921186349749717,0.6,11.0,0.919185190994072,0.6,0.7523652503478826,0.6850593430585846,0.3,2.0,3.0,0
a258c604-c917-44fc-85f1-aa1e4504ec71,88e79e28-8590-4873-baf3-158ade3d3e32,0.28921186349749717,0.6,11.0,0.919185190994072,1.0,0.9148647291612199,0.12864998776038128,0.0,5.0,4.0,0
a258c604-c917-44fc-85f1-aa1e4504ec71,b008e459-aec4-4940-b0b0-b9521473a99b,0.28921186349749717,0.6,11.0,0.919185190994072,0.2,0.8465976222683373,0.22635650862391665,1.0,4.0,6.0,1
a258c604-c917-44fc-85f1-aa1e4504ec71,3a71361b-e3e1-4223-b68a-ad50ca4dbe62,0.28921186349749717,0.6,11.0,0.919185190994072,1.0,0.6047778022342388,0.49194088405803205,0.6,4.0,1.0,0
a258c604-c917-44fc-85f1-aa1e4504ec71,85736eaa-5d46-446f-bc37-90664659af7c,0.28921186349749717,0.6,11.0,0.919185190994072,0.2,0.5071632128531129,0.5363921784426651,0.3,1.0,3.0,0
a258c604-c917-44fc-85f1-aa1e4504ec71,ce563c1b-e3b8-441d-8833-a4b1974ef8ad,0.28921186349749717,0.6,11.0,0.919185190994072,0.2,0.2484209913313706,0.8711314111441384,0.6,0.0,6.0,0
a258c604-c917-44fc-85f1-aa1e4504ec71,c0831cb8-2671-4f2e-9498-e74d21da6f33,0.28921186349749717,0.6,11.0,0.919185190994072,0.2,0.678838712580165,0.49622340240440477,1.0,0.0,1.0,1
a258c604-c917-44fc-85f1-aa1e4504ec71,dfb0809f-a08c-4519-85d0-1f790e6cd5d9,0.28921186349749717,0.6,11.0,0.919185190994072,1.0,0.12996439027292325,0.8581884567519729,1.0,4.0,3.0,0
a258c604-c917-44fc-85f1-aa1e4504ec71,8bf86bf8-6510-4e3c-a240-21e3b94e264e,0.28921186349749717,0.6,11.0,0.919185190994072,0.6,0.9444299160166787,0.9759914132168259,0.0,0.0,4.0,0
a258c604-c917-44fc-85f1-aa1e4504ec71,c0831cb8-2671-4f2e-9498-e74d21da6f33,0.28921186349749717,0.6,11.0,0.919185190994072,0.2,0.678838712580165,0.49622340240440477,1.0,1.0,0.0,1
a258c604-c917-44fc-85f1-aa1e4504ec71,3ceffdd1-05b8-4296-8ead-87aa963b9836,0.28921186349749717,0.6,11.0,0.919185190994072,1.0,0.4937077765458606,0.9078087859837904,0.3,1.0,4.0,1
a258c604-c917-44fc-85f1-aa1e4504ec71,4a47a28f-ebfe-4e2c-b5a5-219b771c2344,0.28921186349749717,0.6,11.0,0.919185190994072,1.0,0.886582543106834,0.6746693780314743,0.3,0.0,2.0,0
a258c604-c917-44fc-85f1-aa1e4504ec71,225af4bb-7dea-491a-b6ce-984e91ad99bf,0.28921186349749717,0.6,11.0,0.919185190994072,0.2,0.954287099322196,0.3931698082459284,0.3,0.0,3.0,0
a258c604-c917-44fc-85f1-aa1e4504ec71,ca05174e-a4f7-4654-890c-a2d577d622a4,0.28921186349749717,0.6,11.0,0.919185190994072,0.6,0.2772344656929614,0.3717860192537389,1.0,1.0,5.0,1
a258c604-c917-44fc-85f1-aa1e4504ec71,cd408280-465f-4896-b05f-85290441236d,0.28921186349749717,0.6,11.0,0.919185190994072,1.0,0.22129010421141973,0.167964745667194,0.6,0.0,3.0,0
a258c604-c917-44fc-85f1-aa1e4504ec71,667e3056-15dd-4db1-8e1b-b615cf4a3827,0.28921186349749717,0.6,11.0,0.919185190994072,0.6,0.15606825708589728,0.7606037779959967,0.0,3.0,1.0,0
a258c604-c917-44fc-85f1-aa1e4504ec71,153e892c-7403-48b3-b3e5-7a4444a6af33,0.28921186349749717,0.6,11.0,0.919185190994072,1.0,0.268440635924974,0.5517497858340187,0.3,0.0,0.0,0
a258c604-c917-44fc-85f1-aa1e4504ec71,99eca1c6-c6f2-4d74-a551-b71f85fad723,0.28921186349749717,0.6,11.0,0.919185190994072,1.0,0.37557872113137425,0.6908530230033296,0.0,5.0,0.0,1
a258c604-c917-44fc-85f1-aa1e4504ec71,5939c634-d641-4ed7-8910-517780e88b75,0.28921186349749717,0.6,11.0,0.919185190994072,0.6,0.7523652503478826,0.6850593430585846,0.3,0.0,0.0,1
a258c604-c917-44fc-85f1-aa1e4504ec71,a7da2f9e-cfe5-4f9b-a2a9-83b121e1b3a8,0.28921186349749717,0.6,11.0,0.919185190994072,1.0,0.8629090312240775,0.8986309655053686,0.3,3.0,6.0,0
a258c604-c917-44fc-85f1-aa1e4504ec71,4c734813-4a8a-4ce6-81e5-fc4a2a5db3a2,0.28921186349749717,0.6,11.0,0.919185190994072,0.6,0.10056769438917118,0.5730262898413426,0.3,5.0,5.0,1
a258c604-c917-44fc-85f1-aa1e4504ec71,ad581338-27d8-4935-86c9-5f785bf435c2,0.28921186349749717,0.6,11.0,0.919185190994072,1.0,0.3943185155107163,0.2811618959132587,0.3,2.0,2.0,1
a258c604-c917-44fc-85f1-aa1e4504ec71,0b449292-cc57-4b11-94d1-9d0d6fdf931d,0.28921186349749717,0.6,11.0,0.919185190994072,0.2,0.24562239677446035,0.4286144615110886,0.6,5.0,2.0,1
a258c604-c917-44fc-85f1-aa1e4504ec71,d879a756-cb6b-4026-a00a-656051801b5f,0.28921186349749717,0.6,11.0,0.919185190994072,1.0,0.19670829855613808,0.6495454402345533,1.0,4.0,6.0,0
a258c604-c917-44fc-85f1-aa1e4504ec71,015a673e-67b9-4560-949f-f0f29ba09691,0.28921186349749717,0.6,11.0,0.919185190994072,0.6,0.772469818793257,0.851704139635052,0.0,3.0,2.0,0
a258c604-c917-44fc-85f1-aa1e4504ec71,f4511c0e-1907-4564-85be-6208646f9403,0.28921186349749717,0.6,11.0,0.919185190994072,0.6,0.9737144331912416,0.8489993802384885,0.3,1.0,1.0,1
a258c604-c917-44fc-85f1-aa1e4504ec71,6c5eaa38-0652-4762-8f1b-fcb80dbf8936,0.28921186349749717,0.6,11.0,0.919185190994072,0.6,0.23950518641691337,0.7304636636619138,0.6,2.0,3.0,0
a258c604-c917-44fc-85f1-aa1e4504ec71,dd23fd07-88e1-462e-bc3b-00e51b7428ff,0.28921186349749717,0.6,11.0,0.919185190994072,0.2,0.9167390499607783,0.453942637731402,1.0,0.0,0.0,1
a258c604-c917-44fc-85f1-aa1e4504ec71,3a71361b-e3e1-4223-b68a-ad50ca4dbe62,0.28921186349749717,0.6,11.0,0.919185190994072,1.0,0.6047778022342388,0.49194088405803205,0.6,1.0,3.0,0
a258c604-c917-44fc-85f1-aa1e4504ec71,7d8ed681-553e-4f86-8328-93bdf476bee2,0.28921186349749717,0.6,11.0,0.919185190994072,0.6,0.8243337011258274,0.4855544869796419,1.0,5.0,4.0,1
a258c604-c917-44fc-85f1-aa1e4504ec71,87a7aeb8-bf34-460e-bb3c-fbe35cf1ef81,0.28921186349749717,0.6,11.0,0.919185190994072,1.0,0.7885085605778664,0.825897641598029,0.6,4.0,0.0,1
a258c604-c917-44fc-85f1-aa1e4504ec71,ae260348-9d86-49fc-b010-b38655f0aa4c,0.28921186349749717,0.6,11.0,0.919185190994072,0.6,0.6156726777562007,0.7631540220976764,0.3,4.0,1.0,1
a258c604-c917-44fc-85f1-aa1e4504ec71,7bf57e1f-8d6e-4525-9822-40fe99cb92db,0.28921186349749717,0.6,11.0,0.919185190994072,0.6,0.646849787279288,0.8371345930324872,0.6,2.0,2.0,0
f8765ffb-6806-488e-bcd9-06e020fd3701,85930d8e-50d0-4f7b-acb8-caaac625dd0e,0.7572856134216293,0.2,11.0,0.36806123067180324,1.0,0.718363556324442,0.8165727833244342,0.6,5.0,0.0,1
f8765ffb-6806-488e-bcd9-06e020fd3701,b08c5e45-1706-4711-993f-50cbf58e2335,0.7572856134216293,0.2,11.0,0.36806123067180324,0.6,0.7901117853804409,0.22604311984039915,0.0,0.0,3.0,1
f8765ffb-6806-488e-bcd9-06e020fd3701,b675fdc1-c9db-4f65-ad76-cb5d41d88b8a,0.7572856134216293,0.2,11.0,0.36806123067180324,0.2,0.6871950997280843,0.6183737144963264,0.0,3.0,4.0,0
f8765ffb-6806-488e-bcd9-06e020fd3701,c1dad211-ef14-4930-9fde-65d8d01eb8a2,0.7572856134216293,0.2,11.0,0.36806123067180324,1.0,0.2775989588417923,0.19963019650413683,0.3,1.0,1.0,0
f8765ffb-6806-488e-bcd9-06e020fd3701,b404278c-bd4e-43f3-b805-2473f7c0eb3d,0.7572856134216293,0.2,11.0,0.36806123067180324,0.6,0.2463507248368063,0.8830515088702483,0.3,0.0,6.0,0
f8765ffb-6806-488e-bcd9-06e020fd3701,1448df8a-d98e-4341-b986-a8f8b8a384c2,0.7572856134216293,0.2,11.0,0.36806123067180324,1.0,0.1288249955168966,0.3673497152563451,0.6,4.0,4.0,1
f8765ffb-6806-488e-bcd9-06e020fd3701,4923fb26-e583-4c24-ac52-8838a0ed3a98,0.7572856134216293,0.2,11.0,0.36806123067180324,1.0,0.553388277838538,0.7019544741283528,1.0,5.0,1.0,0
f8765ffb-6806-488e-bcd9-06e020fd3701,122cf437-7436-42ed-ba9f-fd1238cad94f,0.7572856134216293,0.2,11.0,0.36806123067180324,0.6,0.7296624097080157,0.24684751428984442,0.6,4.0,1.0,0
f8765ffb-6806-488e-bcd9-06e020fd3701,eab77546-5660-4b6f-8ed6-d113d4c924cb,0.7572856134216293,0.2,11.0,0.36806123067180324,0.6,0.6257718626796875,0.29583808895330166,0.0,5.0,0.0,1
f8765ffb-6806-488e-bcd9-06e020fd3701,94f447d1-ce40-4abc-9492-1b4fa652cdf8,0.7572856134216293,0.2,11.0,0.36806123067180324,0.2,0.7747992350688047,0.24068147068829215,1.0,1.0,5.0,0
f8765ffb-6806-488e-bcd9-06e020fd3701,f9e2c26a-8651-45e9-95ac-020bf84e5d87,0.7572856134216293,0.2,11.0,0.36806123067180324,1.0,0.5925107460897749,0.3638178643767461,0.6,4.0,4.0,0
f8765ffb-6806-488e-bcd9-06e020fd3701,b939da7f-028e-4294-87a9-cae844ef2396,0.7572856134216293,0.2,11.0,0.36806123067180324,1.0,0.28159591151234475,0.3654017291850822,1.0,3.0,2.0,1
f8765ffb-6806-488e-bcd9-06e020fd3701,b7f3f687-720d-4c2e-b765-833d1f628763,0.7572856134216293,0.2,11.0,0.36806123067180324,0.6,0.5040757896213439,0.7654432929579714,0.6,5.0,1.0,0
f8765ffb-6806-488e-bcd9-06e020fd3701,eab77546-5660-4b6f-8ed6-d113d4c924cb,0.7572856134216293,0.2,11.0,0.36806123067180324,0.6,0.6257718626796875,0.29583808895330166,0.0,3.0,1.0,0
f8765ffb-6806-488e-bcd9-06e020fd3701,b30a4759-4017-4c73-a262-ebb3da889ea2,0.7572856134216293,0.2,11.0,0.36806123067180324,0.2,0.2824565624064378,0.9351062106319883,1.0,0.0,3.0,0
f8765ffb-6806-488e-bcd9-06e020fd3701,c192b11f-4447-40a2-80a6-390cd362dfa5,0.7572856134216293,0.2,11.0,0.36806123067180324,1.0,0.7363853294533637,0.9004772949138748,0.6,5.0,3.0,0
f8765ffb-6806-488e-bcd9-06e020fd3701,e02821d5-6c11-48d3-9e5a-ab797cf10dfd,0.7572856134216293,0.2,11.0,0.36806123067180324,0.2,0.30278131508958317,0.8518530351666224,0.6,2.0,6.0,1
f8765ffb-6806-488e-bcd9-06e020fd3701,2ab0f7b1-b672-4fd3-bf9d-b9435c307791,0.7572856134216293,0.2,11.0,0.36806123067180324,0.6,0.4930337984475558,0.8483250712740258,0.6,5.0,5.0,0
f8765ffb-6806-488e-bcd9-06e020fd3701,8c822518-d0dc-460d-93c7-d9d033a078ba,0.7572856134216293,0.2,11.0,0.36806123067180324,1.0,0.5475099359609544,0.9553256935848943,1.0,2.0,1.0,0
f8765ffb-6806-488e-bcd9-06e020fd3701,bc2b645f-2327-4ce9-a2d2-c4dfb4c037a4,0.7572856134216293,0.2,11.0,0.36806123067180324,0.6,0.565732669170513,0.9898859782322003,1.0,5.0,0.0,1
f8765ffb-6806-488e-bcd9-06e020fd3701,74e91ec2-7e97-4477-a254-e11129eee045,0.7572856134216293,0.2,11.0,0.36806123067180324,1.0,0.4127752338799551,0.9613455666412534,0.3,2.0,4.0,0
f8765ffb-6806-488e-bcd9-06e020fd3701,0b449292-cc57-4b11-94d1-9d0d6fdf931d,0.7572856134216293,0.2,11.0,0.36806123067180324,0.2,0.24562239677446035,0.4286144615110886,0.6,0.0,6.0,1
f8765ffb-6806-488e-bcd9-06e020fd3701,01fe4a49-c1a0-4cc3-8dc8-8402e6b11064,0.7572856134216293,0.2,11.0,0.36806123067180324,1.0,0.6879754206461195,0.49287097672138225,0.3,4.0,5.0,1
f8765ffb-6806-488e-bcd9-06e020fd3701,775861d5-545e-4ddf-b332-3aabb9bd0e76,0.7572856134216293,0.2,11.0,0.36806123067180324,1.0,0.8513642364331833,0.05300666587800451,0.6,2.0,5.0,0
f8765ffb-6806-488e-bcd9-06e020fd3701,7c786351-37ac-47a2-9542-40b90f3efee8,0.7572856134216293,0.2,11.0,0.36806123067180324,0.6,0.6561708102091133,0.18646349182808575,0.3,5.0,5.0,1
f8765ffb-6806-488e-bcd9-06e020fd3701,4c734813-4a8a-4ce6-81e5-fc4a2a5db3a2,0.7572856134216293,0.2,11.0,0.36806123067180324,0.6,0.10056769438917118,0.5730262898413426,0.3,2.0,1.0,1
f8765ffb-6806-488e-bcd9-06e020fd3701,3586835a-4f05-4964-8ca1-2138cebf95a6,0.7572856134216293,0.2,11.0,0.36806123067180324,1.0,0.6521758610516846,0.9475221766685487,0.0,1.0,6.0,0
f8765ffb-6806-488e-bcd9-06e020fd3701,5bccbbea-6061-4c3b-babf-9f5de9889c73,0.7572856134216293,0.2,11.0,0.36806123067180324,0.2,0.4789495794434827,0.42500061980149273,0.3,3.0,5.0,1
f8765ffb-6806-488e-bcd9-06e020fd3701,b8a59f9c-9152-4e9d-9227-81b450029be0,0.7572856134216293,0.2,11.0,0.36806123067180324,0.2,0.9082416607735994,0.8438860705844703,1.0,0.0,0.0,1
f8765ffb-6806-488e-bcd9-06e020fd3701,ce563c1b-e3b8-441d-8833-a4b1974ef8ad,0.7572856134216293,0.2,11.0,0.36806123067180324,0.2,0.2484209913313706,0.8711314111441384,0.6,5.0,6.0,1
f8765ffb-6806-488e-bcd9-06e020fd3701,382dc6cd-e931-4c06-8335-e8acc1df4c50,0.7572856134216293,0.2,11.0,0.36806123067180324,0.2,0.558623921637297,0.1308595947819554,1.0,1.0,4.0,0
f8765ffb-6806-488e-bcd9-06e020fd3701,e3e4e158-1e76-4fc3-a85b-e05b8b8a0ccb,0.7572856134216293,0.2,11.0,0.36806123067180324,0.6,0.639410932283415,0.2933005026004223,0.0,1.0,1.0,1
f8765ffb-6806-488e-bcd9-06e020fd3701,35fc8989-8da0-422f-a619-1517d94a5ef1,0.7572856134216293,0.2,11.0,0.36806123067180324,0.6,0.53636942704019,0.22090661672949963,1.0,0.0,3.0,0
f8765ffb-6806-488e-bcd9-06e020fd3701,d1505a61-3c3b-4c86-a8ae-c4ab1a296525,0.7572856134216293,0.2,11.0,0.36806123067180324,1.0,0.5383907575441277,0.2096336099684688,0.6,4.0,6.0,0
f8765ffb-6806-488e-bcd9-06e020fd3701,1e4deb48-10af-482d-89be-a40b3cfa6237,0.7572856134216293,0.2,11.0,0.36806123067180324,0.2,0.45812006017454143,0.5670116153989458,0.0,3.0,0.0,1
f8765ffb-6806-488e-bcd9-06e020fd3701,b1ef27f4-c212-4d80-95b3-1ccfcccee40b,0.7572856134216293,0.2,11.0,0.36806123067180324,1.0,0.273179116013828,0.9075422104826739,1.0,4.0,5.0,0
f8765ffb-6806-488e-bcd9-06e020fd3701,1b648ad6-0817-4f80-a7aa-9a94a583454e,0.7572856134216293,0.2,11.0,0.36806123067180324,1.0,0.9167464792916038,0.10114468166917334,0.0,1.0,1.0,0
f8765ffb-6806-488e-bcd9-06e020fd3701,c4200dd0-0628-49ac-a3d4-9cafb23a3f7c,0.7572856134216293,0.2,11.0,0.36806123067180324,0.6,0.23204019132352335,0.14567973078804342,0.3,4.0,0.0,0
f8765ffb-6806-488e-bcd9-06e020fd3701,f99793e2-bf1f-4652-b717-b380cf1b82d9,0.7572856134216293,0.2,11.0,0.36806123067180324,1.0,0.3478973552809047,0.15349034844890785,0.0,1.0,6.0,0
f8765ffb-6806-488e-bcd9-06e020fd3701,45cea0cf-acbc-4a1c-ae67-7da156ce4e33,0.7572856134216293,0.2,11.0,0.36806123067180324,0.6,0.44790999008794674,0.8240533460888545,0.3,5.0,3.0,0
156823fd-c9fb-4d9c-8c8c-368000912d8d,1c71f507-dfea-4b96-86e6-8a12d5a0d8da,0.37467081745604713,0.2,11.0,0.8240929934971541,1.0,0.9354478790984506,0.6224732640307242,0.0,2.0,5.0,0
156823fd-c9fb-4d9c-8c8c-368000912d8d,fccbd80d-e8cc-4cf0-adb9-85c0aa640f7f,0.37467081745604713,0.2,11.0,0.8240929934971541,1.0,0.7950919292205237,0.850748587791265,0.0,5.0,3.0,0
156823fd-c9fb-4d9c-8c8c-368000912d8d,b67ddff0-7385-4797-a300-4a5924cf13c8,0.37467081745604713,0.2,11.0,0.8240929934971541,1.0,0.3295857149138473,0.12338020427621188,1.0,3.0,2.0,1
156823fd-c9fb-4d9c-8c8c-368000912d8d,4c734813-4a8a-4ce6-81e5-fc4a2a5db3a2,0.37467081745604713,0.2,11.0,0.8240929934971541,0.6,0.10056769438917118,0.5730262898413426,0.3,0.0,2.0,0
156823fd-c9fb-4d9c-8c8c-368000912d8d,c1dad211-ef14-4930-9fde-65d8d01eb8a2,0.37467081745604713,0.2,11.0,0.8240929934971541,1.0,0.2775989588417923,0.19963019650413683,0.3,5.0,6.0,1
156823fd-c9fb-4d9c-8c8c-368000912d8d,c192b11f-4447-40a2-80a6-390cd362dfa5,0.37467081745604713,0.2,11.0,0.8240929934971541,1.0,0.7363853294533637,0.9004772949138748,0.6,1.0,1.0,0
156823fd-c9fb-4d9c-8c8c-368000912d8d,9d28a4ed-19ea-45ff-8c87-cd755a39633c,0.37467081745604713,0.2,11.0,0.8240929934971541,1.0,0.9699569764835101,0.3864034459374597,1.0,4.0,1.0,0
156823fd-c9fb-4d9c-8c8c-368000912d8d,f9e2c26a-8651-45e9-95ac-020bf84e5d87,0.37467081745604713,0.2,11.0,0.8240929934971541,1.0,0.5925107460897749,0.3638178643767461,0.6,5.0,1.0,0
156823fd-c9fb-4d9c-8c8c-368000912d8d,0b449292-cc57-4b11-94d1-9d0d6fdf931d,0.37467081745604713,0.2,11.0,0.8240929934971541,0.2,0.24562239677446035,0.4286144615110886,0.6,1.0,0.0,1
156823fd-c9fb-4d9c-8c8c-368000912d8d,153e892c-7403-48b3-b3e5-7a4444a6af33,0.37467081745604713,0.2,11.0,0.8240929934971541,1.0,0.268440635924974,0.5517497858340187,0.3,3.0,0.0,0
156823fd-c9fb-4d9c-8c8c-368000912d8d,de80c064-1511-4251-84a5-ba1187978d32,0.37467081745604713,0.2,11.0,0.8240929934971541,1.0,0.37359855622088356,0.32543416209529763,0.0,1.0,4.0,0
156823fd-c9fb-4d9c-8c8c-368000912d8d,6c5eaa38-0652-4762-8f1b-fcb80dbf8936,0.37467081745604713,0.2,11.0,0.8240929934971541,0.6,0.23950518641691337,0.7304636636619138,0.6,2.0,5.0,0
156823fd-c9fb-4d9c-8c8c-368000912d8d,723b0875-2f5c-406d-91ef-1ef6768c21e1,0.37467081745604713,0.2,11.0,0.8240929934971541,0.6,0.5865033881557733,0.9546606431143135,0.6,3.0,3.0,0
156823fd-c9fb-4d9c-8c8c-368000912d8d,0d91a5c8-4b22-4198-b963-be98907527f4,0.37467081745604713,0.2,11.0,0.8240929934971541,0.2,0.36811976533001634,0.7445398250927052,0.0,4.0,5.0,0
156823fd-c9fb-4d9c-8c8c-368000912d8d,89df2650-7e95-4104-8f42-5cb62ffb481a,0.37467081745604713,0.2,11.0,0.8240929934971541,0.2,0.29630278019401196,0.3424606722909498,0.0,0.0,0.0,0
156823fd-c9fb-4d9c-8c8c-368000912d8d,8977ae1e-0308-44ae-a8c8-f83ca0744d63,0.37467081745604713,0.2,11.0,0.8240929934971541,0.6,0.8507600711322102,0.25582976206381436,0.6,4.0,1.0,1
156823fd-c9fb-4d9c-8c8c-368000912d8d,f62e1330-1cf0-425f-9f10-6ddf9042abcd,0.37467081745604713,0.2,11.0,0.8240929934971541,1.0,0.9321622696421319,0.2356252848280802,1.0,0.0,3.0,0
156823fd-c9fb-4d9c-8c8c-368000912d8d,667e3056-15dd-4db1-8e1b-b615cf4a3827,0.37467081745604713,0.2,11.0,0.8240929934971541,0.6,0.15606825708589728,0.7606037779959967,0.0,5.0,1.0,1
156823fd-c9fb-4d9c-8c8c-368000912d8d,9fbecf58-4b47-499b-af70-5be883e292d6,0.37467081745604713,0.2,11.0,0.8240929934971541,1.0,0.6813001709251447,0.40858971174533243,0.0,2.0,2.0,0
156823fd-c9fb-4d9c-8c8c-368000912d8d,0c914be4-9a3f-42b1-9a0d-7b75e4458ea2,0.37467081745604713,0.2,11.0,0.8240929934971541,0.2,0.6120270413649967,0.8895054166969376,0.3,4.0,1.0,1
156823fd-c9fb-4d9c-8c8c-368000912d8d,16aa6851-6f56-441d-b1e3-84c8e2b58887,0.37467081745604713,0.2,11.0,0.8240929934971541,1.0,0.7017944767412314,0.7875435396564088,0.3,3.0,6.0,0
156823fd-c9fb-4d9c-8c8c-368000912d8d,50485b49-6f87-4fbb-a6d8-cc894f5ad343,0.37467081745604713,0.2,11.0,0.8240929934971541,0.2,0.489665412099198,0.42118413108785735,0.3,4.0,6.0,0
156823fd-c9fb-4d9c-8c8c-368000912d8d,06f5b296-916f-4c42-aec7-d6f62bba9d9b,0.37467081745604713,0.2,11.0,0.8240929934971541,0.2,0.3223108679637023,0.4183220717622109,1.0,0.0,1.0,1
156823fd-c9fb-4d9c-8c8c-368000912d8d,eab77546-5660-4b6f-8ed6-d113d4c924cb,0.37467081745604713,0.2,11.0,0.8240929934971541,0.6,0.6257718626796875,0.29583808895330166,0.0,3.0,6.0,1
156823fd-c9fb-4d9c-8c8c-368000912d8d,2f70d43e-6f07-4505-9201-cce02cbbe2f9,0.37467081745604713,0.2,11.0,0.8240929934971541,0.2,0.9098855720694773,0.2703699432968346,0.0,5.0,4.0,1
156823fd-c9fb-4d9c-8c8c-368000912d8d,b1ef27f4-c212-4d80-95b3-1ccfcccee40b,0.37467081745604713,0.2,11.0,0.8240929934971541,1.0,0.273179116013828,0.9075422104826739,1.0,0.0,1.0,0
156823fd-c9fb-4d9c-8c8c-368000912d8d,1448df8a-d98e-4341-b986-a8f8b8a384c2,0.37467081745604713,0.2,11.0,0.8240929934971541,1.0,0.1288249955168966,0.3673497152563451,0.6,0.0,0.0,0
156823fd-c9fb-4d9c-8c8c-368000912d8d,dd77c881-c04d-4f99-9177-d94ef20adb4f,0.37467081745604713,0.2,11.0,0.8240929934971541,0.6,0.616612541041993,0.6647291139113415,0.0,4.0,6.0,1
156823fd-c9fb-4d9c-8c8c-368000912d8d,2a4e6f6f-8a97-4b0f-8706-b5b5c9a3506e,0.37467081745604713,0.2,11.0,0.8240929934971541,1.0,0.508305717299449,0.5779541132057853,1.0,4.0,5.0,0
156823fd-c9fb-4d9c-8c8c-368000912d8d,8d8bd000-8a84-4c8b-bdc8-797008544155,0.37467081745604713,0.2,11.0,0.8240929934971541,1.0,0.14606305453676433,0.13377939697072627,0.0,1.0,0.0,0
156823fd-c9fb-4d9c-8c8c-368000912d8d,3e8780dc-c7a9-4934-8e6f-110d379812e4,0.37467081745604713,0.2,11.0,0.8240929934971541,1.0,0.5060570262278341,0.2300402347272693,0.6,4.0,6.0,0
156823fd-c9fb-4d9c-8c8c-368000912d8d,8d8bd000-8a84-4c8b-bdc8-797008544155,0.37467081745604713,0.2,11.0,0.8240929934971541,1.0,0.14606305453676433,0.13377939697072627,0.0,4.0,5.0,0
156823fd-c9fb-4d9c-8c8c-368000912d8d,85930d8e-50d0-4f7b-acb8-caaac625dd0e,0.37467081745604713,0.2,11.0,0.8240929934971541,1.0,0.718363556324442,0.8165727833244342,0.6,5.0,2.0,0
156823fd-c9fb-4d9c-8c8c-368000912d8d,bfa4d06d-4c33-44f5-a582-6f5fc24bfd7f,0.37467081745604713,0.2,11.0,0.8240929934971541,0.2,0.6497798817429743,0.4331009496434778,1.0,0.0,4.0,1
156823fd-c9fb-4d9c-8c8c-368000912d8d,85ca56ac-d00f-4985-9a10-09bdbdcf0764,0.37467081745604713,0.2,11.0,0.8240929934971541,1.0,0.7672921606674585,0.4762417440869502,0.3,4.0,3.0,0
156823fd-c9fb-4d9c-8c8c-368000912d8d,5ac7df38-e13e-4ddf-ac1d-8bd8825c2903,0.37467081745604713,0.2,11.0,0.8240929934971541,0.2,0.5606417702241059,0.9155246766150124,0.0,2.0,4.0,1
156823fd-c9fb-4d9c-8c8c-368000912d8d,e4db18b0-d91a-4fe4-b05f-eda25f38ea0d,0.37467081745604713,0.2,11.0,0.8240929934971541,0.2,0.5776591949487476,0.19019373944895102,0.3,2.0,4.0,0
156823fd-c9fb-4d9c-8c8c-368000912d8d,059f7915-4179-4fab-ab9a-979f2ce6e218,0.37467081745604713,0.2,11.0,0.8240929934971541,1.0,0.9507761192432672,0.14440395180459542,0.6,1.0,1.0,0
156823fd-c9fb-4d9c-8c8c-368000912d8d,fc4acfb5-647c-49b2-9c8c-e8b0e4b17239,0.37467081745604713,0.2,11.0,0.8240929934971541,0.6,0.9661698956227394,0.22641288621518874,0.0,2.0,6.0,0
156823fd-c9fb-4d9c-8c8c-368000912d8d,153d2d46-4437-4840-90a1-e5308394b291,0.37467081745604713,0.2,11.0,0.8240929934971541,0.6,0.8859430875649702,0.004809331333315514,0.6,4.0,4.0,1
38064af8-ef2f-454d-b121-0a28d207761b,bc2b645f-2327-4ce9-a2d2-c4dfb4c037a4,0.8188942910157062,0.6,19.0,0.7995820889148315,0.6,0.565732669170513,0.9898859782322003,1.0,4.0,3.0,0
38064af8-ef2f-454d-b121-0a28d207761b,8d3c9344-6c45-43f7-a583-eb49f1bd7c4b,0.8188942910157062,0.6,19.0,0.7995820889148315,1.0,0.32697303710818776,0.18910296519857916,0.6,3.0,0.0,1
38064af8-ef2f-454d-b121-0a28d207761b,bbaf1fa3-f0d2-4cf1-a007-2ff9a73a4732,0.8188942910157062,0.6,19.0,0.7995820889148315,0.6,0.943547710035929,0.4668619140050845,1.0,2.0,4.0,0
38064af8-ef2f-454d-b121-0a28d207761b,ab31027b-1533-4573-87ee-591c4e74f603,0.8188942910157062,0.6,19.0,0.7995820889148315,0.2,0.13414284675556443,0.8188515466757538,1.0,4.0,1.0,1
38064af8-ef2f-454d-b121-0a28d207761b,7d8ed681-553e-4f86-8328-93bdf476bee2,0.8188942910157062,0.6,19.0,0.7995820889148315,0.6,0.8243337011258274,0.4855544869796419,1.0,5.0,1.0,1
38064af8-ef2f-454d-b121-0a28d207761b,b08e025f-b00e-487d-9769-6e771d335fcd,0.8188942910157062,0.6,19.0,0.7995820889148315,0.6,0.35587631985892465,0.5051778789164922,0.3,0.0,6.0,1
38064af8-ef2f-454d-b121-0a28d207761b,19d3638b-3623-485e-a7a3-bed4ec53eb28,0.8188942910157062,0.6,19.0,0.7995820889148315,0.2,0.22255292506683805,0.2999183439789205,0.0,2.0,3.0,1
38064af8-ef2f-454d-b121-0a28d207761b,21197103-286c-4e08-8f2e-e1f0c1aa4b65,0.8188942910157062,0.6,19.0,0.7995820889148315,0.2,0.974231980237957,0.8883695246489081,0.6,5.0,4.0,1
38064af8-ef2f-454d-b121-0a28d207761b,f99793e2-bf1f-4652-b717-b380cf1b82d9,0.8188942910157062,0.6,19.0,0.7995820889148315,1.0,0.3478973552809047,0.15349034844890785,0.0,1.0,3.0,1
38064af8-ef2f-454d-b121-0a28d207761b,5ac7df38-e13e-4ddf-ac1d-8bd8825c2903,0.8188942910157062,0.6,19.0,0.7995820889148315,0.2,0.5606417702241059,0.9155246766150124,0.0,3.0,5.0,0
38064af8-ef2f-454d-b121-0a28d207761b,e33220eb-1aa5-4702-8b7f-82096cbf244c,0.8188942910157062,0.6,19.0,0.7995820889148315,0.2,0.8045091416614435,0.9303962480539164,0.0,4.0,3.0,1
38064af8-ef2f-454d-b121-0a28d207761b,bbaf1fa3-f0d2-4cf1-a007-2ff9a73a4732,0.8188942910157062,0.6,19.0,0.7995820889148315,0.6,0.943547710035929,0.4668619140050845,1.0,0.0,4.0,1
38064af8-ef2f-454d-b121-0a28d207761b,ef4564ad-37cb-422e-9258-c0dd09e686d8,0.8188942910157062,0.6,19.0,0.7995820889148315,0.6,0.7134305197216956,0.4952020834976343,0.0,1.0,6.0,1
38064af8-ef2f-454d-b121-0a28d207761b,fccbd80d-e8cc-4cf0-adb9-85c0aa640f7f,0.8188942910157062,0.6,19.0,0.7995820889148315,1.0,0.7950919292205237,0.850748587791265,0.0,2.0,6.0,1
38064af8-ef2f-454d-b121-0a28d207761b,69f0bb17-25d2-40ca-9934-1d66d65b38ec,0.8188942910157062,0.6,19.0,0.7995820889148315,1.0,0.5123580186270776,0.31857910523425825,0.6,1.0,1.0,0
38064af8-ef2f-454d-b121-0a28d207761b,0c914be4-9a3f-42b1-9a0d-7b75e4458ea2,0.8188942910157062,0.6,19.0,0.7995820889148315,0.2,0.6120270413649967,0.8895054166969376,0.3,2.0,5.0,0
38064af8-ef2f-454d-b121-0a28d207761b,686e3aa2-fafa-49b8-ae04-90315babb1d4,0.8188942910157062,0.6,19.0,0.7995820889148315,0.2,0.2485402182633587,0.3567460645487345,1.0,3.0,6.0,1
38064af8-ef2f-454d-b121-0a28d207761b,2fcb1115-b785-4e53-aef6-79c4dbe42cda,0.8188942910157062,0.6,19.0,0.7995820889148315,0.2,0.9505514578919633,0.7971802886027384,0.6,3.0,4.0,0
38064af8-ef2f-454d-b121-0a28d207761b,6a24fb3d-8584-44db-80ec-a8943d9d4953,0.8188942910157062,0.6,19.0,0.7995820889148315,0.2,0.7990830790974275,0.6468922285040184,0.6,0.0,0.0,1
38064af8-ef2f-454d-b121-0a28d207761b,3fb0a35d-d0bf-4534-9f63-995064c4e8af,0.8188942910157062,0.6,19.0,0.7995820889148315,0.2,0.4877773325800844,0.17627426660923395,0.3,1.0,0.0,1
38064af8-ef2f-454d-b121-0a28d207761b,7cae5725-f4a7-4615-ab21-00fad572f2f3,0.8188942910157062,0.6,19.0,0.7995820889148315,1.0,0.8991240703271256,0.15308566915688449,0.3,0.0,0.0,1
38064af8-ef2f-454d-b121-0a28d207761b,8977ae1e-0308-44ae-a8c8-f83ca0744d63,0.8188942910157062,0.6,19.0,0.7995820889148315,0.6,0.8507600711322102,0.25582976206381436,0.6,4.0,5.0,1
38064af8-ef2f-454d-b121-0a28d207761b,3ceffdd1-05b8-4296-8ead-87aa963b9836,0.8188942910157062,0.6,19.0,0.7995820889148315,1.0,0.4937077765458606,0.9078087859837904,0.3,5.0,2.0,0
38064af8-ef2f-454d-b121-0a28d207761b,7a3805f8-637d-41ce-ac78-d79938def8ea,0.8188942910157062,0.6,19.0,0.7995820889148315,0.2,0.6005977206832448,0.609661198171549,0.0,5.0,4.0,1
38064af8-ef2f-454d-b121-0a28d207761b,cd408280-465f-4896-b05f-85290441236d,0.8188942910157062,0.6,19.0,0.7995820889148315,1.0,0.22129010421141973,0.167964745667194,0.6,5.0,3.0,1
38064af8-ef2f-454d-b121-0a28d207761b,1f8de1f5-f4a5-410b-85f9-a2177b221fd0,0.8188942910157062,0.6,19.0,0.7995820889148315,0.2,0.9355406398663405,0.9993664824422813,1.0,1.0,5.0,1
38064af8-ef2f-454d-b121-0a28d207761b,b9085332-b2b1-4b72-8021-b3b81398ce92,0.8188942910157062,0.6,19.0,0.7995820889148315,0.6,0.33544730729888195,0.5880404702366536,0.6,3.0,3.0,1
38064af8-ef2f-454d-b121-0a28d207761b,4c734813-4a8a-4ce6-81e5-fc4a2a5db3a2,0.8188942910157062,0.6,19.0,0.7995820889148315,0.6,0.10056769438917118,0.5730262898413426,0.3,5.0,3.0,0
38064af8-ef2f-454d-b121-0a28d207761b,d72916bd-ef8f-4502-bba8-725c04f85a5f,0.8188942910157062,0.6,19.0,0.7995820889148315,0.2,0.854828063402321,0.2603597878713769,0.0,5.0,1.0,1
38064af8-ef2f-454d-b121-0a28d207761b,1e7d8873-b56a-4886-a1ad-5de73c350f8e,0.8188942910157062,0.6,19.0,0.7995820889148315,0.6,0.39376459292746124,0.062329554128436215,0.6,0.0,5.0,0
38064af8-ef2f-454d-b121-0a28d207761b,8ed783a1-387d-4717-b5f7-15de4d9164c0,0.8188942910157062,0.6,19.0,0.7995820889148315,1.0,0.6957695377284588,0.9476351583956032,0.0,3.0,0.0,0
38064af8-ef2f-454d-b121-0a28d207761b,f32bd05f-f328-4f1a-be52-e7eeae8d75e8,0.8188942910157062,0.6,19.0,0.7995820889148315,1.0,0.7522989076063284,0.09818661644669102,0.3,2.0,0.0,0
38064af8-ef2f-454d-b121-0a28d207761b,42438319-d9cd-4491-91c4-7e8df4051b62,0.8188942910157062,0.6,19.0,0.7995820889148315,0.2,0.6023180626659986,0.9806347370894578,0.0,2.0,0.0,1
38064af8-ef2f-454d-b121-0a28d207761b,06497e85-86a1-47f4-bbdd-a5f778924253,0.8188942910157062,0.6,19.0,0.7995820889148315,0.2,0.19052222599951962,0.20137632619118384,0.3,1.0,0.0,0
38064af8-ef2f-454d-b121-0a28d207761b,0764c1e1-84c4-4344-814b-56f447356699,0.8188942910157062,0.6,19.0,0.7995820889148315,0.2,0.36478434898577183,0.31372887152086304,0.3,2.0,5.0,1
38064af8-ef2f-454d-b121-0a28d207761b,5145c478-0b39-4ab7-a906-e1b9735ba3ce,0.8188942910157062,0.6,19.0,0.7995820889148315,0.6,0.8786936977058606,0.9587100682359623,1.0,0.0,3.0,1
38064af8-ef2f-454d-b121-0a28d207761b,1b648ad6-0817-4f80-a7aa-9a94a583454e,0.8188942910157062,0.6,19.0,0.7995820889148315,1.0,0.9167464792916038,0.10114468166917334,0.0,1.0,6.0,0
38064af8-ef2f-454d-b121-0a28d207761b,b8a59f9c-9152-4e9d-9227-81b450029be0,0.8188942910157062,0.6,19.0,0.7995820889148315,0.2,0.9082416607735994,0.8438860705844703,1.0,0.0,4.0,1
38064af8-ef2f-454d-b121-0a28d207761b,85f2c72b-1210-493c-bae7-744c4b2353fc,0.8188942910157062,0.6,19.0,0.7995820889148315,0.6,0.5307520434712122,0.17871782093842026,1.0,3.0,1.0,0
38064af8-ef2f-454d-b121-0a28d207761b,a38cc35a-c8b1-493c-ad3e-67dba34f85e7,0.8188942910157062,0.6,19.0,0.7995820889148315,0.6,0.41036269496507194,0.08761541400278205,0.0,1.0,3.0,1
d340252f-e8c8-4e48-8852-875ce2f01959,1975da03-cf78-4c90-a916-3660a489f0dc,0.8480346757986896,0.2,5.0,0.9809648263447703,0.6,0.4213481052285838,0.6693330773357604,0.6,3.0,0.0,1
d340252f-e8c8-4e48-8852-875ce2f01959,4df06409-5880-4fd2-840e-02e90385cc4e,0.8480346757986896,0.2,5.0,0.9809648263447703,1.0,0.19470747542775022,0.6843276576228667,0.0,2.0,2.0,1
d340252f-e8c8-4e48-8852-875ce2f01959,43b70bae-10ef-4dc3-9f9b-b39a1eacb2d1,0.8480346757986896,0.2,5.0,0.9809648263447703,1.0,0.6227481543871835,0.008705213531018718,1.0,4.0,2.0,0
d340252f-e8c8-4e48-8852-875ce2f01959,de80c064-1511-4251-84a5-ba1187978d32,0.8480346757986896,0.2,5.0,0.9809648263447703,1.0,0.37359855622088356,0.32543416209529763,0.0,4.0,0.0,1
d340252f-e8c8-4e48-8852-875ce2f01959,775861d5-545e-4ddf-b332-3aabb9bd0e76,0.8480346757986896,0.2,5.0,0.9809648263447703,1.0,0.8513642364331833,0.05300666587800451,0.6,2.0,0.0,1
d340252f-e8c8-4e48-8852-875ce2f01959,b30a4759-4017-4c73-a262-ebb3da889ea2,0.8480346757986896,0.2,5.0,0.9809648263447703,0.2,0.2824565624064378,0.9351062106319883,1.0,0.0,3.0,1
d340252f-e8c8-4e48-8852-875ce2f01959,21197103-286c-4e08-8f2e-e1f0c1aa4b65,0.8480346757986896,0.2,5.0,0.9809648263447703,0.2,0.974231980237957,0.8883695246489081,0.6,3.0,5.0,1
d340252f-e8c8-4e48-8852-875ce2f01959,f9e2c26a-8651-45e9-95ac-020bf84e5d87,0.8480346757986896,0.2,5.0,0.9809648263447703,1.0,0.5925107460897749,0.3638178643767461,0.6,1.0,0.0,1
d340252f-e8c8-4e48-8852-875ce2f01959,4b297a66-3334-402c-af3b-f9ee2b621b0b,0.8480346757986896,0.2,5.0,0.9809648263447703,0.2,0.16180119098371584,0.2582859429792861,0.0,3.0,6.0,0
d340252f-e8c8-4e48-8852-875ce2f01959,b8a59f9c-9152-4e9d-9227-81b450029be0,0.8480346757986896,0.2,5.0,0.9809648263447703,0.2,0.9082416607735994,0.8438860705844703,1.0,5.0,1.0,0
d340252f-e8c8-4e48-8852-875ce2f01959,b7f3f687-720d-4c2e-b765-833d1f628763,0.8480346757986896,0.2,5.0,0.9809648263447703,0.6,0.5040757896213439,0.7654432929579714,0.6,1.0,4.0,0
d340252f-e8c8-4e48-8852-875ce2f01959,694b0a7e-d4bd-489d-991e-0fc7e0b7eae9,0.8480346757986896,0.2,5.0,0.9809648263447703,0.6,0.3343722183141432,0.2359196929431705,1.0,5.0,5.0,1
d340252f-e8c8-4e48-8852-875ce2f01959,89df2650-7e95-4104-8f42-5cb62ffb481a,0.8480346757986896,0.2,5.0,0.9809648263447703,0.2,0.29630278019401196,0.3424606722909498,0.0,1.0,6.0,1
d340252f-e8c8-4e48-8852-875ce2f01959,7c817b5c-6572-44b4-8692-fb0a6e6339be,0.8480346757986896,0.2,5.0,0.9809648263447703,1.0,0.5648788196988385,0.6966139096390322,0.6,4.0,1.0,0
d340252f-e8c8-4e48-8852-875ce2f01959,1e0eed17-c905-405d-992d-8f226b5d3e6b,0.8480346757986896,0.2,5.0,0.9809648263447703,0.6,0.4397816989523534,0.9351795022685058,0.0,0.0,2.0,0
d340252f-e8c8-4e48-8852-875ce2f01959,bc2b645f-2327-4ce9-a2d2-c4dfb4c037a4,0.8480346757986896,0.2,5.0,0.9809648263447703,0.6,0.565732669170513,0.9898859782322003,1.0,3.0,6.0,1
d340252f-e8c8-4e48-8852-875ce2f01959,4eda28e3-9d9e-4f06-badb-0cb04245ce38,0.8480346757986896,0.2,5.0,0.9809648263447703,0.6,0.2524816678776829,0.7419096525240588,0.6,3.0,5.0,1
d340252f-e8c8-4e48-8852-875ce2f01959,2f70d43e-6f07-4505-9201-cce02cbbe2f9,0.8480346757986896,0.2,5.0,0.9809648263447703,0.2,0.9098855720694773,0.2703699432968346,0.0,5.0,0.0,0
d340252f-e8c8-4e48-8852-875ce2f01959,230352f2-770a-46c0-abe4-d7625139ab5e,0.8480346757986896,0.2,5.0,0.9809648263447703,0.2,0.6004574087726475,0.5930492421524886,0.0,3.0,4.0,1
d340252f-e8c8-4e48-8852-875ce2f01959,6a217f2a-6a27-417d-a68f-a01e2a149c82,0.8480346757986896,0.2,5.0,0.9809648263447703,1.0,0.6505590801619944,0.0878064055229939,0.6,2.0,6.0,0
d340252f-e8c8-4e48-8852-875ce2f01959,d879a756-cb6b-4026-a00a-656051801b5f,0.8480346757986896,0.2,5.0,0.9809648263447703,1.0,0.19670829855613808,0.6495454402345533,1.0,5.0,6.0,1
d340252f-e8c8-4e48-8852-875ce2f01959,b9638733-3416-47d7-b548-7e0af0dbe65f,0.8480346757986896,0.2,5.0,0.9809648263447703,0.2,0.7200468573060492,0.4981514611185579,0.6,2.0,5.0,0
d340252f-e8c8-4e48-8852-875ce2f01959,85ca56ac-d00f-4985-9a10-09bdbdcf0764,0.8480346757986896,0.2,5.0,0.9809648263447703,1.0,0.7672921606674585,0.4762417440869502,0.3,0.0,6.0,0
d340252f-e8c8-4e48-8852-875ce2f01959,ff0af660-6a5f-4fd7-b2e1-c43344816514,0.8480346757986896,0.2,5.0,0.9809648263447703,1.0,0.5024161230527904,0.7433967816161681,0.3,5.0,2.0,1
d340252f-e8c8-4e48-8852-875ce2f01959,3ceffdd1-05b8-4296-8ead-87aa963b9836,0.8480346757986896,0.2,5.0,0.9809648263447703,1.0,0.4937077765458606,0.9078087859837904,0.3,4.0,5.0,1
d340252f-e8c8-4e48-8852-875ce2f01959,8618c927-9c33-4057-8bfe-9828bd93601a,0.8480346757986896,0.2,5.0,0.9809648263447703,0.6,0.22804722680585615,0.021203888490483047,0.6,1.0,2.0,0
d340252f-e8c8-4e48-8852-875ce2f01959,06f5b296-916f-4c42-aec7-d6f62bba9d9b,0.8480346757986896,0.2,5.0,0.9809648263447703,0.2,0.3223108679637023,0.4183220717622109,1.0,4.0,4.0,1
d340252f-e8c8-4e48-8852-875ce2f01959,230352f2-770a-46c0-abe4-d7625139ab5e,0.8480346757986896,0.2,5.0,0.9809648263447703,0.2,0.6004574087726475,0.5930492421524886,0.0,3.0,4.0,1
d340252f-e8c8-4e48-8852-875ce2f01959,4df06409-5880-4fd2-840e-02e90385cc4e,0.8480346757986896,0.2,5.0,0.9809648263447703,1.0,0.19470747542775022,0.6843276576228667,0.0,0.0,1.0,0
d340252f-e8c8-4e48-8852-875ce2f01959,2fd06511-a2df-41a4-b9b8-72ad25edbef7,0.8480346757986896,0.2,5.0,0.9809648263447703,1.0,0.8121414643536927,0.9186858244934103,0.3,0.0,4.0,1
d340252f-e8c8-4e48-8852-875ce2f01959,69f0bb17-25d2-40ca-9934-1d66d65b38ec,0.8480346757986896,0.2,5.0,0.9809648263447703,1.0,0.5123580186270776,0.31857910523425825,0.6,3.0,5.0,0
d340252f-e8c8-4e48-8852-875ce2f01959,897e2fd6-d062-4d6b-8350-be1ff289f7d2,0.8480346757986896,0.2,5.0,0.9809648263447703,1.0,0.27839323550003814,0.5426957391813381,1.0,2.0,5.0,0
d340252f-e8c8-4e48-8852-875ce2f01959,153e892c-7403-48b3-b3e5-7a4444a6af33,0.8480346757986896,0.2,5.0,0.9809648263447703,1.0,0.268440635924974,0.5517497858340187,0.3,5.0,4.0,0
d340252f-e8c8-4e48-8852-875ce2f01959,d879a756-cb6b-4026-a00a-656051801b5f,0.8480346757986896,0.2,5.0,0.9809648263447703,1.0,0.19670829855613808,0.6495454402345533,1.0,2.0,2.0,0
d340252f-e8c8-4e48-8852-875ce2f01959,8d3c9344-6c45-43f7-a583-eb49f1bd7c4b,0.8480346757986896,0.2,5.0,0.9809648263447703,1.0,0.32697303710818776,0.18910296519857916,0.6,0.0,5.0,1
d340252f-e8c8-4e48-8852-875ce2f01959,225af4bb-7dea-491a-b6ce-984e91ad99bf,0.8480346757986896,0.2,5.0,0.9809648263447703,0.2,0.954287099322196,0.3931698082459284,0.3,1.0,4.0,1
d340252f-e8c8-4e48-8852-875ce2f01959,6720ccab-682e-40ac-9103-5e1a7cedc597,0.8480346757986896,0.2,5.0,0.9809648263447703,1.0,0.34528416725327743,0.5038671262185984,1.0,4.0,6.0,1
d340252f-e8c8-4e48-8852-875ce2f01959,74148153-f45d-4239-a353-bd87a356743e,0.8480346757986896,0.2,5.0,0.9809648263447703,0.6,0.6999994035333063,0.6902791079691951,0.6,2.0,3.0,0
d340252f-e8c8-4e48-8852-875ce2f01959,6a24fb3d-8584-44db-80ec-a8943d9d4953,0.8480346757986896,0.2,5.0,0.9809648263447703,0.2,0.7990830790974275,0.6468922285040184,0.6,5.0,5.0,1
d340252f-e8c8-4e48-8852-875ce2f01959,88e79e28-8590-4873-baf3-158ade3d3e32,0.8480346757986896,0.2,5.0,0.9809648263447703,1.0,0.9148647291612199,0.12864998776038128,0.0,3.0,3.0,0
468ea281-a3d2-424b-89c1-38778dac4ecb,8e97dadb-1a1b-42b9-ab2b-901aa2169415,0.7675402039582777,0.6,0.0,0.34348853073456564,0.6,0.4258214568056816,0.9395878832020562,1.0,3.0,4.0,0
468ea281-a3d2-424b-89c1-38778dac4ecb,7e5fb408-a839-4c94-af31-f8f846c10b16,0.7675402039582777,0.6,0.0,0.34348853073456564,0.6,0.3750883081968893,0.7913034251586659,1.0,2.0,4.0,1
468ea281-a3d2-424b-89c1-38778dac4ecb,547da744-4911-48fa-9b2f-1b550cf8ac17,0.7675402039582777,0.6,0.0,0.34348853073456564,1.0,0.45632620168229077,0.11858678619598295,1.0,5.0,4.0,0
468ea281-a3d2-424b-89c1-38778dac4ecb,c0fc8404-31a2-4e51-8d19-2dec5d8f3a52,0.7675402039582777,0.6,0.0,0.34348853073456564,1.0,0.7233296207802987,0.9797696833559353,1.0,5.0,1.0,0
468ea281-a3d2-424b-89c1-38778dac4ecb,1f8de1f5-f4a5-410b-85f9-a2177b221fd0,0.7675402039582777,0.6,0.0,0.34348853073456564,0.2,0.9355406398663405,0.9993664824422813,1.0,0.0,5.0,1
468ea281-a3d2-424b-89c1-38778dac4ecb,aaf45fe2-a218-49a4-8030-1b040505fcc2,0.7675402039582777,0.6,0.0,0.34348853073456564,0.2,0.36982601339710064,0.6947724975849392,0.3,3.0,3.0,1
468ea281-a3d2-424b-89c1-38778dac4ecb,bfa4d06d-4c33-44f5-a582-6f5fc24bfd7f,0.7675402039582777,0.6,0.0,0.34348853073456564,0.2,0.6497798817429743,0.4331009496434778,1.0,4.0,0.0,1
468ea281-a3d2-424b-89c1-38778dac4ecb,74e91ec2-7e97-4477-a254-e11129eee045,0.7675402039582777,0.6,0.0,0.34348853073456564,1.0,0.4127752338799551,0.9613455666412534,0.3,4.0,1.0,1
468ea281-a3d2-424b-89c1-38778dac4ecb,e02821d5-6c11-48d3-9e5a-ab797cf10dfd,0.7675402039582777,0.6,0.0,0.34348853073456564,0.2,0.30278131508958317,0.8518530351666224,0.6,2.0,2.0,1
468ea281-a3d2-424b-89c1-38778dac4ecb,fb36e3d1-7446-45e0-9d41-48f394b60fa9,0.7675402039582777,0.6,0.0,0.34348853073456564,0.6,0.6937735815060089,0.32932384475875576,0.0,4.0,3.0,1
468ea281-a3d2-424b-89c1-38778dac4ecb,de80c064-1511-4251-84a5-ba1187978d32,0.7675402039582777,0.6,0.0,0.34348853073456564,1.0,0.37359855622088356,0.32543416209529763,0.0,1.0,5.0,0
468ea281-a3d2-424b-89c1-38778dac4ecb,88e79e28-8590-4873-baf3-158ade3d3e32,0.7675402039582777,0.6,0.0,0.34348853073456564,1.0,0.9148647291612199,0.12864998776038128,0.0,5.0,4.0,0
468ea281-a3d2-424b-89c1-38778dac4ecb,f2d9a85b-88a4-4950-96c1-3a460d8c8fab,0.7675402039582777,0.6,0.0,0.34348853073456564,1.0,0.3746902350991088,0.34879260140220214,0.3,1.0,4.0,0
468ea281-a3d2-424b-89c1-38778dac4ecb,b8a59f9c-9152-4e9d-9227-81b450029be0,0.7675402039582777,0.6,0.0,0.34348853073456564,0.2,0.9082416607735994,0.8438860705844703,1.0,2.0,3.0,1
468ea281-a3d2-424b-89c1-38778dac4ecb,1e4deb48-10af-482d-89be-a40b3cfa6237,0.7675402039582777,0.6,0.0,0.34348853073456564,0.2,0.45812006017454143,0.5670116153989458,0.0,1.0,4.0,1
468ea281-a3d2-424b-89c1-38778dac4ecb,1fca9427-3cae-42d5-bed5-488302ac2459,0.7675402039582777,0.6,0.0,0.34348853073456564,0.6,0.396450442114459,0.6699625843471093,0.0,1.0,2.0,0
468ea281-a3d2-424b-89c1-38778dac4ecb,f9e2c26a-8651-45e9-95ac-020bf84e5d87,0.7675402039582777,0.6,0.0,0.34348853073456564,1.0,0.5925107460897749,0.3638178643767461,0.6,3.0,4.0,0
468ea281-a3d2-424b-89c1-38778dac4ecb,e44b9013-f4a8-49bf-9379-87dcbb2e8e53,0.7675402039582777,0.6,0.0,0.34348853073456564,1.0,0.36258242224859283,0.32306846386650134,0.3,4.0,4.0,1
468ea281-a3d2-424b-89c1-38778dac4ecb,fc4acfb5-647c-49b2-9c8c-e8b0e4b17239,0.7675402039582777,0.6,0.0,0.34348853073456564,0.6,0.9661698956227394,0.22641288621518874,0.0,4.0,0.0,1
468ea281-a3d2-424b-89c1-38778dac4ecb,85ca56ac-d00f-4985-9a10-09bdbdcf0764,0.7675402039582777,0.6,0.0,0.34348853073456564,1.0,0.7672921606674585,0.4762417440869502,0.3,0.0,5.0,1
468ea281-a3d2-424b-89c1-38778dac4ecb,c5beb2bc-7876-4318-b66a-dab1f0815f72,0.7675402039582777,0.6,0.0,0.34348853073456564,0.6,0.40881718791361676,0.5939586390142232,0.0,4.0,2.0,1
468ea281-a3d2-424b-89c1-38778dac4ecb,3feb240a-54de-4548-9d6d-6b68da72c588,0.7675402039582777,0.6,0.0,0.34348853073456564,0.6,0.3534939575862086,0.46875086538360267,0.6,5.0,2.0,1
468ea281-a3d2-424b-89c1-38778dac4ecb,059f7915-4179-4fab-ab9a-979f2ce6e218,0.7675402039582777,0.6,0.0,0.34348853073456564,1.0,0.9507761192432672,0.14440395180459542,0.6,2.0,5.0,0
468ea281-a3d2-424b-89c1-38778dac4ecb,319d65cc-35fb-4fd2-8d36-0aaeae8c1599,0.7675402039582777,0.6,0.0,0.34348853073456564,0.2,0.3492163442071033,0.6358648613159886,0.3,4.0,0.0,1
468ea281-a3d2-424b-89c1-38778dac4ecb,cd43d020-95b3-4fce-8795-f8fd1c5756af,0.7675402039582777,0.6,0.0,0.34348853073456564,0.6,0.5573941486973442,0.11632937988922598,0.3,4.0,3.0,1
468ea281-a3d2-424b-89c1-38778dac4ecb,e78aa463-4c6f-47dc-a5bb-968ac81532c7,0.7675402039582777,0.6,0.0,0.34348853073456564,0.6,0.961259998425001,0.14413543131777729,0.6,4.0,1.0,1
468ea281-a3d2-424b-89c1-38778dac4ecb,15b5cdd7-9aed-490f-9cb8-4f9a900eb398,0.7675402039582777,0.6,0.0,0.34348853073456564,0.2,0.17789822129463906,0.6431782959777482,0.0,1.0,3.0,1
468ea281-a3d2-424b-89c1-38778dac4ecb,06497e85-86a1-47f4-bbdd-a5f778924253,0.7675402039582777,0.6,0.0,0.34348853073456564,0.2,0.19052222599951962,0.20137632619118384,0.3,0.0,2.0,1
468ea281-a3d2-424b-89c1-38778dac4ecb,bbaf1fa3-f0d2-4cf1-a007-2ff9a73a4732,0.7675402039582777,0.6,0.0,0.34348853073456564,0.6,0.943547710035929,0.4668619140050845,1.0,5.0,1.0,0
468ea281-a3d2-424b-89c1-38778dac4ecb,b7f3f687-720d-4c2e-b765-833d1f628763,0.7675402039582777,0.6,0.0,0.34348853073456564,0.6,0.5040757896213439,0.7654432929579714,0.6,3.0,5.0,1
468ea281-a3d2-424b-89c1-38778dac4ecb,723b0875-2f5c-406d-91ef-1ef6768c21e1,0.7675402039582777,0.6,0.0,0.34348853073456564,0.6,0.5865033881557733,0.9546606431143135,0.6,3.0,3.0,1
468ea281-a3d2-424b-89c1-38778dac4ecb,2e56c0c7-a2d4-4606-8362-ead47ba989cf,0.7675402039582777,0.6,0.0,0.34348853073456564,1.0,0.9838404823093492,0.5555768002260758,0.0,1.0,5.0,0
468ea281-a3d2-424b-89c1-38778dac4ecb,65c54c61-8bed-4502-891f-54207581973c,0.7675402039582777,0.6,0.0,0.34348853073456564,0.6,0.5609694251913983,0.4769640187588726,1.0,0.0,0.0,1
468ea281-a3d2-424b-89c1-38778dac4ecb,3ddfda87-b4e3-4c16-8683-a4523f15acf2,0.7675402039582777,0.6,0.0,0.34348853073456564,1.0,0.9807055615364045,0.6381156208224877,0.3,4.0,4.0,1
468ea281-a3d2-424b-89c1-38778dac4ecb,172d7aba-b1e9-40bf-b1cb-cf4e91d5184a,0.7675402039582777,0.6,0.0,0.34348853073456564,1.0,0.8526659690466724,0.6328103281975677,0.6,3.0,4.0,0
468ea281-a3d2-424b-89c1-38778dac4ecb,d8d30dac-fd61-48d1-8bf9-aa602ff08b1b,0.7675402039582777,0.6,0.0,0.34348853073456564,0.6,0.5193853910130869,0.5025270481245171,0.0,3.0,0.0,1
468ea281-a3d2-424b-89c1-38778dac4ecb,2fcb1115-b785-4e53-aef6-79c4dbe42cda,0.7675402039582777,0.6,0.0,0.34348853073456564,0.2,0.9505514578919633,0.7971802886027384,0.6,4.0,4.0,1
468ea281-a3d2-424b-89c1-38778dac4ecb,a8daf424-06ed-42c5-99ea-74a1e01591a9,0.7675402039582777,0.6,0.0,0.34348853073456564,0.6,0.6995840419204985,0.5852213104701965,0.0,1.0,2.0,0
468ea281-a3d2-424b-89c1-38778dac4ecb,4eda28e3-9d9e-4f06-badb-0cb04245ce38,0.7675402039582777,0.6,0.0,0.34348853073456564,0.6,0.2524816678776829,0.7419096525240588,0.6,3.0,0.0,0
468ea281-a3d2-424b-89c1-38778dac4ecb,db87c9f7-0d43-43e7-bfc8-10a75114f27b,0.7675402039582777,0.6,0.0,0.34348853073456564,1.0,0.5554553024932305,0.03495342538664914,0.6,4.0,3.0,0
86b1a1dd-7e87-4eef-a01d-8fd918ed2b19,cd408280-465f-4896-b05f-85290441236d,0.8471411066690819,0.6,7.0,0.41344456767557763,1.0,0.22129010421141973,0.167964745667194,0.6,2.0,2.0,1
86b1a1dd-7e87-4eef-a01d-8fd918ed2b19,153e892c-7403-48b3-b3e5-7a4444a6af33,0.8471411066690819,0.6,7.0,0.41344456767557763,1.0,0.268440635924974,0.5517497858340187,0.3,4.0,2.0,0
86b1a1dd-7e87-4eef-a01d-8fd918ed2b19,74e91ec2-7e97-4477-a254-e11129eee045,0.8471411066690819,0.6,7.0,0.41344456767557763,1.0,0.4127752338799551,0.9613455666412534,0.3,4.0,5.0,0
86b1a1dd-7e87-4eef-a01d-8fd918ed2b19,15b5cdd7-9aed-490f-9cb8-4f9a900eb398,0.8471411066690819,0.6,7.0,0.41344456767557763,0.2,0.17789822129463906,0.6431782959777482,0.0,2.0,6.0,1
86b1a1dd-7e87-4eef-a01d-8fd918ed2b19,225af4bb-7dea-491a-b6ce-984e91ad99bf,0.8471411066690819,0.6,7.0,0.41344456767557763,0.2,0.954287099322196,0.3931698082459284,0.3,4.0,1.0,0
86b1a1dd-7e87-4eef-a01d-8fd918ed2b19,2767a00e-73cb-4ec0-8f10-1f2685529dd8,0.8471411066690819,0.6,7.0,0.41344456767557763,0.2,0.14774330715500755,0.17529814661096454,0.3,0.0,6.0,0
86b1a1dd-7e87-4eef-a01d-8fd918ed2b19,9d28a4ed-19ea-45ff-8c87-cd755a39633c,0.8471411066690819,0.6,7.0,0.41344456767557763,1.0,0.9699569764835101,0.3864034459374597,1.0,1.0,6.0,1
86b1a1dd-7e87-4eef-a01d-8fd918ed2b19,b02c207c-3d8f-47d1-94d5-ea09db74e5c8,0.8471411066690819,0.6,7.0,0.41344456767557763,0.6,0.3575527172065134,0.7990422256936793,0.3,2.0,2.0,0
86b1a1dd-7e87-4eef-a01d-8fd918ed2b19,84c440d3-55ef-46aa-abeb-ca96e8632be9,0.8471411066690819,0.6,7.0,0.41344456767557763,0.6,0.5539423499120992,0.05768859541460958,0.6,0.0,1.0,0
86b1a1dd-7e87-4eef-a01d-8fd918ed2b19,1f1d5ce2-33eb-44b8-b139-1507fb4718cc,0.8471411066690819,0.6,7.0,0.41344456767557763,1.0,0.5291681488699617,0.6223076451667475,0.0,2.0,6.0,1
86b1a1dd-7e87-4eef-a01d-8fd918ed2b19,160450d5-9356-496d-a71d-78413a2828c7,0.8471411066690819,0.6,7.0,0.41344456767557763,0.2,0.6437789001540966,0.8506322574276396,1.0,2.0,3.0,1
86b1a1dd-7e87-4eef-a01d-8fd918ed2b19,b85c5447-3934-4a5f-a2ea-5cf406ba1386,0.8471411066690819,0.6,7.0,0.41344456767557763,0.2,0.7359215878835874,0.20471404262800852,1.0,4.0,5.0,1
86b1a1dd-7e87-4eef-a01d-8fd918ed2b19,97ffd70a-47e9-4398-92a1-d66d4e4e7ac9,0.8471411066690819,0.6,7.0,0.41344456767557763,1.0,0.4738888800802551,0.7582398953411875,1.0,2.0,6.0,0
86b1a1dd-7e87-4eef-a01d-8fd918ed2b19,c5beb2bc-7876-4318-b66a-dab1f0815f72,0.8471411066690819,0.6,7.0,0.41344456767557763,0.6,0.40881718791361676,0.5939586390142232,0.0,4.0,4.0,1
86b1a1dd-7e87-4eef-a01d-8fd918ed2b19,6059807a-e497-4a84-9074-8799b7986611,0.8471411066690819,0.6,7.0,0.41344456767557763,0.6,0.4781895633511416,0.7748754537301457,0.0,5.0,1.0,0
86b1a1dd-7e87-4eef-a01d-8fd918ed2b19,d91ea030-edc5-4199-b235-b4f2746330e6,0.8471411066690819,0.6,7.0,0.41344456767557763,1.0,0.7413528687367448,0.2371548448306322,0.6,5.0,2.0,1
86b1a1dd-7e87-4eef-a01d-8fd918ed2b19,b8f55e48-9d55-4d28-bc80-497a7d36ac53,0.8471411066690819,0.6,7.0,0.41344456767557763,0.6,0.5364632049642664,0.9010207096938249,0.6,1.0,2.0,0
86b1a1dd-7e87-4eef-a01d-8fd918ed2b19,768074f2-fa60-4a87-b7e9-0fe45c042ba8,0.8471411066690819,0.6,7.0,0.41344456767557763,0.6,0.44816631031351084,0.885378023796285,0.0,2.0,2.0,0
86b1a1dd-7e87-4eef-a01d-8fd918ed2b19,c1dad211-ef14-4930-9fde-65d8d01eb8a2,0.8471411066690819,0.6,7.0,0.41344456767557763,1.0,0.2775989588417923,0.19963019650413683,0.3,1.0,6.0,0
86b1a1dd-7e87-4eef-a01d-8fd918ed2b19,fe560b2d-9461-419f-952d-3526d1d58cc6,0.8471411066690819,0.6,7.0,0.41344456767557763,1.0,0.582611192457266,0.5549319795003286,0.0,5.0,1.0,1
86b1a1dd-7e87-4eef-a01d-8fd918ed2b19,6bc2f168-7233-41b6-b378-1e91e4060318,0.8471411066690819,0.6,7.0,0.41344456767557763,0.6,0.8903489988595626,0.4493952204847722,0.6,4.0,1.0,0
86b1a1dd-7e87-4eef-a01d-8fd918ed2b19,b7334163-6b0b-4be1-b584-94370f17d451,0.8471411066690819,0.6,7.0,0.41344456767557763,1.0,0.6214743123780008,0.24793030815786732,0.6,4.0,0.0,0
86b1a1dd-7e87-4eef-a01d-8fd918ed2b19,34aadaae-a82c-41a6-b6ac-2ab4f11a8047,0.8471411066690819,0.6,7.0,0.41344456767557763,0.2,0.11867463394112543,0.26611592959755015,0.6,4.0,1.0,1
86b1a1dd-7e87-4eef-a01d-8fd918ed2b19,fe09dd6a-bc95-42e6-bb3c-61d404a20200,0.8471411066690819,0.6,7.0,0.41344456767557763,0.2,0.852490071939042,0.9956463958670673,0.3,5.0,4.0,1
86b1a1dd-7e87-4eef-a01d-8fd918ed2b19,686e3aa2-fafa-49b8-ae04-90315babb1d4,0.8471411066690819,0.6,7.0,0.41344456767557763,0.2,0.2485402182633587,0.3567460645487345,1.0,3.0,3.0,1
86b1a1dd-7e87-4eef-a01d-8fd918ed2b19,bfa4d06d-4c33-44f5-a582-6f5fc24bfd7f,0.8471411066690819,0.6,7.0,0.41344456767557763,0.2,0.6497798817429743,0.4331009496434778,1.0,1.0,6.0,1
86b1a1dd-7e87-4eef-a01d-8fd918ed2b19,dba04d24-2e37-4c46-ae54-9c34510dff1f,0.8471411066690819,0.6,7.0,0.41344456767557763,1.0,0.8419986133538263,0.7052929283686935,0.0,2.0,2.0,1
86b1a1dd-7e87-4eef-a01d-8fd918ed2b19,2e56c0c7-a2d4-4606-8362-ead47ba989cf,0.8471411066690819,0.6,7.0,0.41344456767557763,1.0,0.9838404823093492,0.5555768002260758,0.0,3.0,1.0,0
86b1a1dd-7e87-4eef-a01d-8fd918ed2b19,86df6ab5-0a91-4c31-ae77-b6a97acaa3b6,0.8471411066690819,0.6,7.0,0.41344456767557763,0.2,0.6626325512293207,0.22621734088053103,1.0,2.0,1.0,1
86b1a1dd-7e87-4eef-a01d-8fd918ed2b19,06497e85-86a1-47f4-bbdd-a5f778924253,0.8471411066690819,0.6,7.0,0.41344456767557763,0.2,0.19052222599951962,0.20137632619118384,0.3,3.0,5.0,0
86b1a1dd-7e87-4eef-a01d-8fd918ed2b19,f2b47773-ae1a-4e1a-83d1-6e1190805e45,0.8471411066690819,0.6,7.0,0.41344456767557763,0.2,0.47451581704366996,0.8941437054017293,0.0,0.0,4.0,1
86b1a1dd-7e87-4eef-a01d-8fd918ed2b19,fccbd80d-e8cc-4cf0-adb9-85c0aa640f7f,0.8471411066690819,0.6,7.0,0.41344456767557763,1.0,0.7950919292205237,0.850748587791265,0.0,5.0,3.0,0
86b1a1dd-7e87-4eef-a01d-8fd918ed2b19,bbaf1fa3-f0d2-4cf1-a007-2ff9a73a4732,0.8471411066690819,0.6,7.0,0.41344456767557763,0.6,0.943547710035929,0.4668619140050845,1.0,1.0,3.0,0
86b1a1dd-7e87-4eef-a01d-8fd918ed2b19,2a4e6f6f-8a97-4b0f-8706-b5b5c9a3506e,0.8471411066690819,0.6,7.0,0.41344456767557763,1.0,0.508305717299449,0.5779541132057853,1.0,5.0,4.0,0
86b1a1dd-7e87-4eef-a01d-8fd918ed2b19,965ef1a3-f422-4510-af75-d3f89e3642dd,0.8471411066690819,0.6,7.0,0.41344456767557763,1.0,0.4273005359792914,0.6938722867459519,0.6,2.0,1.0,0
86b1a1dd-7e87-4eef-a01d-8fd918ed2b19,06deada8-30c5-413b-9c3c-714dac3f16dc,0.8471411066690819,0.6,7.0,0.41344456767557763,1.0,0.35763710304451657,0.8208832504363414,1.0,4.0,1.0,0
86b1a1dd-7e87-4eef-a01d-8fd918ed2b19,85a991a1-00c2-4f3b-a2f1-2edd3ed3c13b,0.8471411066690819,0.6,7.0,0.41344456767557763,0.6,0.885115810475927,0.053316349790826556,0.3,5.0,3.0,0
86b1a1dd-7e87-4eef-a01d-8fd918ed2b19,5939c634-d641-4ed7-8910-517780e88b75,0.8471411066690819,0.6,7.0,0.41344456767557763,0.6,0.7523652503478826,0.6850593430585846,0.3,0.0,5.0,0
86b1a1dd-7e87-4eef-a01d-8fd918ed2b19,8ab6ed8b-51d4-454f-85f3-3f6b976bb994,0.8471411066690819,0.6,7.0,0.41344456767557763,1.0,0.28732703598303644,0.30524872168293893,0.3,1.0,1.0,0
86b1a1dd-7e87-4eef-a01d-8fd918ed2b19,45cea0cf-acbc-4a1c-ae67-7da156ce4e33,0.8471411066690819,0.6,7.0,0.41344456767557763,0.6,0.44790999008794674,0.8240533460888545,0.3,4.0,6.0,1
9ea387af-5213-4ee5-a6c0-8db622a74cfa,1e7d8873-b56a-4886-a1ad-5de73c350f8e,0.7511621563948299,0.2,12.0,0.8977334263248717,0.6,0.39376459292746124,0.062329554128436215,0.6,2.0,2.0,1
9ea387af-5213-4ee5-a6c0-8db622a74cfa,dba04d24-2e37-4c46-ae54-9c34510dff1f,0.7511621563948299,0.2,12.0,0.8977334263248717,1.0,0.8419986133538263,0.7052929283686935,0.0,5.0,5.0,1
9ea387af-5213-4ee5-a6c0-8db622a74cfa,6670ddb8-85fa-45e6-9af6-91adbac350a8,0.7511621563948299,0.2,12.0,0.8977334263248717,1.0,0.5273671033049591,0.12936862090556023,0.0,2.0,1.0,0
9ea387af-5213-4ee5-a6c0-8db622a74cfa,3a71361b-e3e1-4223-b68a-ad50ca4dbe62,0.7511621563948299,0.2,12.0,0.8977334263248717,1.0,0.6047778022342388,0.49194088405803205,0.6,2.0,4.0,0
9ea387af-5213-4ee5-a6c0-8db622a74cfa,1f1d5ce2-33eb-44b8-b139-1507fb4718cc,0.7511621563948299,0.2,12.0,0.8977334263248717,1.0,0.5291681488699617,0.6223076451667475,0.0,1.0,3.0,0
9ea387af-5213-4ee5-a6c0-8db622a74cfa,db87c9f7-0d43-43e7-bfc8-10a75114f27b,0.7511621563948299,0.2,12.0,0.8977334263248717,1.0,0.5554553024932305,0.03495342538664914,0.6,3.0,0.0,1
9ea387af-5213-4ee5-a6c0-8db622a74cfa,e4e6b795-9ea2-4e67-a482-101b379e3dd3,0.7511621563948299,0.2,12.0,0.8977334263248717,0.6,0.7178715876853263,0.49460864618565403,0.0,1.0,0.0,0
9ea387af-5213-4ee5-a6c0-8db622a74cfa,dd23fd07-88e1-462e-bc3b-00e51b7428ff,0.7511621563948299,0.2,12.0,0.8977334263248717,0.2,0.9167390499607783,0.453942637731402,1.0,4.0,3.0,1
9ea387af-5213-4ee5-a6c0-8db622a74cfa,1e4deb48-10af-482d-89be-a40b3cfa6237,0.7511621563948299,0.2,12.0,0.8977334263248717,0.2,0.45812006017454143,0.5670116153989458,0.0,1.0,4.0,0
9ea387af-5213-4ee5-a6c0-8db622a74cfa,c65f2822-55d3-4e67-b0e3-dcb7ed48c4fc,0.7511621563948299,0.2,12.0,0.8977334263248717,0.2,0.5969201348829377,0.6751594254540361,0.3,1.0,1.0,0
9ea387af-5213-4ee5-a6c0-8db622a74cfa,a7da2f9e-cfe5-4f9b-a2a9-83b121e1b3a8,0.7511621563948299,0.2,12.0,0.8977334263248717,1.0,0.8629090312240775,0.8986309655053686,0.3,1.0,6.0,0
9ea387af-5213-4ee5-a6c0-8db622a74cfa,c777c23f-b2f3-4f1d-bbea-1e7286fac786,0.7511621563948299,0.2,12.0,0.8977334263248717,0.2,0.9597491309827612,0.04607692524933382,0.0,4.0,1.0,0
9ea387af-5213-4ee5-a6c0-8db622a74cfa,6e8ca283-10c7-434c-826a-837f38ec5444,0.7511621563948299,0.2,12.0,0.8977334263248717,0.2,0.6513768543337128,0.6342982912007427,1.0,4.0,3.0,0
9ea387af-5213-4ee5-a6c0-8db622a74cfa,ce563c1b-e3b8-441d-8833-a4b1974ef8ad,0.7511621563948299,0.2,12.0,0.8977334263248717,0.2,0.2484209913313706,0.8711314111441384,0.6,4.0,4.0,1
9ea387af-5213-4ee5-a6c0-8db622a74cfa,b9638733-3416-47d7-b548-7e0af0dbe65f,0.7511621563948299,0.2,12.0,0.8977334263248717,0.2,0.7200468573060492,0.4981514611185579,0.6,5.0,1.0,1
9ea387af-5213-4ee5-a6c0-8db622a74cfa,042f11d0-6ddd-4561-8c2c-5e00545a621e,0.7511621563948299,0.2,12.0,0.8977334263248717,1.0,0.7872798003899497,0.9285445017428434,0.6,5.0,4.0,1
9ea387af-5213-4ee5-a6c0-8db622a74cfa,42438319-d9cd-4491-91c4-7e8df4051b62,0.7511621563948299,0.2,12.0,0.8977334263248717,0.2,0.6023180626659986,0.9806347370894578,0.0,3.0,0.0,0
9ea387af-5213-4ee5-a6c0-8db622a74cfa,06f5b296-916f-4c42-aec7-d6f62bba9d9b,0.7511621563948299,0.2,12.0,0.8977334263248717,0.2,0.3223108679637023,0.4183220717622109,1.0,1.0,0.0,1
9ea387af-5213-4ee5-a6c0-8db622a74cfa,3c045d5e-db0b-42a4-8b36-5a8f0192e0a9,0.7511621563948299,0.2,12.0,0.8977334263248717,0.6,0.9703557392871628,0.4741186336216032,0.3,5.0,0.0,0
9ea387af-5213-4ee5-a6c0-8db622a74cfa,8d8bd000-8a84-4c8b-bdc8-797008544155,0.7511621563948299,0.2,12.0,0.8977334263248717,1.0,0.14606305453676433,0.13377939697072627,0.0,2.0,0.0,1
9ea387af-5213-4ee5-a6c0-8db622a74cfa,a8daf424-06ed-42c5-99ea-74a1e01591a9,0.7511621563948299,0.2,12.0,0.8977334263248717,0.6,0.6995840419204985,0.5852213104701965,0.0,1.0,6.0,0
9ea387af-5213-4ee5-a6c0-8db622a74cfa,4b297a66-3334-402c-af3b-f9ee2b621b0b,0.7511621563948299,0.2,12.0,0.8977334263248717,0.2,0.16180119098371584,0.2582859429792861,0.0,0.0,6.0,1
9ea387af-5213-4ee5-a6c0-8db622a74cfa,b9638733-3416-47d7-b548-7e0af0dbe65f,0.7511621563948299,0.2,12.0,0.8977334263248717,0.2,0.7200468573060492,0.4981514611185579,0.6,5.0,0.0,1
9ea387af-5213-4ee5-a6c0-8db622a74cfa,775861d5-545e-4ddf-b332-3aabb9bd0e76,0.7511621563948299,0.2,12.0,0.8977334263248717,1.0,0.8513642364331833,0.05300666587800451,0.6,5.0,6.0,1
9ea387af-5213-4ee5-a6c0-8db622a74cfa,6720ccab-682e-40ac-9103-5e1a7cedc597,0.7511621563948299,0.2,12.0,0.8977334263248717,1.0,0.34528416725327743,0.5038671262185984,1.0,0.0,4.0,0
9ea387af-5213-4ee5-a6c0-8db622a74cfa,50485b49-6f87-4fbb-a6d8-cc894f5ad343,0.7511621563948299,0.2,12.0,0.8977334263248717,0.2,0.489665412099198,0.42118413108785735,0.3,5.0,4.0,1
9ea387af-5213-4ee5-a6c0-8db622a74cfa,7c817b5c-6572-44b4-8692-fb0a6e6339be,0.7511621563948299,0.2,12.0,0.8977334263248717,1.0,0.5648788196988385,0.6966139096390322,0.6,1.0,3.0,1
9ea387af-5213-4ee5-a6c0-8db622a74cfa,33aa1631-5d42-4228-84c3-639ac72cf903,0.7511621563948299,0.2,12.0,0.8977334263248717,1.0,0.20605411083785363,0.7031088164784068,0.3,0.0,1.0,0
9ea387af-5213-4ee5-a6c0-8db622a74cfa,fb36e3d1-7446-45e0-9d41-48f394b60fa9,0.7511621563948299,0.2,12.0,0.8977334263248717,0.6,0.6937735815060089,0.32932384475875576,0.0,3.0,3.0,1
9ea387af-5213-4ee5-a6c0-8db622a74cfa,7c817b5c-6572-44b4-8692-fb0a6e6339be,0.7511621563948299,0.2,12.0,0.8977334263248717,1.0,0.5648788196988385,0.6966139096390322,0.6,4.0,6.0,1
9ea387af-5213-4ee5-a6c0-8db622a74cfa,dfb0809f-a08c-4519-85d0-1f790e6cd5d9,0.7511621563948299,0.2,12.0,0.8977334263248717,1.0,0.12996439027292325,0.8581884567519729,1.0,3.0,3.0,0
9ea387af-5213-4ee5-a6c0-8db622a74cfa,6c5eaa38-0652-4762-8f1b-fcb80dbf8936,0.7511621563948299,0.2,12.0,0.8977334263248717,0.6,0.23950518641691337,0.7304636636619138,0.6,0.0,4.0,1
9ea387af-5213-4ee5-a6c0-8db622a74cfa,e44b9013-f4a8-49bf-9379-87dcbb2e8e53,0.7511621563948299,0.2,12.0,0.8977334263248717,1.0,0.36258242224859283,0.32306846386650134,0.3,5.0,5.0,0
9ea387af-5213-4ee5-a6c0-8db622a74cfa,122cf437-7436-42ed-ba9f-fd1238cad94f,0.7511621563948299,0.2,12.0,0.8977334263248717,0.6,0.7296624097080157,0.24684751428984442,0.6,1.0,4.0,1
9ea387af-5213-4ee5-a6c0-8db622a74cfa,de80c064-1511-4251-84a5-ba1187978d32,0.7511621563948299,0.2,12.0,0.8977334263248717,1.0,0.37359855622088356,0.32543416209529763,0.0,4.0,1.0,1
9ea387af-5213-4ee5-a6c0-8db622a74cfa,79cb3b8e-aafa-418e-97aa-f7fdcb3d6c58,0.7511621563948299,0.2,12.0,0.8977334263248717,0.2,0.3730266808058288,0.7752357696427774,0.3,0.0,5.0,1
9ea387af-5213-4ee5-a6c0-8db622a74cfa,6194ece5-783c-4da7-bdc5-d5536c904afd,0.7511621563948299,0.2,12.0,0.8977334263248717,0.6,0.6048572623235224,0.928472011746639,0.3,4.0,0.0,0
9ea387af-5213-4ee5-a6c0-8db622a74cfa,7a3805f8-637d-41ce-ac78-d79938def8ea,0.7511621563948299,0.2,12.0,0.8977334263248717,0.2,0.6005977206832448,0.609661198171549,0.0,0.0,0.0,0
9ea387af-5213-4ee5-a6c0-8db622a74cfa,bf1c16a4-e182-4ecc-8023-e458da60daac,0.7511621563948299,0.2,12.0,0.8977334263248717,1.0,0.24964749169716674,0.6258043806862246,0.6,5.0,4.0,1
9ea387af-5213-4ee5-a6c0-8db622a74cfa,b972f906-99a3-4c64-8a3c-52215d80d34b,0.7511621563948299,0.2,12.0,0.8977334263248717,0.2,0.7557609477960204,0.33890958121625947,0.3,4.0,5.0,1
f35e1610-07c7-47c4-8df6-1001f40dca8e,e8df6458-6771-4ac9-9072-87c3e1750d40,0.8010152759364471,0.2,6.0,0.8532692844775431,0.2,0.43364799363262085,0.28863566461256474,0.0,3.0,1.0,0
f35e1610-07c7-47c4-8df6-1001f40dca8e,059f7915-4179-4fab-ab9a-979f2ce6e218,0.8010152759364471,0.2,6.0,0.8532692844775431,1.0,0.9507761192432672,0.14440395180459542,0.6,5.0,6.0,0
f35e1610-07c7-47c4-8df6-1001f40dca8e,a32c33b9-2ae0-4565-b4cd-8c363bd2dbb1,0.8010152759364471,0.2,6.0,0.8532692844775431,0.6,0.4675427346881219,0.5919389716094521,0.3,0.0,6.0,1
f35e1610-07c7-47c4-8df6-1001f40dca8e,b67ddff0-7385-4797-a300-4a5924cf13c8,0.8010152759364471,0.2,6.0,0.8532692844775431,1.0,0.3295857149138473,0.12338020427621188,1.0,5.0,5.0,1
f35e1610-07c7-47c4-8df6-1001f40dca8e,db87c9f7-0d43-43e7-bfc8-10a75114f27b,0.8010152759364471,0.2,6.0,0.8532692844775431,1.0,0.5554553024932305,0.03495342538664914,0.6,3.0,6.0,1
f35e1610-07c7-47c4-8df6-1001f40dca8e,06497e85-86a1-47f4-bbdd-a5f778924253,0.8010152759364471,0.2,6.0,0.8532692844775431,0.2,0.19052222599951962,0.20137632619118384,0.3,0.0,1.0,1
f35e1610-07c7-47c4-8df6-1001f40dca8e,68ffa0bd-b298-4476-a51a-141035550fd6,0.8010152759364471,0.2,6.0,0.8532692844775431,1.0,0.7873450415195071,0.20198131932556307,0.3,4.0,2.0,1
f35e1610-07c7-47c4-8df6-1001f40dca8e,7e5fb408-a839-4c94-af31-f8f846c10b16,0.8010152759364471,0.2,6.0,0.8532692844775431,0.6,0.3750883081968893,0.7913034251586659,1.0,1.0,6.0,0
f35e1610-07c7-47c4-8df6-1001f40dca8e,b02c207c-3d8f-47d1-94d5-ea09db74e5c8,0.8010152759364471,0.2,6.0,0.8532692844775431,0.6,0.3575527172065134,0.7990422256936793,0.3,0.0,1.0,0
f35e1610-07c7-47c4-8df6-1001f40dca8e,290546aa-9a27-44b0-96cf-1cbe5de0ac63,0.8010152759364471,0.2,6.0,0.8532692844775431,0.2,0.8840031953521331,0.909469052204089,0.3,0.0,2.0,1
f35e1610-07c7-47c4-8df6-1001f40dca8e,b675fdc1-c9db-4f65-ad76-cb5d41d88b8a,0.8010152759364471,0.2,6.0,0.8532692844775431,0.2,0.6871950997280843,0.6183737144963264,0.0,3.0,2.0,1
f35e1610-07c7-47c4-8df6-1001f40dca8e,7c786351-37ac-47a2-9542-40b90f3efee8,0.8010152759364471,0.2,6.0,0.8532692844775431,0.6,0.6561708102091133,0.18646349182808575,0.3,3.0,5.0,1
f35e1610-07c7-47c4-8df6-1001f40dca8e,89df2650-7e95-4104-8f42-5cb62ffb481a,0.8010152759364471,0.2,6.0,0.8532692844775431,0.2,0.29630278019401196,0.3424606722909498,0.0,4.0,0.0,1
f35e1610-07c7-47c4-8df6-1001f40dca8e,b61ea83c-607e-45d0-8e7b-1b85dc0719bf,0.8010152759364471,0.2,6.0,0.8532692844775431,0.2,0.48020855047645894,0.4947416007255965,1.0,4.0,5.0,1
f35e1610-07c7-47c4-8df6-1001f40dca8e,9102dfee-3ffe-4500-abcd-856f5c7ba81a,0.8010152759364471,0.2,6.0,0.8532692844775431,0.2,0.14792713695477017,0.6300659561232757,1.0,2.0,6.0,0
f35e1610-07c7-47c4-8df6-1001f40dca8e,b8f55e48-9d55-4d28-bc80-497a7d36ac53,0.8010152759364471,0.2,6.0,0.8532692844775431,0.6,0.5364632049642664,0.9010207096938249,0.6,1.0,5.0,1
f35e1610-07c7-47c4-8df6-1001f40dca8e,122cf437-7436-42ed-ba9f-fd1238cad94f,0.8010152759364471,0.2,6.0,0.8532692844775431,0.6,0.7296624097080157,0.24684751428984442,0.6,0.0,0.0,1
f35e1610-07c7-47c4-8df6-1001f40dca8e,04b630df-e955-44a2-ba81-7807bb8bbf0e,0.8010152759364471,0.2,6.0,0.8532692844775431,0.6,0.26969467315661044,0.7945253868283686,1.0,3.0,4.0,1
f35e1610-07c7-47c4-8df6-1001f40dca8e,1f8de1f5-f4a5-410b-85f9-a2177b221fd0,0.8010152759364471,0.2,6.0,0.8532692844775431,0.2,0.9355406398663405,0.9993664824422813,1.0,3.0,6.0,1
f35e1610-07c7-47c4-8df6-1001f40dca8e,cd408280-465f-4896-b05f-85290441236d,0.8010152759364471,0.2,6.0,0.8532692844775431,1.0,0.22129010421141973,0.167964745667194,0.6,4.0,5.0,1
f35e1610-07c7-47c4-8df6-1001f40dca8e,65c54c61-8bed-4502-891f-54207581973c,0.8010152759364471,0.2,6.0,0.8532692844775431,0.6,0.5609694251913983,0.4769640187588726,1.0,3.0,6.0,1
f35e1610-07c7-47c4-8df6-1001f40dca8e,9ba51c49-9d6a-423a-905e-593237ec3ec2,0.8010152759364471,0.2,6.0,0.8532692844775431,0.2,0.5056427924137512,0.14164644156570538,1.0,0.0,1.0,1
f35e1610-07c7-47c4-8df6-1001f40dca8e,fda140a2-2654-463e-a825-e101e2f7921b,0.8010152759364471,0.2,6.0,0.8532692844775431,0.2,0.3998020556294877,0.9744658783076392,0.0,0.0,0.0,1
f35e1610-07c7-47c4-8df6-1001f40dca8e,2767a00e-73cb-4ec0-8f10-1f2685529dd8,0.8010152759364471,0.2,6.0,0.8532692844775431,0.2,0.14774330715500755,0.17529814661096454,0.3,4.0,0.0,1
f35e1610-07c7-47c4-8df6-1001f40dca8e,299e9ca4-b5a4-4951-88ff-3985383763f0,0.8010152759364471,0.2,6.0,0.8532692844775431,0.2,0.7548560181125934,0.465904244394832,0.6,4.0,1.0,1
f35e1610-07c7-47c4-8df6-1001f40dca8e,34aadaae-a82c-41a6-b6ac-2ab4f11a8047,0.8010152759364471,0.2,6.0,0.8532692844775431,0.2,0.11867463394112543,0.26611592959755015,0.6,3.0,1.0,1
f35e1610-07c7-47c4-8df6-1001f40dca8e,d05c6a73-7fda-4aba-88c3-900cedb6b9a6,0.8010152759364471,0.2,6.0,0.8532692844775431,0.6,0.37465691625557584,0.04502897108590176,0.0,4.0,0.0,0
f35e1610-07c7-47c4-8df6-1001f40dca8e,d62328c7-3c09-4bff-896a-238934dcedc8,0.8010152759364471,0.2,6.0,0.8532692844775431,0.2,0.5544033125310288,0.572254789610878,1.0,0.0,1.0,0
f35e1610-07c7-47c4-8df6-1001f40dca8e,d96815d9-4db7-48f0-85a0-eddc3b7b916f,0.8010152759364471,0.2,6.0,0.8532692844775431,0.6,0.4536278778772145,0.0754688004112799,1.0,2.0,5.0,1
f35e1610-07c7-47c4-8df6-1001f40dca8e,0c914be4-9a3f-42b1-9a0d-7b75e4458ea2,0.8010152759364471,0.2,6.0,0.8532692844775431,0.2,0.6120270413649967,0.8895054166969376,0.3,0.0,3.0,1
f35e1610-07c7-47c4-8df6-1001f40dca8e,c2aa2f4b-31d0-4751-b78b-9bc94a917dd3,0.8010152759364471,0.2,6.0,0.8532692844775431,0.2,0.9632839642542039,0.47862263242291936,0.3,5.0,1.0,0
f35e1610-07c7-47c4-8df6-1001f40dca8e,5c628898-abde-4c5b-8dc9-253bfab0c323,0.8010152759364471,0.2,6.0,0.8532692844775431,0.6,0.29562602483866546,0.8882279982692427,0.3,2.0,4.0,1
f35e1610-07c7-47c4-8df6-1001f40dca8e,6bc2f168-7233-41b6-b378-1e91e4060318,0.8010152759364471,0.2,6.0,0.8532692844775431,0.6,0.8903489988595626,0.4493952204847722,0.6,3.0,1.0,1
f35e1610-07c7-47c4-8df6-1001f40dca8e,5b598b97-310b-48b1-a31c-086e59102b7b,0.8010152759364471,0.2,6.0,0.8532692844775431,0.2,0.7003193052156396,0.8859898883469448,0.0,4.0,3.0,1
f35e1610-07c7-47c4-8df6-1001f40dca8e,eab77546-5660-4b6f-8ed6-d113d4c924cb,0.8010152759364471,0.2,6.0,0.8532692844775431,0.6,0.6257718626796875,0.29583808895330166,0.0,5.0,2.0,0
f35e1610-07c7-47c4-8df6-1001f40dca8e,0bc32369-5cc1-4c6e-9b9e-a0d6ad643532,0.8010152759364471,0.2,6.0,0.8532692844775431,0.6,0.6337720175795309,0.5219080741476771,1.0,3.0,0.0,0
f35e1610-07c7-47c4-8df6-1001f40dca8e,e78aa463-4c6f-47dc-a5bb-968ac81532c7,0.8010152759364471,0.2,6.0,0.8532692844775431,0.6,0.961259998425001,0.14413543131777729,0.6,1.0,5.0,0
f35e1610-07c7-47c4-8df6-1001f40dca8e,153d2d46-4437-4840-90a1-e5308394b291,0.8010152759364471,0.2,6.0,0.8532692844775431,0.6,0.8859430875649702,0.004809331333315514,0.6,1.0,6.0,0
f35e1610-07c7-47c4-8df6-1001f40dca8e,3e8780dc-c7a9-4934-8e6f-110d379812e4,0.8010152759364471,0.2,6.0,0.8532692844775431,1.0,0.5060570262278341,0.2300402347272693,0.6,3.0,3.0,1
f35e1610-07c7-47c4-8df6-1001f40dca8e,78815b00-b8cf-4b53-9b5c-0a0cc08481cf,0.8010152759364471,0.2,6.0,0.8532692844775431,0.6,0.9610158815047943,0.2578843936513069,0.0,4.0,0.0,0
9aa90a68-167f-4404-a54f-fea25e6f2c1b,bcc862ed-ee8c-4519-bd6f-df3684168181,0.5222122642752595,0.6,7.0,0.3783388377646472,1.0,0.9327717807626915,0.3397410335113047,0.3,0.0,0.0,0
9aa90a68-167f-4404-a54f-fea25e6f2c1b,9f019ca3-6a4d-4f1c-8cfd-4fc983011cd8,0.5222122642752595,0.6,7.0,0.3783388377646472,0.6,0.8592879525285462,0.4771610349793223,0.6,3.0,0.0,1
9aa90a68-167f-4404-a54f-fea25e6f2c1b,99eca1c6-c6f2-4d74-a551-b71f85fad723,0.5222122642752595,0.6,7.0,0.3783388377646472,1.0,0.37557872113137425,0.6908530230033296,0.0,0.0,6.0,0
9aa90a68-167f-4404-a54f-fea25e6f2c1b,16aa6851-6f56-441d-b1e3-84c8e2b58887,0.5222122642752595,0.6,7.0,0.3783388377646472,1.0,0.7017944767412314,0.7875435396564088,0.3,5.0,3.0,0
9aa90a68-167f-4404-a54f-fea25e6f2c1b,85736eaa-5d46-446f-bc37-90664659af7c,0.5222122642752595,0.6,7.0,0.3783388377646472,0.2,0.5071632128531129,0.5363921784426651,0.3,5.0,5.0,1
9aa90a68-167f-4404-a54f-fea25e6f2c1b,1dbb57c0-dbf1-4996-b33e-610ff0e1a4c5,0.5222122642752595,0.6,7.0,0.3783388377646472,0.2,0.6520298599863723,0.91316722678243,1.0,0.0,6.0,0
9aa90a68-167f-4404-a54f-fea25e6f2c1b,8155e67e-e6b6-4564-9fbc-a422dfbb4728,0.5222122642752595,0.6,7.0,0.3783388377646472,0.2,0.3282195111753295,0.7588859461800079,0.0,4.0,0.0,0
9aa90a68-167f-4404-a54f-fea25e6f2c1b,94f447d1-ce40-4abc-9492-1b4fa652cdf8,0.5222122642752595,0.6,7.0,0.3783388377646472,0.2,0.7747992350688047,0.24068147068829215,1.0,2.0,6.0,1
9aa90a68-167f-4404-a54f-fea25e6f2c1b,e4db18b0-d91a-4fe4-b05f-eda25f38ea0d,0.5222122642752595,0.6,7.0,0.3783388377646472,0.2,0.5776591949487476,0.19019373944895102,0.3,0.0,6.0,1
9aa90a68-167f-4404-a54f-fea25e6f2c1b,1c71f507-dfea-4b96-86e6-8a12d5a0d8da,0.5222122642752595,0.6,7.0,0.3783388377646472,1.0,0.9354478790984506,0.6224732640307242,0.0,3.0,6.0,0
9aa90a68-167f-4404-a54f-fea25e6f2c1b,fc4acfb5-647c-49b2-9c8c-e8b0e4b17239,0.5222122642752595,0.6,7.0,0.3783388377646472,0.6,0.9661698956227394,0.22641288621518874,0.0,5.0,0.0,0
9aa90a68-167f-4404-a54f-fea25e6f2c1b,fccbd80d-e8cc-4cf0-adb9-85c0aa640f7f,0.5222122642752595,0.6,7.0,0.3783388377646472,1.0,0.7950919292205237,0.850748587791265,0.0,3.0,3.0,0
9aa90a68-167f-4404-a54f-fea25e6f2c1b,b8a59f9c-9152-4e9d-9227-81b450029be0,0.5222122642752595,0.6,7.0,0.3783388377646472,0.2,0.9082416607735994,0.8438860705844703,1.0,3.0,3.0,1
9aa90a68-167f-4404-a54f-fea25e6f2c1b,16aa6851-6f56-441d-b1e3-84c8e2b58887,0.5222122642752595,0.6,7.0,0.3783388377646472,1.0,0.7017944767412314,0.7875435396564088,0.3,2.0,0.0,0
9aa90a68-167f-4404-a54f-fea25e6f2c1b,122cf437-7436-42ed-ba9f-fd1238cad94f,0.5222122642752595,0.6,7.0,0.3783388377646472,0.6,0.7296624097080157,0.24684751428984442,0.6,1.0,6.0,1
9aa90a68-167f-4404-a54f-fea25e6f2c1b,b7c1594e-c23f-4a6c-b842-737b0c93b147,0.5222122642752595,0.6,7.0,0.3783388377646472,1.0,0.3323463750225212,0.10510906779710338,0.3,1.0,5.0,0
9aa90a68-167f-4404-a54f-fea25e6f2c1b,18d9fc90-579e-4041-988f-c2fa9da7d9f1,0.5222122642752595,0.6,7.0,0.3783388377646472,0.2,0.611318917479668,0.23509193379958115,0.3,4.0,4.0,0
9aa90a68-167f-4404-a54f-fea25e6f2c1b,b20bab7d-8fe1-4291-9511-746d551c6381,0.5222122642752595,0.6,7.0,0.3783388377646472,1.0,0.30803403606513613,0.290684856511908,0.0,0.0,0.0,0
9aa90a68-167f-4404-a54f-fea25e6f2c1b,686e3aa2-fafa-49b8-ae04-90315babb1d4,0.5222122642752595,0.6,7.0,0.3783388377646472,0.2,0.2485402182633587,0.3567460645487345,1.0,3.0,6.0,1
9aa90a68-167f-4404-a54f-fea25e6f2c1b,9d28a4ed-19ea-45ff-8c87-cd755a39633c,0.5222122642752595,0.6,7.0,0.3783388377646472,1.0,0.9699569764835101,0.3864034459374597,1.0,1.0,3.0,0
9aa90a68-167f-4404-a54f-fea25e6f2c1b,015a673e-67b9-4560-949f-f0f29ba09691,0.5222122642752595,0.6,7.0,0.3783388377646472,0.6,0.772469818793257,0.851704139635052,0.0,1.0,0.0,1
9aa90a68-167f-4404-a54f-fea25e6f2c1b,e033b700-4879-4d96-af09-314a42b40ec0,0.5222122642752595,0.6,7.0,0.3783388377646472,0.6,0.5265277997852419,0.306413896951497,1.0,5.0,5.0,0
9aa90a68-167f-4404-a54f-fea25e6f2c1b,4923fb26-e583-4c24-ac52-8838a0ed3a98,0.5222122642752595,0.6,7.0,0.3783388377646472,1.0,0.553388277838538,0.7019544741283528,1.0,0.0,6.0,0
9aa90a68-167f-4404-a54f-fea25e6f2c1b,d1505a61-3c3b-4c86-a8ae-c4ab1a296525,0.5222122642752595,0.6,7.0,0.3783388377646472,1.0,0.5383907575441277,0.2096336099684688,0.6,1.0,2.0,0
9aa90a68-167f-4404-a54f-fea25e6f2c1b,8618c927-9c33-4057-8bfe-9828bd93601a,0.5222122642752595,0.6,7.0,0.3783388377646472,0.6,0.22804722680585615,0.021203888490483047,0.6,4.0,4.0,0
9aa90a68-167f-4404-a54f-fea25e6f2c1b,5939c634-d641-4ed7-8910-517780e88b75,0.5222122642752595,0.6,7.0,0.3783388377646472,0.6,0.7523652503478826,0.6850593430585846,0.3,3.0,1.0,1
9aa90a68-167f-4404-a54f-fea25e6f2c1b,15ffb6f4-0363-4611-afec-93fefe2ffd83,0.5222122642752595,0.6,7.0,0.3783388377646472,0.2,0.9223427256162328,0.7798431272433336,0.3,0.0,5.0,1
9aa90a68-167f-4404-a54f-fea25e6f2c1b,18d9fc90-579e-4041-988f-c2fa9da7d9f1,0.5222122642752595,0.6,7.0,0.3783388377646472,0.2,0.611318917479668,0.23509193379958115,0.3,5.0,4.0,0
9aa90a68-167f-4404-a54f-fea25e6f2c1b,a26f3aa1-8131-40eb-8610-e57f92d60b1d,0.5222122642752595,0.6,7.0,0.3783388377646472,0.6,0.5405955324673002,0.22788898669340596,0.3,4.0,3.0,1
9aa90a68-167f-4404-a54f-fea25e6f2c1b,34df5d01-15ed-49be-beaf-1edba5ce73f3,0.5222122642752595,0.6,7.0,0.3783388377646472,0.2,0.570771685431961,0.8647552667165631,0.3,1.0,6.0,0
9aa90a68-167f-4404-a54f-fea25e6f2c1b,df3f8908-754b-4f66-b4a5-0f54f1bbdef1,0.5222122642752595,0.6,7.0,0.3783388377646472,0.2,0.9006532918063022,0.624832175706485,0.6,4.0,4.0,1
9aa90a68-167f-4404-a54f-fea25e6f2c1b,d91ea030-edc5-4199-b235-b4f2746330e6,0.5222122642752595,0.6,7.0,0.3783388377646472,1.0,0.7413528687367448,0.2371548448306322,0.6,4.0,2.0,1
9aa90a68-167f-4404-a54f-fea25e6f2c1b,b008e459-aec4-4940-b0b0-b9521473a99b,0.5222122642752595,0.6,7.0,0.3783388377646472,0.2,0.8465976222683373,0.22635650862391665,1.0,0.0,6.0,1
9aa90a68-167f-4404-a54f-fea25e6f2c1b,b7f3f687-720d-4c2e-b765-833d1f628763,0.5222122642752595,0.6,7.0,0.3783388377646472,0.6,0.5040757896213439,0.7654432929579714,0.6,3.0,2.0,1
9aa90a68-167f-4404-a54f-fea25e6f2c1b,ad90952f-caf0-425d-8039-7263f702df91,0.5222122642752595,0.6,7.0,0.3783388377646472,0.2,0.9254823202465832,0.36840241779614114,0.0,1.0,3.0,1
9aa90a68-167f-4404-a54f-fea25e6f2c1b,153d2d46-4437-4840-90a1-e5308394b291,0.5222122642752595,0.6,7.0,0.3783388377646472,0.6,0.8859430875649702,0.004809331333315514,0.6,0.0,6.0,1
9aa90a68-167f-4404-a54f-fea25e6f2c1b,f02458a6-6ff7-47a1-8e01-b8ff21f7812d,0.5222122642752595,0.6,7.0,0.3783388377646472,0.2,0.336680938116936,0.2620493339390677,0.6,4.0,3.0,1
9aa90a68-167f-4404-a54f-fea25e6f2c1b,686e3aa2-fafa-49b8-ae04-90315babb1d4,0.5222122642752595,0.6,7.0,0.3783388377646472,0.2,0.2485402182633587,0.3567460645487345,1.0,4.0,5.0,0
9aa90a68-167f-4404-a54f-fea25e6f2c1b,33aa1631-5d42-4228-84c3-639ac72cf903,0.5222122642752595,0.6,7.0,0.3783388377646472,1.0,0.20605411083785363,0.7031088164784068,0.3,3.0,5.0,0
9aa90a68-167f-4404-a54f-fea25e6f2c1b,2f70d43e-6f07-4505-9201-cce02cbbe2f9,0.5222122642752595,0.6,7.0,0.3783388377646472,0.2,0.9098855720694773,0.2703699432968346,0.0,5.0,5.0,1
ee6f3594-7ae0-451f-a4f1-88d5db381770,3586835a-4f05-4964-8ca1-2138cebf95a6,0.6620232279240403,0.6,10.0,0.42288244881840314,1.0,0.6521758610516846,0.9475221766685487,0.0,1.0,5.0,0
ee6f3594-7ae0-451f-a4f1-88d5db381770,f62e1330-1cf0-425f-9f10-6ddf9042abcd,0.6620232279240403,0.6,10.0,0.42288244881840314,1.0,0.9321622696421319,0.2356252848280802,1.0,4.0,3.0,0
ee6f3594-7ae0-451f-a4f1-88d5db381770,b9085332-b2b1-4b72-8021-b3b81398ce92,0.6620232279240403,0.6,10.0,0.42288244881840314,0.6,0.33544730729888195,0.5880404702366536,0.6,4.0,5.0,0
ee6f3594-7ae0-451f-a4f1-88d5db381770,cfaac6f7-b976-4661-8cd2-98f3a4e3a281,0.6620232279240403,0.6,10.0,0.42288244881840314,0.2,0.17993656314318568,0.2972789514204549,0.3,4.0,1.0,1
ee6f3594-7ae0-451f-a4f1-88d5db381770,fe560b2d-9461-419f-952d-3526d1d58cc6,0.6620232279240403,0.6,10.0,0.42288244881840314,1.0,0.582611192457266,0.5549319795003286,0.0,3.0,4.0,0
ee6f3594-7ae0-451f-a4f1-88d5db381770,61ae4cd0-4feb-4315-9993-55959a8ab125,0.6620232279240403,0.6,10.0,0.42288244881840314,0.6,0.5247340762216478,0.34315624408831924,0.0,1.0,2.0,0
ee6f3594-7ae0-451f-a4f1-88d5db381770,10fa412c-7efe-46f7-89b0-c6aa11d87532,0.6620232279240403,0.6,10.0,0.42288244881840314,1.0,0.911960789245008,0.6298188715387788,0.3,5.0,5.0,0
ee6f3594-7ae0-451f-a4f1-88d5db381770,3ddfda87-b4e3-4c16-8683-a4523f15acf2,0.6620232279240403,0.6,10.0,0.42288244881840314,1.0,0.9807055615364045,0.6381156208224877,0.3,4.0,1.0,0
ee6f3594-7ae0-451f-a4f1-88d5db381770,4eda28e3-9d9e-4f06-badb-0cb04245ce38,0.6620232279240403,0.6,10.0,0.42288244881840314,0.6,0.2524816678776829,0.7419096525240588,0.6,0.0,2.0,1
ee6f3594-7ae0-451f-a4f1-88d5db381770,94f447d1-ce40-4abc-9492-1b4fa652cdf8,0.6620232279240403,0.6,10.0,0.42288244881840314,0.2,0.7747992350688047,0.24068147068829215,1.0,3.0,0.0,1
ee6f3594-7ae0-451f-a4f1-88d5db381770,c5beb2bc-7876-4318-b66a-dab1f0815f72,0.6620232279240403,0.6,10.0,0.42288244881840314,0.6,0.40881718791361676,0.5939586390142232,0.0,1.0,1.0,1
ee6f3594-7ae0-451f-a4f1-88d5db381770,effc8e6d-3fa0-4ad0-84e0-49ceb18ecfdf,0.6620232279240403,0.6,10.0,0.42288244881840314,1.0,0.1753861576369154,0.018304751217713022,0.6,5.0,3.0,0
ee6f3594-7ae0-451f-a4f1-88d5db381770,bf54fdb0-6d82-479e-a9d5-78fc64767a17,0.6620232279240403,0.6,10.0,0.42288244881840314,0.2,0.17614837616217327,0.6505421545039386,1.0,4.0,4.0,0
ee6f3594-7ae0-451f-a4f1-88d5db381770,2e56c0c7-a2d4-4606-8362-ead47ba989cf,0.6620232279240403,0.6,10.0,0.42288244881840314,1.0,0.9838404823093492,0.5555768002260758,0.0,4.0,3.0,0
ee6f3594-7ae0-451f-a4f1-88d5db381770,6c5eaa38-0652-4762-8f1b-fcb80dbf8936,0.6620232279240403,0.6,10.0,0.42288244881840314,0.6,0.23950518641691337,0.7304636636619138,0.6,3.0,1.0,1
ee6f3594-7ae0-451f-a4f1-88d5db381770,33aa1631-5d42-4228-84c3-639ac72cf903,0.6620232279240403,0.6,10.0,0.42288244881840314,1.0,0.20605411083785363,0.7031088164784068,0.3,4.0,3.0,1
ee6f3594-7ae0-451f-a4f1-88d5db381770,bc2b645f-2327-4ce9-a2d2-c4dfb4c037a4,0.6620232279240403,0.6,10.0,0.42288244881840314,0.6,0.565732669170513,0.9898859782322003,1.0,4.0,6.0,1
ee6f3594-7ae0-451f-a4f1-88d5db381770,b67ddff0-7385-4797-a300-4a5924cf13c8,0.6620232279240403,0.6,10.0,0.42288244881840314,1.0,0.3295857149138473,0.12338020427621188,1.0,0.0,4.0,0
ee6f3594-7ae0-451f-a4f1-88d5db381770,122cf437-7436-42ed-ba9f-fd1238cad94f,0.6620232279240403,0.6,10.0,0.42288244881840314,0.6,0.7296624097080157,0.24684751428984442,0.6,2.0,5.0,0
ee6f3594-7ae0-451f-a4f1-88d5db381770,a8daf424-06ed-42c5-99ea-74a1e01591a9,0.6620232279240403,0.6,10.0,0.42288244881840314,0.6,0.6995840419204985,0.5852213104701965,0.0,1.0,5.0,1
ee6f3594-7ae0-451f-a4f1-88d5db381770,bcc862ed-ee8c-4519-bd6f-df3684168181,0.6620232279240403,0.6,10.0,0.42288244881840314,1.0,0.9327717807626915,0.3397410335113047,0.3,5.0,3.0,1
ee6f3594-7ae0-451f-a4f1-88d5db381770,122cf437-7436-42ed-ba9f-fd1238cad94f,0.6620232279240403,0.6,10.0,0.42288244881840314,0.6,0.7296624097080157,0.24684751428984442,0.6,0.0,2.0,0
ee6f3594-7ae0-451f-a4f1-88d5db381770,5145c478-0b39-4ab7-a906-e1b9735ba3ce,0.6620232279240403,0.6,10.0,0.42288244881840314,0.6,0.8786936977058606,0.9587100682359623,1.0,2.0,6.0,1
ee6f3594-7ae0-451f-a4f1-88d5db381770,686e3aa2-fafa-49b8-ae04-90315babb1d4,0.6620232279240403,0.6,10.0,0.42288244881840314,0.2,0.2485402182633587,0.3567460645487345,1.0,2.0,2.0,1
ee6f3594-7ae0-451f-a4f1-88d5db381770,2270dcd6-f4ba-4acf-b863-271ea249c419,0.6620232279240403,0.6,10.0,0.42288244881840314,0.6,0.888509462672205,0.11768090665028597,0.0,0.0,4.0,1
ee6f3594-7ae0-451f-a4f1-88d5db381770,86df6ab5-0a91-4c31-ae77-b6a97acaa3b6,0.6620232279240403,0.6,10.0,0.42288244881840314,0.2,0.6626325512293207,0.22621734088053103,1.0,1.0,5.0,1
ee6f3594-7ae0-451f-a4f1-88d5db381770,06deada8-30c5-413b-9c3c-714dac3f16dc,0.6620232279240403,0.6,10.0,0.42288244881840314,1.0,0.35763710304451657,0.8208832504363414,1.0,3.0,3.0,0
ee6f3594-7ae0-451f-a4f1-88d5db381770,1fca9427-3cae-42d5-bed5-488302ac2459,0.6620232279240403,0.6,10.0,0.42288244881840314,0.6,0.396450442114459,0.6699625843471093,0.0,5.0,0.0,1
ee6f3594-7ae0-451f-a4f1-88d5db381770,4923fb26-e583-4c24-ac52-8838a0ed3a98,0.6620232279240403,0.6,10.0,0.42288244881840314,1.0,0.553388277838538,0.7019544741283528,1.0,4.0,4.0,0
ee6f3594-7ae0-451f-a4f1-88d5db381770,6c5eaa38-0652-4762-8f1b-fcb80dbf8936,0.6620232279240403,0.6,10.0,0.42288244881840314,0.6,0.23950518641691337,0.7304636636619138,0.6,4.0,4.0,0
ee6f3594-7ae0-451f-a4f1-88d5db381770,5145c478-0b39-4ab7-a906-e1b9735ba3ce,0.6620232279240403,0.6,10.0,0.42288244881840314,0.6,0.8786936977058606,0.9587100682359623,1.0,3.0,6.0,1
ee6f3594-7ae0-451f-a4f1-88d5db381770,bb149053-41e0-46bd-ae04-d392610b827f,0.6620232279240403,0.6,10.0,0.42288244881840314,1.0,0.9892289095536471,0.5376980874726343,0.3,3.0,2.0,0
ee6f3594-7ae0-451f-a4f1-88d5db381770,ff0af660-6a5f-4fd7-b2e1-c43344816514,0.6620232279240403,0.6,10.0,0.42288244881840314,1.0,0.5024161230527904,0.7433967816161681,0.3,1.0,6.0,1
ee6f3594-7ae0-451f-a4f1-88d5db381770,6670ddb8-85fa-45e6-9af6-91adbac350a8,0.6620232279240403,0.6,10.0,0.42288244881840314,1.0,0.5273671033049591,0.12936862090556023,0.0,5.0,3.0,0
ee6f3594-7ae0-451f-a4f1-88d5db381770,4a47a28f-ebfe-4e2c-b5a5-219b771c2344,0.6620232279240403,0.6,10.0,0.42288244881840314,1.0,0.886582543106834,0.6746693780314743,0.3,4.0,6.0,0
ee6f3594-7ae0-451f-a4f1-88d5db381770,8c20762d-72fc-4a90-9284-b697f6205faa,0.6620232279240403,0.6,10.0,0.42288244881840314,0.2,0.809327370784988,0.46262162923016714,0.6,3.0,5.0,1
ee6f3594-7ae0-451f-a4f1-88d5db381770,897e2fd6-d062-4d6b-8350-be1ff289f7d2,0.6620232279240403,0.6,10.0,0.42288244881840314,1.0,0.27839323550003814,0.5426957391813381,1.0,3.0,4.0,0
ee6f3594-7ae0-451f-a4f1-88d5db381770,34aadaae-a82c-41a6-b6ac-2ab4f11a8047,0.6620232279240403,0.6,10.0,0.42288244881840314,0.2,0.11867463394112543,0.26611592959755015,0.6,2.0,2.0,0
ee6f3594-7ae0-451f-a4f1-88d5db381770,7bf57e1f-8d6e-4525-9822-40fe99cb92db,0.6620232279240403,0.6,10.0,0.42288244881840314,0.6,0.646849787279288,0.8371345930324872,0.6,0.0,0.0,0
ee6f3594-7ae0-451f-a4f1-88d5db381770,ad90952f-caf0-425d-8039-7263f702df91,0.6620232279240403,0.6,10.0,0.42288244881840314,0.2,0.9254823202465832,0.36840241779614114,0.0,0.0,6.0,1
57498439-ef80-4429-af62-8ec4a9ecb402,aaf45fe2-a218-49a4-8030-1b040505fcc2,0.24859452826397396,0.6,11.0,0.7131853908861021,0.2,0.36982601339710064,0.6947724975849392,0.3,1.0,5.0,0
57498439-ef80-4429-af62-8ec4a9ecb402,a17bf541-effa-44fe-bb93-e99cb560a113,0.24859452826397396,0.6,11.0,0.7131853908861021,0.6,0.6843407970867683,0.1004271940167254,0.6,2.0,0.0,1
57498439-ef80-4429-af62-8ec4a9ecb402,7c786351-37ac-47a2-9542-40b90f3efee8,0.24859452826397396,0.6,11.0,0.7131853908861021,0.6,0.6561708102091133,0.18646349182808575,0.3,1.0,6.0,0
57498439-ef80-4429-af62-8ec4a9ecb402,1e7d8873-b56a-4886-a1ad-5de73c350f8e,0.24859452826397396,0.6,11.0,0.7131853908861021,0.6,0.39376459292746124,0.062329554128436215,0.6,3.0,1.0,1
57498439-ef80-4429-af62-8ec4a9ecb402,c0831cb8-2671-4f2e-9498-e74d21da6f33,0.24859452826397396,0.6,11.0,0.7131853908861021,0.2,0.678838712580165,0.49622340240440477,1.0,0.0,4.0,1
57498439-ef80-4429-af62-8ec4a9ecb402,8977ae1e-0308-44ae-a8c8-f83ca0744d63,0.24859452826397396,0.6,11.0,0.7131853908861021,0.6,0.8507600711322102,0.25582976206381436,0.6,3.0,3.0,1
57498439-ef80-4429-af62-8ec4a9ecb402,8d8bd000-8a84-4c8b-bdc8-797008544155,0.24859452826397396,0.6,11.0,0.7131853908861021,1.0,0.14606305453676433,0.13377939697072627,0.0,2.0,6.0,0
57498439-ef80-4429-af62-8ec4a9ecb402,8c20762d-72fc-4a90-9284-b697f6205faa,0.24859452826397396,0.6,11.0,0.7131853908861021,0.2,0.809327370784988,0.46262162923016714,0.6,2.0,1.0,0
57498439-ef80-4429-af62-8ec4a9ecb402,85930d8e-50d0-4f7b-acb8-caaac625dd0e,0.24859452826397396,0.6,11.0,0.7131853908861021,1.0,0.718363556324442,0.8165727833244342,0.6,5.0,6.0,0
57498439-ef80-4429-af62-8ec4a9ecb402,b675fdc1-c9db-4f65-ad76-cb5d41d88b8a,0.24859452826397396,0.6,11.0,0.7131853908861021,0.2,0.6871950997280843,0.6183737144963264,0.0,4.0,3.0,1
57498439-ef80-4429-af62-8ec4a9ecb402,1e4deb48-10af-482d-89be-a40b3cfa6237,0.24859452826397396,0.6,11.0,0.7131853908861021,0.2,0.45812006017454143,0.5670116153989458,0.0,3.0,2.0,0
57498439-ef80-4429-af62-8ec4a9ecb402,5a34f357-525c-4e8c-9761-fca6c5ef4a54,0.24859452826397396,0.6,11.0,0.7131853908861021,1.0,0.32612342892093527,0.37000647225331373,0.3,2.0,3.0,0
57498439-ef80-4429-af62-8ec4a9ecb402,cd408280-465f-4896-b05f-85290441236d,0.24859452826397396,0.6,11.0,0.7131853908861021,1.0,0.22129010421141973,0.167964745667194,0.6,2.0,4.0,0
57498439-ef80-4429-af62-8ec4a9ecb402,b939da7f-028e-4294-87a9-cae844ef2396,0.24859452826397396,0.6,11.0,0.7131853908861021,1.0,0.28159591151234475,0.3654017291850822,1.0,2.0,1.0,0
57498439-ef80-4429-af62-8ec4a9ecb402,965ef1a3-f422-4510-af75-d3f89e3642dd,0.24859452826397396,0.6,11.0,0.7131853908861021,1.0,0.4273005359792914,0.6938722867459519,0.6,3.0,1.0,0
57498439-ef80-4429-af62-8ec4a9ecb402,4923fb26-e583-4c24-ac52-8838a0ed3a98,0.24859452826397396,0.6,11.0,0.7131853908861021,1.0,0.553388277838538,0.7019544741283528,1.0,3.0,3.0,0
57498439-ef80-4429-af62-8ec4a9ecb402,61f8b793-eb21-415f-be6a-1dace64c1dab,0.24859452826397396,0.6,11.0,0.7131853908861021,0.2,0.5789373941878594,0.5534783138488689,0.0,3.0,2.0,1
57498439-ef80-4429-af62-8ec4a9ecb402,61ae4cd0-4feb-4315-9993-55959a8ab125,0.24859452826397396,0.6,11.0,0.7131853908861021,0.6,0.5247340762216478,0.34315624408831924,0.0,5.0,2.0,1
57498439-ef80-4429-af62-8ec4a9ecb402,c777c23f-b2f3-4f1d-bbea-1e7286fac786,0.24859452826397396,0.6,11.0,0.7131853908861021,0.2,0.9597491309827612,0.04607692524933382,0.0,0.0,5.0,1
57498439-ef80-4429-af62-8ec4a9ecb402,8c822518-d0dc-460d-93c7-d9d033a078ba,0.24859452826397396,0.6,11.0,0.7131853908861021,1.0,0.5475099359609544,0.9553256935848943,1.0,0.0,1.0,1
57498439-ef80-4429-af62-8ec4a9ecb402,74148153-f45d-4239-a353-bd87a356743e,0.24859452826397396,0.6,11.0,0.7131853908861021,0.6,0.6999994035333063,0.6902791079691951,0.6,3.0,3.0,1
57498439-ef80-4429-af62-8ec4a9ecb402,5145c478-0b39-4ab7-a906-e1b9735ba3ce,0.24859452826397396,0.6,11.0,0.7131853908861021,0.6,0.8786936977058606,0.9587100682359623,1.0,1.0,6.0,1
57498439-ef80-4429-af62-8ec4a9ecb402,965ef1a3-f422-4510-af75-d3f89e3642dd,0.24859452826397396,0.6,11.0,0.7131853908861021,1.0,0.4273005359792914,0.6938722867459519,0.6,0.0,0.0,0
57498439-ef80-4429-af62-8ec4a9ecb402,85a991a1-00c2-4f3b-a2f1-2edd3ed3c13b,0.24859452826397396,0.6,11.0,0.7131853908861021,0.6,0.885115810475927,0.053316349790826556,0.3,0.0,2.0,0
57498439-ef80-4429-af62-8ec4a9ecb402,b30a4759-4017-4c73-a262-ebb3da889ea2,0.24859452826397396,0.6,11.0,0.7131853908861021,0.2,0.2824565624064378,0.9351062106319883,1.0,4.0,6.0,1
57498439-ef80-4429-af62-8ec4a9ecb402,e2cc89a7-6e52-40e3-8411-87a3295c8a0e,0.24859452826397396,0.6,11.0,0.7131853908861021,0.2,0.3237254478661281,0.030381800897473776,0.3,0.0,6.0,1
57498439-ef80-4429-af62-8ec4a9ecb402,d96815d9-4db7-48f0-85a0-eddc3b7b916f,0.24859452826397396,0.6,11.0,0.7131853908861021,0.6,0.4536278778772145,0.0754688004112799,1.0,3.0,4.0,1
57498439-ef80-4429-af62-8ec4a9ecb402,b9085332-b2b1-4b72-8021-b3b81398ce92,0.24859452826397396,0.6,11.0,0.7131853908861021,0.6,0.33544730729888195,0.5880404702366536,0.6,4.0,1.0,1
57498439-ef80-4429-af62-8ec4a9ecb402,2f2c32fa-6e32-4764-b476-b6f9b3cc5cd7,0.24859452826397396,0.6,11.0,0.7131853908861021,0.2,0.13396258547827183,0.29306867008666404,0.0,4.0,2.0,0
57498439-ef80-4429-af62-8ec4a9ecb402,d05c6a73-7fda-4aba-88c3-900cedb6b9a6,0.24859452826397396,0.6,11.0,0.7131853908861021,0.6,0.37465691625557584,0.04502897108590176,0.0,2.0,3.0,0
57498439-ef80-4429-af62-8ec4a9ecb402,2270dcd6-f4ba-4acf-b863-271ea249c419,0.24859452826397396,0.6,11.0,0.7131853908861021,0.6,0.888509462672205,0.11768090665028597,0.0,1.0,5.0,1
57498439-ef80-4429-af62-8ec4a9ecb402,19e80ef1-4224-4720-a093-1f15d029cdae,0.24859452826397396,0.6,11.0,0.7131853908861021,1.0,0.8175424886601043,0.7192671703216541,0.6,1.0,0.0,0
57498439-ef80-4429-af62-8ec4a9ecb402,9ba51c49-9d6a-423a-905e-593237ec3ec2,0.24859452826397396,0.6,11.0,0.7131853908861021,0.2,0.5056427924137512,0.14164644156570538,1.0,2.0,1.0,0
57498439-ef80-4429-af62-8ec4a9ecb402,c5beb2bc-7876-4318-b66a-dab1f0815f72,0.24859452826397396,0.6,11.0,0.7131853908861021,0.6,0.40881718791361676,0.5939586390142232,0.0,4.0,0.0,1
57498439-ef80-4429-af62-8ec4a9ecb402,43b70bae-10ef-4dc3-9f9b-b39a1eacb2d1,0.24859452826397396,0.6,11.0,0.7131853908861021,1.0,0.6227481543871835,0.008705213531018718,1.0,2.0,2.0,1
57498439-ef80-4429-af62-8ec4a9ecb402,78c12d9f-999b-460d-b319-9bd7627866b0,0.24859452826397396,0.6,11.0,0.7131853908861021,0.2,0.5225456025796394,0.35235373770664025,0.3,0.0,5.0,0
57498439-ef80-4429-af62-8ec4a9ecb402,3fb0a35d-d0bf-4534-9f63-995064c4e8af,0.24859452826397396,0.6,11.0,0.7131853908861021,0.2,0.4877773325800844,0.17627426660923395,0.3,2.0,2.0,0
57498439-ef80-4429-af62-8ec4a9ecb402,ae260348-9d86-49fc-b010-b38655f0aa4c,0.24859452826397396,0.6,11.0,0.7131853908861021,0.6,0.6156726777562007,0.7631540220976764,0.3,0.0,0.0,1
57498439-ef80-4429-af62-8ec4a9ecb402,b7334163-6b0b-4be1-b584-94370f17d451,0.24859452826397396,0.6,11.0,0.7131853908861021,1.0,0.6214743123780008,0.24793030815786732,0.6,5.0,2.0,0
57498439-ef80-4429-af62-8ec4a9ecb402,ef4564ad-37cb-422e-9258-c0dd09e686d8,0.24859452826397396,0.6,11.0,0.7131853908861021,0.6,0.7134305197216956,0.4952020834976343,0.0,1.0,6.0,1
5e189238-b297-478a-816f-322f3e7ae83d,059f7915-4179-4fab-ab9a-979f2ce6e218,0.4797748690520426,1.0,10.0,0.9513897122597725,1.0,0.9507761192432672,0.14440395180459542,0.6,1.0,5.0,1
5e189238-b297-478a-816f-322f3e7ae83d,4a47a28f-ebfe-4e2c-b5a5-219b771c2344,0.4797748690520426,1.0,10.0,0.9513897122597725,1.0,0.886582543106834,0.6746693780314743,0.3,4.0,6.0,0
5e189238-b297-478a-816f-322f3e7ae83d,d879a756-cb6b-4026-a00a-656051801b5f,0.4797748690520426,1.0,10.0,0.9513897122597725,1.0,0.19670829855613808,0.6495454402345533,1.0,3.0,3.0,1
5e189238-b297-478a-816f-322f3e7ae83d,4e038b59-7940-4187-89a4-aa8900eb4584,0.4797748690520426,1.0,10.0,0.9513897122597725,0.6,0.8162686834681103,0.09548613580741361,0.3,1.0,5.0,0
5e189238-b297-478a-816f-322f3e7ae83d,768074f2-fa60-4a87-b7e9-0fe45c042ba8,0.4797748690520426,1.0,10.0,0.9513897122597725,0.6,0.44816631031351084,0.885378023796285,0.0,3.0,1.0,0
5e189238-b297-478a-816f-322f3e7ae83d,1e7d8873-b56a-4886-a1ad-5de73c350f8e,0.4797748690520426,1.0,10.0,0.9513897122597725,0.6,0.39376459292746124,0.062329554128436215,0.6,4.0,3.0,0
5e189238-b297-478a-816f-322f3e7ae83d,bcc862ed-ee8c-4519-bd6f-df3684168181,0.4797748690520426,1.0,10.0,0.9513897122597725,1.0,0.9327717807626915,0.3397410335113047,0.3,2.0,5.0,0
5e189238-b297-478a-816f-322f3e7ae83d,f32bd05f-f328-4f1a-be52-e7eeae8d75e8,0.4797748690520426,1.0,10.0,0.9513897122597725,1.0,0.7522989076063284,0.09818661644669102,0.3,4.0,6.0,1
5e189238-b297-478a-816f-322f3e7ae83d,6c5eaa38-0652-4762-8f1b-fcb80dbf8936,0.4797748690520426,1.0,10.0,0.9513897122597725,0.6,0.23950518641691337,0.7304636636619138,0.6,2.0,2.0,1
5e189238-b297-478a-816f-322f3e7ae83d,c5beb2bc-7876-4318-b66a-dab1f0815f72,0.4797748690520426,1.0,10.0,0.9513897122597725,0.6,0.40881718791361676,0.5939586390142232,0.0,4.0,6.0,1
5e189238-b297-478a-816f-322f3e7ae83d,4df06409-5880-4fd2-840e-02e90385cc4e,0.4797748690520426,1.0,10.0,0.9513897122597725,1.0,0.19470747542775022,0.6843276576228667,0.0,4.0,6.0,0
5e189238-b297-478a-816f-322f3e7ae83d,2ab0f7b1-b672-4fd3-bf9d-b9435c307791,0.4797748690520426,1.0,10.0,0.9513897122597725,0.6,0.4930337984475558,0.8483250712740258,0.6,2.0,6.0,1
5e189238-b297-478a-816f-322f3e7ae83d,31a8a011-26d9-417f-9acd-2dc1aa620cb1,0.4797748690520426,1.0,10.0,0.9513897122597725,0.6,0.8578772412513512,0.31368145278296056,0.6,5.0,6.0,1
5e189238-b297-478a-816f-322f3e7ae83d,e4e6b795-9ea2-4e67-a482-101b379e3dd3,0.4797748690520426,1.0,10.0,0.9513897122597725,0.6,0.7178715876853263,0.49460864618565403,0.0,5.0,6.0,1
5e189238-b297-478a-816f-322f3e7ae83d,e8df6458-6771-4ac9-9072-87c3e1750d40,0.4797748690520426,1.0,10.0,0.9513897122597725,0.2,0.43364799363262085,0.28863566461256474,0.0,4.0,0.0,1
5e189238-b297-478a-816f-322f3e7ae83d,b008e459-aec4-4940-b0b0-b9521473a99b,0.4797748690520426,1.0,10.0,0.9513897122597725,0.2,0.8465976222683373,0.22635650862391665,1.0,2.0,2.0,0
5e189238-b297-478a-816f-322f3e7ae83d,aaf45fe2-a218-49a4-8030-1b040505fcc2,0.4797748690520426,1.0,10.0,0.9513897122597725,0.2,0.36982601339710064,0.6947724975849392,0.3,2.0,2.0,0
5e189238-b297-478a-816f-322f3e7ae83d,50485b49-6f87-4fbb-a6d8-cc894f5ad343,0.4797748690520426,1.0,10.0,0.9513897122597725,0.2,0.489665412099198,0.42118413108785735,0.3,4.0,2.0,1
5e189238-b297-478a-816f-322f3e7ae83d,9fbecf58-4b47-499b-af70-5be883e292d6,0.4797748690520426,1.0,10.0,0.9513897122597725,1.0,0.6813001709251447,0.40858971174533243,0.0,3.0,5.0,1
5e189238-b297-478a-816f-322f3e7ae83d,667e3056-15dd-4db1-8e1b-b615cf4a3827,0.4797748690520426,1.0,10.0,0.9513897122597725,0.6,0.15606825708589728,0.7606037779959967,0.0,1.0,5.0,1
5e189238-b297-478a-816f-322f3e7ae83d,bfa4d06d-4c33-44f5-a582-6f5fc24bfd7f,0.4797748690520426,1.0,10.0,0.9513897122597725,0.2,0.6497798817429743,0.4331009496434778,1.0,4.0,4.0,0
5e189238-b297-478a-816f-322f3e7ae83d,c5beb2bc-7876-4318-b66a-dab1f0815f72,0.4797748690520426,1.0,10.0,0.9513897122597725,0.6,0.40881718791361676,0.5939586390142232,0.0,4.0,4.0,0
5e189238-b297-478a-816f-322f3e7ae83d,eab77546-5660-4b6f-8ed6-d113d4c924cb,0.4797748690520426,1.0,10.0,0.9513897122597725,0.6,0.6257718626796875,0.29583808895330166,0.0,4.0,6.0,0
5e189238-b297-478a-816f-322f3e7ae83d,7c786351-37ac-47a2-9542-40b90f3efee8,0.4797748690520426,1.0,10.0,0.9513897122597725,0.6,0.6561708102091133,0.18646349182808575,0.3,2.0,2.0,0
5e189238-b297-478a-816f-322f3e7ae83d,9ba51c49-9d6a-423a-905e-593237ec3ec2,0.4797748690520426,1.0,10.0,0.9513897122597725,0.2,0.5056427924137512,0.14164644156570538,1.0,0.0,2.0,1
5e189238-b297-478a-816f-322f3e7ae83d,0bc32369-5cc1-4c6e-9b9e-a0d6ad643532,0.4797748690520426,1.0,10.0,0.9513897122597725,0.6,0.6337720175795309,0.5219080741476771,1.0,3.0,1.0,1
5e189238-b297-478a-816f-322f3e7ae83d,015a673e-67b9-4560-949f-f0f29ba09691,0.4797748690520426,1.0,10.0,0.9513897122597725,0.6,0.772469818793257,0.851704139635052,0.0,5.0,3.0,1
5e189238-b297-478a-816f-322f3e7ae83d,d8d30dac-fd61-48d1-8bf9-aa602ff08b1b,0.4797748690520426,1.0,10.0,0.9513897122597725,0.6,0.5193853910130869,0.5025270481245171,0.0,1.0,6.0,1
5e189238-b297-478a-816f-322f3e7ae83d,0b680785-5c4e-4ff3-90da-a95bdb6ddea3,0.4797748690520426,1.0,10.0,0.9513897122597725,1.0,0.9476882864447816,0.37902629176285674,0.0,1.0,4.0,0
5e189238-b297-478a-816f-322f3e7ae83d,b8a59f9c-9152-4e9d-9227-81b450029be0,0.4797748690520426,1.0,10.0,0.9513897122597725,0.2,0.9082416607735994,0.8438860705844703,1.0,1.0,0.0,1
5e189238-b297-478a-816f-322f3e7ae83d,6059807a-e497-4a84-9074-8799b7986611,0.4797748690520426,1.0,10.0,0.9513897122597725,0.6,0.4781895633511416,0.7748754537301457,0.0,0.0,3.0,1
5e189238-b297-478a-816f-322f3e7ae83d,06deada8-30c5-413b-9c3c-714dac3f16dc,0.4797748690520426,1.0,10.0,0.9513897122597725,1.0,0.35763710304451657,0.8208832504363414,1.0,1.0,1.0,0
5e189238-b297-478a-816f-322f3e7ae83d,7bf57e1f-8d6e-4525-9822-40fe99cb92db,0.4797748690520426,1.0,10.0,0.9513897122597725,0.6,0.646849787279288,0.8371345930324872,0.6,5.0,4.0,1
5e189238-b297-478a-816f-322f3e7ae83d,ef4564ad-37cb-422e-9258-c0dd09e686d8,0.4797748690520426,1.0,10.0,0.9513897122597725,0.6,0.7134305197216956,0.4952020834976343,0.0,0.0,0.0,1
5e189238-b297-478a-816f-322f3e7ae83d,2ab0f7b1-b672-4fd3-bf9d-b9435c307791,0.4797748690520426,1.0,10.0,0.9513897122597725,0.6,0.4930337984475558,0.8483250712740258,0.6,1.0,0.0,0
5e189238-b297-478a-816f-322f3e7ae83d,c5beb2bc-7876-4318-b66a-dab1f0815f72,0.4797748690520426,1.0,10.0,0.9513897122597725,0.6,0.40881718791361676,0.5939586390142232,0.0,3.0,3.0,1
5e189238-b297-478a-816f-322f3e7ae83d,c4200dd0-0628-49ac-a3d4-9cafb23a3f7c,0.4797748690520426,1.0,10.0,0.9513897122597725,0.6,0.23204019132352335,0.14567973078804342,0.3,4.0,6.0,0
5e189238-b297-478a-816f-322f3e7ae83d,b675fdc1-c9db-4f65-ad76-cb5d41d88b8a,0.4797748690520426,1.0,10.0,0.9513897122597725,0.2,0.6871950997280843,0.6183737144963264,0.0,5.0,3.0,1
5e189238-b297-478a-816f-322f3e7ae83d,e45bd99d-504e-4e64-83b1-c517b6b084cf,0.4797748690520426,1.0,10.0,0.9513897122597725,1.0,0.2973675063752232,0.26685392748809267,0.0,0.0,6.0,1
5e189238-b297-478a-816f-322f3e7ae83d,4b297a66-3334-402c-af3b-f9ee2b621b0b,0.4797748690520426,1.0,10.0,0.9513897122597725,0.2,0.16180119098371584,0.2582859429792861,0.0,2.0,0.0,1
e0829b34-68e3-480d-ab23-177f78e39702,cfaac6f7-b976-4661-8cd2-98f3a4e3a281,0.28073922629599934,0.6,5.0,0.6644717869909662,0.2,0.17993656314318568,0.2972789514204549,0.3,2.0,2.0,0
e0829b34-68e3-480d-ab23-177f78e39702,d879a756-cb6b-4026-a00a-656051801b5f,0.28073922629599934,0.6,5.0,0.6644717869909662,1.0,0.19670829855613808,0.6495454402345533,1.0,4.0,4.0,0
e0829b34-68e3-480d-ab23-177f78e39702,775861d5-545e-4ddf-b332-3aabb9bd0e76,0.28073922629599934,0.6,5.0,0.6644717869909662,1.0,0.8513642364331833,0.05300666587800451,0.6,3.0,6.0,0
e0829b34-68e3-480d-ab23-177f78e39702,34df5d01-15ed-49be-beaf-1edba5ce73f3,0.28073922629599934,0.6,5.0,0.6644717869909662,0.2,0.570771685431961,0.8647552667165631,0.3,1.0,2.0,0
e0829b34-68e3-480d-ab23-177f78e39702,7b512031-30a6-4d3c-8e53-4acf4b15efd9,0.28073922629599934,0.6,5.0,0.6644717869909662,0.6,0.20961141822392887,0.22555703805048077,1.0,5.0,6.0,1
e0829b34-68e3-480d-ab23-177f78e39702,5b598b97-310b-48b1-a31c-086e59102b7b,0.28073922629599934,0.6,5.0,0.6644717869909662,0.2,0.7003193052156396,0.8859898883469448,0.0,3.0,6.0,0
e0829b34-68e3-480d-ab23-177f78e39702,19d3638b-3623-485e-a7a3-bed4ec53eb28,0.28073922629599934,0.6,5.0,0.6644717869909662,0.2,0.22255292506683805,0.2999183439789205,0.0,2.0,6.0,0
e0829b34-68e3-480d-ab23-177f78e39702,a32c33b9-2ae0-4565-b4cd-8c363bd2dbb1,0.28073922629599934,0.6,5.0,0.6644717869909662,0.6,0.4675427346881219,0.5919389716094521,0.3,3.0,6.0,1
e0829b34-68e3-480d-ab23-177f78e39702,0d91a5c8-4b22-4198-b963-be98907527f4,0.28073922629599934,0.6,5.0,0.6644717869909662,0.2,0.36811976533001634,0.7445398250927052,0.0,3.0,3.0,1
e0829b34-68e3-480d-ab23-177f78e39702,290546aa-9a27-44b0-96cf-1cbe5de0ac63,0.28073922629599934,0.6,5.0,0.6644717869909662,0.2,0.8840031953521331,0.909469052204089,0.3,2.0,0.0,0
e0829b34-68e3-480d-ab23-177f78e39702,6670ddb8-85fa-45e6-9af6-91adbac350a8,0.28073922629599934,0.6,5.0,0.6644717869909662,1.0,0.5273671033049591,0.12936862090556023,0.0,2.0,2.0,0
e0829b34-68e3-480d-ab23-177f78e39702,35fc8989-8da0-422f-a619-1517d94a5ef1,0.28073922629599934,0.6,5.0,0.6644717869909662,0.6,0.53636942704019,0.22090661672949963,1.0,2.0,0.0,0
e0829b34-68e3-480d-ab23-177f78e39702,85a991a1-00c2-4f3b-a2f1-2edd3ed3c13b,0.28073922629599934,0.6,5.0,0.6644717869909662,0.6,0.885115810475927,0.053316349790826556,0.3,3.0,4.0,0
e0829b34-68e3-480d-ab23-177f78e39702,ae260348-9d86-49fc-b010-b38655f0aa4c,0.28073922629599934,0.6,5.0,0.6644717869909662,0.6,0.6156726777562007,0.7631540220976764,0.3,4.0,3.0,0
e0829b34-68e3-480d-ab23-177f78e39702,1f8de1f5-f4a5-410b-85f9-a2177b221fd0,0.28073922629599934,0.6,5.0,0.6644717869909662,0.2,0.9355406398663405,0.9993664824422813,1.0,4.0,6.0,1
e0829b34-68e3-480d-ab23-177f78e39702,9ef9ff12-8bfc-4d55-ba1e-d4fa03792c95,0.28073922629599934,0.6,5.0,0.6644717869909662,0.2,0.482599597367356,0.7341152293318791,0.0,2.0,4.0,1
e0829b34-68e3-480d-ab23-177f78e39702,06deada8-30c5-413b-9c3c-714dac3f16dc,0.28073922629599934,0.6,5.0,0.6644717869909662,1.0,0.35763710304451657,0.8208832504363414,1.0,4.0,4.0,0
e0829b34-68e3-480d-ab23-177f78e39702,fb36e3d1-7446-45e0-9d41-48f394b60fa9,0.28073922629599934,0.6,5.0,0.6644717869909662,0.6,0.6937735815060089,0.32932384475875576,0.0,0.0,4.0,1
e0829b34-68e3-480d-ab23-177f78e39702,1e7d8873-b56a-4886-a1ad-5de73c350f8e,0.28073922629599934,0.6,5.0,0.6644717869909662,0.6,0.39376459292746124,0.062329554128436215,0.6,4.0,5.0,0
e0829b34-68e3-480d-ab23-177f78e39702,16aa6851-6f56-441d-b1e3-84c8e2b58887,0.28073922629599934,0.6,5.0,0.6644717869909662,1.0,0.7017944767412314,0.7875435396564088,0.3,4.0,0.0,0
e0829b34-68e3-480d-ab23-177f78e39702,4eda28e3-9d9e-4f06-badb-0cb04245ce38,0.28073922629599934,0.6,5.0,0.6644717869909662,0.6,0.2524816678776829,0.7419096525240588,0.6,1.0,2.0,1
e0829b34-68e3-480d-ab23-177f78e39702,06497e85-86a1-47f4-bbdd-a5f778924253,0.28073922629599934,0.6,5.0,0.6644717869909662,0.2,0.19052222599951962,0.20137632619118384,0.3,3.0,0.0,1
e0829b34-68e3-480d-ab23-177f78e39702,bc2b645f-2327-4ce9-a2d2-c4dfb4c037a4,0.28073922629599934,0.6,5.0,0.6644717869909662,0.6,0.565732669170513,0.9898859782322003,1.0,0.0,1.0,0
e0829b34-68e3-480d-ab23-177f78e39702,68ffa0bd-b298-4476-a51a-141035550fd6,0.28073922629599934,0.6,5.0,0.6644717869909662,1.0,0.7873450415195071,0.20198131932556307,0.3,3.0,6.0,0
e0829b34-68e3-480d-ab23-177f78e39702,51656879-b9de-4976-b3d5-c8a240739e35,0.28073922629599934,0.6,5.0,0.6644717869909662,0.6,0.12393733137164058,0.5053225155587664,1.0,1.0,3.0,0
e0829b34-68e3-480d-ab23-177f78e39702,cfaac6f7-b976-4661-8cd2-98f3a4e3a281,0.28073922629599934,0.6,5.0,0.6644717869909662,0.2,0.17993656314318568,0.2972789514204549,0.3,0.0,6.0,0
e0829b34-68e3-480d-ab23-177f78e39702,1f8de1f5-f4a5-410b-85f9-a2177b221fd0,0.28073922629599934,0.6,5.0,0.6644717869909662,0.2,0.9355406398663405,0.9993664824422813,1.0,1.0,0.0,1
e0829b34-68e3-480d-ab23-177f78e39702,6cef895f-06aa-4942-bedd-72fff31eb379,0.28073922629599934,0.6,5.0,0.6644717869909662,0.2,0.8773089936408774,0.6446474280251517,1.0,2.0,0.0,1
e0829b34-68e3-480d-ab23-177f78e39702,34aadaae-a82c-41a6-b6ac-2ab4f11a8047,0.28073922629599934,0.6,5.0,0.6644717869909662,0.2,0.11867463394112543,0.26611592959755015,0.6,5.0,5.0,1
e0829b34-68e3-480d-ab23-177f78e39702,61f8b793-eb21-415f-be6a-1dace64c1dab,0.28073922629599934,0.6,5.0,0.6644717869909662,0.2,0.5789373941878594,0.5534783138488689,0.0,0.0,0.0,0
e0829b34-68e3-480d-ab23-177f78e39702,1dbb57c0-dbf1-4996-b33e-610ff0e1a4c5,0.28073922629599934,0.6,5.0,0.6644717869909662,0.2,0.6520298599863723,0.91316722678243,1.0,1.0,2.0,0
e0829b34-68e3-480d-ab23-177f78e39702,153d2d46-4437-4840-90a1-e5308394b291,0.28073922629599934,0.6,5.0,0.6644717869909662,0.6,0.8859430875649702,0.004809331333315514,0.6,1.0,3.0,1
e0829b34-68e3-480d-ab23-177f78e39702,2f70d43e-6f07-4505-9201-cce02cbbe2f9,0.28073922629599934,0.6,5.0,0.6644717869909662,0.2,0.9098855720694773,0.2703699432968346,0.0,2.0,4.0,1
e0829b34-68e3-480d-ab23-177f78e39702,6e8ca283-10c7-434c-826a-837f38ec5444,0.28073922629599934,0.6,5.0,0.6644717869909662,0.2,0.6513768543337128,0.6342982912007427,1.0,5.0,5.0,0
e0829b34-68e3-480d-ab23-177f78e39702,ff0af660-6a5f-4fd7-b2e1-c43344816514,0.28073922629599934,0.6,5.0,0.6644717869909662,1.0,0.5024161230527904,0.7433967816161681,0.3,4.0,2.0,0
e0829b34-68e3-480d-ab23-177f78e39702,0d91a5c8-4b22-4198-b963-be98907527f4,0.28073922629599934,0.6,5.0,0.6644717869909662,0.2,0.36811976533001634,0.7445398250927052,0.0,2.0,3.0,1
e0829b34-68e3-480d-ab23-177f78e39702,2f2c32fa-6e32-4764-b476-b6f9b3cc5cd7,0.28073922629599934,0.6,5.0,0.6644717869909662,0.2,0.13396258547827183,0.29306867008666404,0.0,1.0,1.0,1
e0829b34-68e3-480d-ab23-177f78e39702,bf54fdb0-6d82-479e-a9d5-78fc64767a17,0.28073922629599934,0.6,5.0,0.6644717869909662,0.2,0.17614837616217327,0.6505421545039386,1.0,5.0,4.0,0
e0829b34-68e3-480d-ab23-177f78e39702,6a24fb3d-8584-44db-80ec-a8943d9d4953,0.28073922629599934,0.6,5.0,0.6644717869909662,0.2,0.7990830790974275,0.6468922285040184,0.6,5.0,3.0,0
e0829b34-68e3-480d-ab23-177f78e39702,e44b9013-f4a8-49bf-9379-87dcbb2e8e53,0.28073922629599934,0.6,5.0,0.6644717869909662,1.0,0.36258242224859283,0.32306846386650134,0.3,3.0,2.0,0
9d89f65e-88c2-4eab-a3b1-907ebb6abd53,7e095f22-5248-4ba3-b91c-aefd7470fd6a,0.8884854010181609,0.2,3.0,0.6772570039901957,0.6,0.520298671705361,0.6766771512956176,0.3,1.0,2.0,1
9d89f65e-88c2-4eab-a3b1-907ebb6abd53,7a3805f8-637d-41ce-ac78-d79938def8ea,0.8884854010181609,0.2,3.0,0.6772570039901957,0.2,0.6005977206832448,0.609661198171549,0.0,4.0,1.0,1
9d89f65e-88c2-4eab-a3b1-907ebb6abd53,74e91ec2-7e97-4477-a254-e11129eee045,0.8884854010181609,0.2,3.0,0.6772570039901957,1.0,0.4127752338799551,0.9613455666412534,0.3,0.0,0.0,0
9d89f65e-88c2-4eab-a3b1-907ebb6abd53,9e41ae98-3ee0-4c48-9029-b5642a7cc95d,0.8884854010181609,0.2,3.0,0.6772570039901957,1.0,0.7260508358588046,0.04490801776792286,0.6,1.0,1.0,0
9d89f65e-88c2-4eab-a3b1-907ebb6abd53,01fe4a49-c1a0-4cc3-8dc8-8402e6b11064,0.8884854010181609,0.2,3.0,0.6772570039901957,1.0,0.6879754206461195,0.49287097672138225,0.3,0.0,1.0,1
9d89f65e-88c2-4eab-a3b1-907ebb6abd53,69f0bb17-25d2-40ca-9934-1d66d65b38ec,0.8884854010181609,0.2,3.0,0.6772570039901957,1.0,0.5123580186270776,0.31857910523425825,0.6,2.0,0.0,1
9d89f65e-88c2-4eab-a3b1-907ebb6abd53,e8099b2a-0582-4c26-a562-02489ef37a4d,0.8884854010181609,0.2,3.0,0.6772570039901957,1.0,0.5135230437741315,0.3765636685032894,1.0,4.0,5.0,0
9d89f65e-88c2-4eab-a3b1-907ebb6abd53,34aadaae-a82c-41a6-b6ac-2ab4f11a8047,0.8884854010181609,0.2,3.0,0.6772570039901957,0.2,0.11867463394112543,0.26611592959755015,0.6,0.0,4.0,1
9d89f65e-88c2-4eab-a3b1-907ebb6abd53,225af4bb-7dea-491a-b6ce-984e91ad99bf,0.8884854010181609,0.2,3.0,0.6772570039901957,0.2,0.954287099322196,0.3931698082459284,0.3,3.0,6.0,0
9d89f65e-88c2-4eab-a3b1-907ebb6abd53,29943de0-bf3c-49cd-84da-43ca10216d5a,0.8884854010181609,0.2,3.0,0.6772570039901957,1.0,0.24742902261843305,0.882207830248756,0.0,2.0,1.0,0
9d89f65e-88c2-4eab-a3b1-907ebb6abd53,a17bf541-effa-44fe-bb93-e99cb560a113,0.8884854010181609,0.2,3.0,0.6772570039901957,0.6,0.6843407970867683,0.1004271940167254,0.6,5.0,2.0,0
9d89f65e-88c2-4eab-a3b1-907ebb6abd53,d91ea030-edc5-4199-b235-b4f2746330e6,0.8884854010181609,0.2,3.0,0.6772570039901957,1.0,0.7413528687367448,0.2371548448306322,0.6,0.0,6.0,1
9d89f65e-88c2-4eab-a3b1-907ebb6abd53,86df6ab5-0a91-4c31-ae77-b6a97acaa3b6,0.8884854010181609,0.2,3.0,0.6772570039901957,0.2,0.6626325512293207,0.22621734088053103,1.0,3.0,0.0,1
9d89f65e-88c2-4eab-a3b1-907ebb6abd53,6a217f2a-6a27-417d-a68f-a01e2a149c82,0.8884854010181609,0.2,3.0,0.6772570039901957,1.0,0.6505590801619944,0.0878064055229939,0.6,0.0,3.0,0
9d89f65e-88c2-4eab-a3b1-907ebb6abd53,29943de0-bf3c-49cd-84da-43ca10216d5a,0.8884854010181609,0.2,3.0,0.6772570039901957,1.0,0.24742902261843305,0.882207830248756,0.0,4.0,4.0,0
9d89f65e-88c2-4eab-a3b1-907ebb6abd53,1e4deb48-10af-482d-89be-a40b3cfa6237,0.8884854010181609,0.2,3.0,0.6772570039901957,0.2,0.45812006017454143,0.5670116153989458,0.0,5.0,2.0,1
9d89f65e-88c2-4eab-a3b1-907ebb6abd53,06deada8-30c5-413b-9c3c-714dac3f16dc,0.8884854010181609,0.2,3.0,0.6772570039901957,1.0,0.35763710304451657,0.8208832504363414,1.0,4.0,3.0,0
9d89f65e-88c2-4eab-a3b1-907ebb6abd53,b67ddff0-7385-4797-a300-4a5924cf13c8,0.8884854010181609,0.2,3.0,0.6772570039901957,1.0,0.3295857149138473,0.12338020427621188,1.0,3.0,2.0,1
9d89f65e-88c2-4eab-a3b1-907ebb6abd53,773cb37f-03e9-462d-9f7c-bb397a470391,0.8884854010181609,0.2,3.0,0.6772570039901957,1.0,0.138085119243381,0.17870489763614517,0.6,0.0,3.0,1
9d89f65e-88c2-4eab-a3b1-907ebb6abd53,2fcb1115-b785-4e53-aef6-79c4dbe42cda,0.8884854010181609,0.2,3.0,0.6772570039901957,0.2,0.9505514578919633,0.7971802886027384,0.6,1.0,3.0,1
9d89f65e-88c2-4eab-a3b1-907ebb6abd53,4a47a28f-ebfe-4e2c-b5a5-219b771c2344,0.8884854010181609,0.2,3.0,0.6772570039901957,1.0,0.886582543106834,0.6746693780314743,0.3,0.0,1.0,0
9d89f65e-88c2-4eab-a3b1-907ebb6abd53,a26f3aa1-8131-40eb-8610-e57f92d60b1d,0.8884854010181609,0.2,3.0,0.6772570039901957,0.6,0.5405955324673002,0.22788898669340596,0.3,0.0,2.0,1
9d89f65e-88c2-4eab-a3b1-907ebb6abd53,b08e025f-b00e-487d-9769-6e771d335fcd,0.8884854010181609,0.2,3.0,0.6772570039901957,0.6,0.35587631985892465,0.5051778789164922,0.3,5.0,4.0,0
9d89f65e-88c2-4eab-a3b1-907ebb6abd53,e4e6b795-9ea2-4e67-a482-101b379e3dd3,0.8884854010181609,0.2,3.0,0.6772570039901957,0.6,0.7178715876853263,0.49460864618565403,0.0,3.0,2.0,0
9d89f65e-88c2-4eab-a3b1-907ebb6abd53,aaf45fe2-a218-49a4-8030-1b040505fcc2,0.8884854010181609,0.2,3.0,0.6772570039901957,0.2,0.36982601339710064,0.6947724975849392,0.3,3.0,2.0,0
9d89f65e-88c2-4eab-a3b1-907ebb6abd53,01fe4a49-c1a0-4cc3-8dc8-8402e6b11064,0.8884854010181609,0.2,3.0,0.6772570039901957,1.0,0.6879754206461195,0.49287097672138225,0.3,2.0,6.0,1
9d89f65e-88c2-4eab-a3b1-907ebb6abd53,e2cc89a7-6e52-40e3-8411-87a3295c8a0e,0.8884854010181609,0.2,3.0,0.6772570039901957,0.2,0.3237254478661281,0.030381800897473776,0.3,3.0,6.0,1
9d89f65e-88c2-4eab-a3b1-907ebb6abd53,547da744-4911-48fa-9b2f-1b550cf8ac17,0.8884854010181609,0.2,3.0,0.6772570039901957,1.0,0.45632620168229077,0.11858678619598295,1.0,5.0,3.0,0
9d89f65e-88c2-4eab-a3b1-907ebb6abd53,85f2c72b-1210-493c-bae7-744c4b2353fc,0.8884854010181609,0.2,3.0,0.6772570039901957,0.6,0.5307520434712122,0.17871782093842026,1.0,5.0,2.0,0
9d89f65e-88c2-4eab-a3b1-907ebb6abd53,3fb0a35d-d0bf-4534-9f63-995064c4e8af,0.8884854010181609,0.2,3.0,0.6772570039901957,0.2,0.4877773325800844,0.17627426660923395,0.3,1.0,4.0,1
9d89f65e-88c2-4eab-a3b1-907ebb6abd53,139389de-ef52-4a31-a3a6-711cb26f1f6a,0.8884854010181609,0.2,3.0,0.6772570039901957,0.2,0.6569353768626665,0.927362807810403,1.0,3.0,6.0,0
9d89f65e-88c2-4eab-a3b1-907ebb6abd53,0279e518-1bb2-4b7d-adb3-74104bab7995,0.8884854010181609,0.2,3.0,0.6772570039901957,1.0,0.48298817741352884,0.6867808649438274,0.6,3.0,1.0,1
9d89f65e-88c2-4eab-a3b1-907ebb6abd53,c777c23f-b2f3-4f1d-bbea-1e7286fac786,0.8884854010181609,0.2,3.0,0.6772570039901957,0.2,0.9597491309827612,0.04607692524933382,0.0,3.0,6.0,1
9d89f65e-88c2-4eab-a3b1-907ebb6abd53,7bf57e1f-8d6e-4525-9822-40fe99cb92db,0.8884854010181609,0.2,3.0,0.6772570039901957,0.6,0.646849787279288,0.8371345930324872,0.6,3.0,2.0,1
9d89f65e-88c2-4eab-a3b1-907ebb6abd53,bb149053-41e0-46bd-ae04-d392610b827f,0.8884854010181609,0.2,3.0,0.6772570039901957,1.0,0.9892289095536471,0.5376980874726343,0.3,2.0,3.0,0
9d89f65e-88c2-4eab-a3b1-907ebb6abd53,b972f906-99a3-4c64-8a3c-52215d80d34b,0.8884854010181609,0.2,3.0,0.6772570039901957,0.2,0.7557609477960204,0.33890958121625947,0.3,4.0,0.0,1
9d89f65e-88c2-4eab-a3b1-907ebb6abd53,4590aaee-b789-46de-a082-c6807a962ec2,0.8884854010181609,0.2,3.0,0.6772570039901957,1.0,0.9792453221449127,0.1694110619506124,1.0,0.0,0.0,0
9d89f65e-88c2-4eab-a3b1-907ebb6abd53,965ef1a3-f422-4510-af75-d3f89e3642dd,0.8884854010181609,0.2,3.0,0.6772570039901957,1.0,0.4273005359792914,0.6938722867459519,0.6,5.0,4.0,1
9d89f65e-88c2-4eab-a3b1-907ebb6abd53,d1505a61-3c3b-4c86-a8ae-c4ab1a296525,0.8884854010181609,0.2,3.0,0.6772570039901957,1.0,0.5383907575441277,0.2096336099684688,0.6,0.0,3.0,0
9d89f65e-88c2-4eab-a3b1-907ebb6abd53,9913533d-faae-4d19-b26f-7d58e0c13607,0.8884854010181609,0.2,3.0,0.6772570039901957,0.6,0.8682957247821264,0.11927861507246895,0.3,4.0,5.0,1
9e00d9d1-2499-4f19-a3ea-0309f70e7f3f,786a081e-bed1-4dd5-af8f-b24a2969db27,0.4419809781758602,0.6,13.0,0.6849670826449146,1.0,0.2204606202831086,0.8790686327551894,0.6,5.0,3.0,1
9e00d9d1-2499-4f19-a3ea-0309f70e7f3f,7a3805f8-637d-41ce-ac78-d79938def8ea,0.4419809781758602,0.6,13.0,0.6849670826449146,0.2,0.6005977206832448,0.609661198171549,0.0,1.0,5.0,0
9e00d9d1-2499-4f19-a3ea-0309f70e7f3f,9f7ae8c9-dc90-4236-adb6-2109245d9021,0.4419809781758602,0.6,13.0,0.6849670826449146,0.6,0.8963101399292399,0.12506351553810924,0.0,1.0,2.0,0
9e00d9d1-2499-4f19-a3ea-0309f70e7f3f,d1505a61-3c3b-4c86-a8ae-c4ab1a296525,0.4419809781758602,0.6,13.0,0.6849670826449146,1.0,0.5383907575441277,0.2096336099684688,0.6,5.0,1.0,0
9e00d9d1-2499-4f19-a3ea-0309f70e7f3f,8bf86bf8-6510-4e3c-a240-21e3b94e264e,0.4419809781758602,0.6,13.0,0.6849670826449146,0.6,0.9444299160166787,0.9759914132168259,0.0,1.0,3.0,0
9e00d9d1-2499-4f19-a3ea-0309f70e7f3f,2a4e6f6f-8a97-4b0f-8706-b5b5c9a3506e,0.4419809781758602,0.6,13.0,0.6849670826449146,1.0,0.508305717299449,0.5779541132057853,1.0,2.0,6.0,1
9e00d9d1-2499-4f19-a3ea-0309f70e7f3f,663e97bc-95a7-41b9-9e8e-0aaa991d7522,0.4419809781758602,0.6,13.0,0.6849670826449146,0.2,0.45979536292483636,0.25030114523410607,1.0,5.0,0.0,1
9e00d9d1-2499-4f19-a3ea-0309f70e7f3f,b67ddff0-7385-4797-a300-4a5924cf13c8,0.4419809781758602,0.6,13.0,0.6849670826449146,1.0,0.3295857149138473,0.12338020427621188,1.0,5.0,1.0,1
9e00d9d1-2499-4f19-a3ea-0309f70e7f3f,4923fb26-e583-4c24-ac52-8838a0ed3a98,0.4419809781758602,0.6,13.0,0.6849670826449146,1.0,0.553388277838538,0.7019544741283528,1.0,3.0,5.0,1
9e00d9d1-2499-4f19-a3ea-0309f70e7f3f,72e21539-04f0-470f-b69d-9a418f7ff37b,0.4419809781758602,0.6,13.0,0.6849670826449146,0.2,0.6144010067276086,0.8682015664155024,0.6,2.0,0.0,1
9e00d9d1-2499-4f19-a3ea-0309f70e7f3f,cd408280-465f-4896-b05f-85290441236d,0.4419809781758602,0.6,13.0,0.6849670826449146,1.0,0.22129010421141973,0.167964745667194,0.6,5.0,1.0,0
9e00d9d1-2499-4f19-a3ea-0309f70e7f3f,f99793e2-bf1f-4652-b717-b380cf1b82d9,0.4419809781758602,0.6,13.0,0.6849670826449146,1.0,0.3478973552809047,0.15349034844890785,0.0,0.0,2.0,0
9e00d9d1-2499-4f19-a3ea-0309f70e7f3f,85ca56ac-d00f-4985-9a10-09bdbdcf0764,0.4419809781758602,0.6,13.0,0.6849670826449146,1.0,0.7672921606674585,0.4762417440869502,0.3,5.0,0.0,0
9e00d9d1-2499-4f19-a3ea-0309f70e7f3f,94f447d1-ce40-4abc-9492-1b4fa652cdf8,0.4419809781758602,0.6,13.0,0.6849670826449146,0.2,0.7747992350688047,0.24068147068829215,1.0,0.0,0.0,1
9e00d9d1-2499-4f19-a3ea-0309f70e7f3f,bbaf1fa3-f0d2-4cf1-a007-2ff9a73a4732,0.4419809781758602,0.6,13.0,0.6849670826449146,0.6,0.943547710035929,0.4668619140050845,1.0,2.0,6.0,1
9e00d9d1-2499-4f19-a3ea-0309f70e7f3f,b5455ff3-4469-4b08-b2d0-3b4b8a9faa28,0.4419809781758602,0.6,13.0,0.6849670826449146,0.2,0.8168045396107254,0.12498281746751883,0.3,0.0,0.0,1
9e00d9d1-2499-4f19-a3ea-0309f70e7f3f,86df6ab5-0a91-4c31-ae77-b6a97acaa3b6,0.4419809781758602,0.6,13.0,0.6849670826449146,0.2,0.6626325512293207,0.22621734088053103,1.0,1.0,3.0,0
9e00d9d1-2499-4f19-a3ea-0309f70e7f3f,65c54c61-8bed-4502-891f-54207581973c,0.4419809781758602,0.6,13.0,0.6849670826449146,0.6,0.5609694251913983,0.4769640187588726,1.0,0.0,0.0,0
9e00d9d1-2499-4f19-a3ea-0309f70e7f3f,9913533d-faae-4d19-b26f-7d58e0c13607,0.4419809781758602,0.6,13.0,0.6849670826449146,0.6,0.8682957247821264,0.11927861507246895,0.3,1.0,5.0,0
9e00d9d1-2499-4f19-a3ea-0309f70e7f3f,03be5e2c-49dc-49c9-bf6c-bd633714d57c,0.4419809781758602,0.6,13.0,0.6849670826449146,0.2,0.23003808241798443,0.40233767223870887,0.0,4.0,2.0,0
9e00d9d1-2499-4f19-a3ea-0309f70e7f3f,e02821d5-6c11-48d3-9e5a-ab797cf10dfd,0.4419809781758602,0.6,13.0,0.6849670826449146,0.2,0.30278131508958317,0.8518530351666224,0.6,5.0,4.0,1
9e00d9d1-2499-4f19-a3ea-0309f70e7f3f,3c045d5e-db0b-42a4-8b36-5a8f0192e0a9,0.4419809781758602,0.6,13.0,0.6849670826449146,0.6,0.9703557392871628,0.4741186336216032,0.3,0.0,0.0,0
9e00d9d1-2499-4f19-a3ea-0309f70e7f3f,6df290df-6194-497e-9997-fd6713e1435f,0.4419809781758602,0.6,13.0,0.6849670826449146,1.0,0.7637061762371852,0.8809980926459479,0.6,4.0,0.0,0
9e00d9d1-2499-4f19-a3ea-0309f70e7f3f,4eda28e3-9d9e-4f06-badb-0cb04245ce38,0.4419809781758602,0.6,13.0,0.6849670826449146,0.6,0.2524816678776829,0.7419096525240588,0.6,4.0,0.0,0
9e00d9d1-2499-4f19-a3ea-0309f70e7f3f,72e21539-04f0-470f-b69d-9a418f7ff37b,0.4419809781758602,0.6,13.0,0.6849670826449146,0.2,0.6144010067276086,0.8682015664155024,0.6,3.0,2.0,0
9e00d9d1-2499-4f19-a3ea-0309f70e7f3f,01fe4a49-c1a0-4cc3-8dc8-8402e6b11064,0.4419809781758602,0.6,13.0,0.6849670826449146,1.0,0.6879754206461195,0.49287097672138225,0.3,3.0,4.0,0
9e00d9d1-2499-4f19-a3ea-0309f70e7f3f,9fbecf58-4b47-499b-af70-5be883e292d6,0.4419809781758602,0.6,13.0,0.6849670826449146,1.0,0.6813001709251447,0.40858971174533243,0.0,5.0,1.0,1
9e00d9d1-2499-4f19-a3ea-0309f70e7f3f,8c20762d-72fc-4a90-9284-b697f6205faa,0.4419809781758602,0.6,13.0,0.6849670826449146,0.2,0.809327370784988,0.46262162923016714,0.6,5.0,2.0,1
9e00d9d1-2499-4f19-a3ea-0309f70e7f3f,6670ddb8-85fa-45e6-9af6-91adbac350a8,0.4419809781758602,0.6,13.0,0.6849670826449146,1.0,0.5273671033049591,0.12936862090556023,0.0,3.0,3.0,0
9e00d9d1-2499-4f19-a3ea-0309f70e7f3f,f02458a6-6ff7-47a1-8e01-b8ff21f7812d,0.4419809781758602,0.6,13.0,0.6849670826449146,0.2,0.336680938116936,0.2620493339390677,0.6,2.0,2.0,1
9e00d9d1-2499-4f19-a3ea-0309f70e7f3f,b9638733-3416-47d7-b548-7e0af0dbe65f,0.4419809781758602,0.6,13.0,0.6849670826449146,0.2,0.7200468573060492,0.4981514611185579,0.6,0.0,0.0,0
9e00d9d1-2499-4f19-a3ea-0309f70e7f3f,0764c1e1-84c4-4344-814b-56f447356699,0.4419809781758602,0.6,13.0,0.6849670826449146,0.2,0.36478434898577183,0.31372887152086304,0.3,2.0,1.0,1
9e00d9d1-2499-4f19-a3ea-0309f70e7f3f,fe560b2d-9461-419f-952d-3526d1d58cc6,0.4419809781758602,0.6,13.0,0.6849670826449146,1.0,0.582611192457266,0.5549319795003286,0.0,3.0,4.0,0
9e00d9d1-2499-4f19-a3ea-0309f70e7f3f,8c822518-d0dc-460d-93c7-d9d033a078ba,0.4419809781758602,0.6,13.0,0.6849670826449146,1.0,0.5475099359609544,0.9553256935848943,1.0,5.0,4.0,1
9e00d9d1-2499-4f19-a3ea-0309f70e7f3f,f2d9a85b-88a4-4950-96c1-3a460d8c8fab,0.4419809781758602,0.6,13.0,0.6849670826449146,1.0,0.3746902350991088,0.34879260140220214,0.3,2.0,2.0,1
9e00d9d1-2499-4f19-a3ea-0309f70e7f3f,86df6ab5-0a91-4c31-ae77-b6a97acaa3b6,0.4419809781758602,0.6,13.0,0.6849670826449146,0.2,0.6626325512293207,0.22621734088053103,1.0,4.0,0.0,0
9e00d9d1-2499-4f19-a3ea-0309f70e7f3f,0d91a5c8-4b22-4198-b963-be98907527f4,0.4419809781758602,0.6,13.0,0.6849670826449146,0.2,0.36811976533001634,0.7445398250927052,0.0,2.0,1.0,0
9e00d9d1-2499-4f19-a3ea-0309f70e7f3f,015a673e-67b9-4560-949f-f0f29ba09691,0.4419809781758602,0.6,13.0,0.6849670826449146,0.6,0.772469818793257,0.851704139635052,0.0,4.0,3.0,1
9e00d9d1-2499-4f19-a3ea-0309f70e7f3f,33aa1631-5d42-4228-84c3-639ac72cf903,0.4419809781758602,0.6,13.0,0.6849670826449146,1.0,0.20605411083785363,0.7031088164784068,0.3,0.0,0.0,0
9e00d9d1-2499-4f19-a3ea-0309f70e7f3f,8bf86bf8-6510-4e3c-a240-21e3b94e264e,0.4419809781758602,0.6,13.0,0.6849670826449146,0.6,0.9444299160166787,0.9759914132168259,0.0,4.0,0.0,0
01842383-fc9a-4c4d-9cc3-f7d7c3802293,bfa4d06d-4c33-44f5-a582-6f5fc24bfd7f,0.5579961417686347,0.6,18.0,0.35206301960183684,0.2,0.6497798817429743,0.4331009496434778,1.0,2.0,6.0,1
01842383-fc9a-4c4d-9cc3-f7d7c3802293,425b9a2c-d3c2-418b-8da0-71ea5c07dd63,0.5579961417686347,0.6,18.0,0.35206301960183684,0.2,0.5351171693089606,0.9651204126148089,0.0,3.0,2.0,0
01842383-fc9a-4c4d-9cc3-f7d7c3802293,29943de0-bf3c-49cd-84da-43ca10216d5a,0.5579961417686347,0.6,18.0,0.35206301960183684,1.0,0.24742902261843305,0.882207830248756,0.0,1.0,4.0,0
01842383-fc9a-4c4d-9cc3-f7d7c3802293,5a34f357-525c-4e8c-9761-fca6c5ef4a54,0.5579961417686347,0.6,18.0,0.35206301960183684,1.0,0.32612342892093527,0.37000647225331373,0.3,1.0,3.0,0
01842383-fc9a-4c4d-9cc3-f7d7c3802293,01fe4a49-c1a0-4cc3-8dc8-8402e6b11064,0.5579961417686347,0.6,18.0,0.35206301960183684,1.0,0.6879754206461195,0.49287097672138225,0.3,3.0,5.0,1
01842383-fc9a-4c4d-9cc3-f7d7c3802293,b972f906-99a3-4c64-8a3c-52215d80d34b,0.5579961417686347,0.6,18.0,0.35206301960183684,0.2,0.7557609477960204,0.33890958121625947,0.3,5.0,1.0,1
01842383-fc9a-4c4d-9cc3-f7d7c3802293,8c822518-d0dc-460d-93c7-d9d033a078ba,0.5579961417686347,0.6,18.0,0.35206301960183684,1.0,0.5475099359609544,0.9553256935848943,1.0,0.0,2.0,0
01842383-fc9a-4c4d-9cc3-f7d7c3802293,99eca1c6-c6f2-4d74-a551-b71f85fad723,0.5579961417686347,0.6,18.0,0.35206301960183684,1.0,0.37557872113137425,0.6908530230033296,0.0,5.0,4.0,0
01842383-fc9a-4c4d-9cc3-f7d7c3802293,7c817b5c-6572-44b4-8692-fb0a6e6339be,0.5579961417686347,0.6,18.0,0.35206301960183684,1.0,0.5648788196988385,0.6966139096390322,0.6,0.0,6.0,1
01842383-fc9a-4c4d-9cc3-f7d7c3802293,f99793e2-bf1f-4652-b717-b380cf1b82d9,0.5579961417686347,0.6,18.0,0.35206301960183684,1.0,0.3478973552809047,0.15349034844890785,0.0,0.0,1.0,0
01842383-fc9a-4c4d-9cc3-f7d7c3802293,43b70bae-10ef-4dc3-9f9b-b39a1eacb2d1,0.5579961417686347,0.6,18.0,0.35206301960183684,1.0,0.6227481543871835,0.008705213531018718,1.0,0.0,5.0,0
01842383-fc9a-4c4d-9cc3-f7d7c3802293,f9e2c26a-8651-45e9-95ac-020bf84e5d87,0.5579961417686347,0.6,18.0,0.35206301960183684,1.0,0.5925107460897749,0.3638178643767461,0.6,0.0,2.0,0
01842383-fc9a-4c4d-9cc3-f7d7c3802293,1448df8a-d98e-4341-b986-a8f8b8a384c2,0.5579961417686347,0.6,18.0,0.35206301960183684,1.0,0.1288249955168966,0.3673497152563451,0.6,4.0,4.0,0
01842383-fc9a-4c4d-9cc3-f7d7c3802293,85ca56ac-d00f-4985-9a10-09bdbdcf0764,0.5579961417686347,0.6,18.0,0.35206301960183684,1.0,0.7672921606674585,0.4762417440869502,0.3,4.0,0.0,0
01842383-fc9a-4c4d-9cc3-f7d7c3802293,3fb0a35d-d0bf-4534-9f63-995064c4e8af,0.5579961417686347,0.6,18.0,0.35206301960183684,0.2,0.4877773325800844,0.17627426660923395,0.3,3.0,1.0,1
01842383-fc9a-4c4d-9cc3-f7d7c3802293,f99793e2-bf1f-4652-b717-b380cf1b82d9,0.5579961417686347,0.6,18.0,0.35206301960183684,1.0,0.3478973552809047,0.15349034844890785,0.0,0.0,5.0,1
01842383-fc9a-4c4d-9cc3-f7d7c3802293,dba04d24-2e37-4c46-ae54-9c34510dff1f,0.5579961417686347,0.6,18.0,0.35206301960183684,1.0,0.8419986133538263,0.7052929283686935,0.0,5.0,3.0,0
01842383-fc9a-4c4d-9cc3-f7d7c3802293,e33220eb-1aa5-4702-8b7f-82096cbf244c,0.5579961417686347,0.6,18.0,0.35206301960183684,0.2,0.8045091416614435,0.9303962480539164,0.0,4.0,4.0,1
01842383-fc9a-4c4d-9cc3-f7d7c3802293,c3ccbfd0-fc33-4b81-bec0-7bb56f47c14f,0.5579961417686347,0.6,18.0,0.35206301960183684,1.0,0.7957102117424933,0.04996005462064468,1.0,1.0,3.0,0
01842383-fc9a-4c4d-9cc3-f7d7c3802293,bbaf1fa3-f0d2-4cf1-a007-2ff9a73a4732,0.5579961417686347,0.6,18.0,0.35206301960183684,0.6,0.943547710035929,0.4668619140050845,1.0,0.0,4.0,0
01842383-fc9a-4c4d-9cc3-f7d7c3802293,b02c207c-3d8f-47d1-94d5-ea09db74e5c8,0.5579961417686347,0.6,18.0,0.35206301960183684,0.6,0.3575527172065134,0.7990422256936793,0.3,4.0,4.0,1
01842383-fc9a-4c4d-9cc3-f7d7c3802293,0c914be4-9a3f-42b1-9a0d-7b75e4458ea2,0.5579961417686347,0.6,18.0,0.35206301960183684,0.2,0.6120270413649967,0.8895054166969376,0.3,2.0,2.0,1
01842383-fc9a-4c4d-9cc3-f7d7c3802293,c777c23f-b2f3-4f1d-bbea-1e7286fac786,0.5579961417686347,0.6,18.0,0.35206301960183684,0.2,0.9597491309827612,0.04607692524933382,0.0,5.0,0.0,1
01842383-fc9a-4c4d-9cc3-f7d7c3802293,2f70d43e-6f07-4505-9201-cce02cbbe2f9,0.5579961417686347,0.6,18.0,0.35206301960183684,0.2,0.9098855720694773,0.2703699432968346,0.0,1.0,0.0,0
01842383-fc9a-4c4d-9cc3-f7d7c3802293,de80c064-1511-4251-84a5-ba1187978d32,0.5579961417686347,0.6,18.0,0.35206301960183684,1.0,0.37359855622088356,0.32543416209529763,0.0,4.0,1.0,0
01842383-fc9a-4c4d-9cc3-f7d7c3802293,2ab0f7b1-b672-4fd3-bf9d-b9435c307791,0.5579961417686347,0.6,18.0,0.35206301960183684,0.6,0.4930337984475558,0.8483250712740258,0.6,1.0,5.0,1
01842383-fc9a-4c4d-9cc3-f7d7c3802293,f62e1330-1cf0-425f-9f10-6ddf9042abcd,0.5579961417686347,0.6,18.0,0.35206301960183684,1.0,0.9321622696421319,0.2356252848280802,1.0,2.0,2.0,1
01842383-fc9a-4c4d-9cc3-f7d7c3802293,7e095f22-5248-4ba3-b91c-aefd7470fd6a,0.5579961417686347,0.6,18.0,0.35206301960183684,0.6,0.520298671705361,0.6766771512956176,0.3,5.0,1.0,0
01842383-fc9a-4c4d-9cc3-f7d7c3802293,19e80ef1-4224-4720-a093-1f15d029cdae,0.5579961417686347,0.6,18.0,0.35206301960183684,1.0,0.8175424886601043,0.7192671703216541,0.6,0.0,3.0,0
01842383-fc9a-4c4d-9cc3-f7d7c3802293,2f2c32fa-6e32-4764-b476-b6f9b3cc5cd7,0.5579961417686347,0.6,18.0,0.35206301960183684,0.2,0.13396258547827183,0.29306867008666404,0.0,4.0,5.0,1
01842383-fc9a-4c4d-9cc3-f7d7c3802293,c0831cb8-2671-4f2e-9498-e74d21da6f33,0.5579961417686347,0.6,18.0,0.35206301960183684,0.2,0.678838712580165,0.49622340240440477,1.0,5.0,5.0,1
01842383-fc9a-4c4d-9cc3-f7d7c3802293,8d5761d4-efd9-4f9b-a561-e385778a1505,0.5579961417686347,0.6,18.0,0.35206301960183684,0.2,0.5667301021003356,0.19240837052962323,0.3,0.0,2.0,1
01842383-fc9a-4c4d-9cc3-f7d7c3802293,85f2c72b-1210-493c-bae7-744c4b2353fc,0.5579961417686347,0.6,18.0,0.35206301960183684,0.6,0.5307520434712122,0.17871782093842026,1.0,1.0,1.0,0
01842383-fc9a-4c4d-9cc3-f7d7c3802293,78c12d9f-999b-460d-b319-9bd7627866b0,0.5579961417686347,0.6,18.0,0.35206301960183684,0.2,0.5225456025796394,0.35235373770664025,0.3,5.0,0.0,0
01842383-fc9a-4c4d-9cc3-f7d7c3802293,6c5eaa38-0652-4762-8f1b-fcb80dbf8936,0.5579961417686347,0.6,18.0,0.35206301960183684,0.6,0.23950518641691337,0.7304636636619138,0.6,1.0,4.0,1
01842383-fc9a-4c4d-9cc3-f7d7c3802293,b404278c-bd4e-43f3-b805-2473f7c0eb3d,0.5579961417686347,0.6,18.0,0.35206301960183684,0.6,0.2463507248368063,0.8830515088702483,0.3,3.0,2.0,1
01842383-fc9a-4c4d-9cc3-f7d7c3802293,4c734813-4a8a-4ce6-81e5-fc4a2a5db3a2,0.5579961417686347,0.6,18.0,0.35206301960183684,0.6,0.10056769438917118,0.5730262898413426,0.3,2.0,5.0,1
01842383-fc9a-4c4d-9cc3-f7d7c3802293,d91ea030-edc5-4199-b235-b4f2746330e6,0.5579961417686347,0.6,18.0,0.35206301960183684,1.0,0.7413528687367448,0.2371548448306322,0.6,3.0,3.0,0
01842383-fc9a-4c4d-9cc3-f7d7c3802293,4df46fb7-f407-42f6-a653-9d8438903f61,0.5579961417686347,0.6,18.0,0.35206301960183684,1.0,0.9723558352169928,0.2356344975085155,1.0,4.0,4.0,0
01842383-fc9a-4c4d-9cc3-f7d7c3802293,bc2b645f-2327-4ce9-a2d2-c4dfb4c037a4,0.5579961417686347,0.6,18.0,0.35206301960183684,0.6,0.565732669170513,0.9898859782322003,1.0,5.0,1.0,1
9a2f6361-9234-43fa-9e8f-67bf5779fc83,3ceffdd1-05b8-4296-8ead-87aa963b9836,0.23107057359926178,0.6,0.0,0.6159362788532683,1.0,0.4937077765458606,0.9078087859837904,0.3,3.0,2.0,0
9a2f6361-9234-43fa-9e8f-67bf5779fc83,e033b700-4879-4d96-af09-314a42b40ec0,0.23107057359926178,0.6,0.0,0.6159362788532683,0.6,0.5265277997852419,0.306413896951497,1.0,4.0,5.0,1
9a2f6361-9234-43fa-9e8f-67bf5779fc83,965ef1a3-f422-4510-af75-d3f89e3642dd,0.23107057359926178,0.6,0.0,0.6159362788532683,1.0,0.4273005359792914,0.6938722867459519,0.6,2.0,1.0,0
9a2f6361-9234-43fa-9e8f-67bf5779fc83,775861d5-545e-4ddf-b332-3aabb9bd0e76,0.23107057359926178,0.6,0.0,0.6159362788532683,1.0,0.8513642364331833,0.05300666587800451,0.6,0.0,4.0,1
9a2f6361-9234-43fa-9e8f-67bf5779fc83,06deada8-30c5-413b-9c3c-714dac3f16dc,0.23107057359926178,0.6,0.0,0.6159362788532683,1.0,0.35763710304451657,0.8208832504363414,1.0,0.0,6.0,0
9a2f6361-9234-43fa-9e8f-67bf5779fc83,b7f3f687-720d-4c2e-b765-833d1f628763,0.23107057359926178,0.6,0.0,0.6159362788532683,0.6,0.5040757896213439,0.7654432929579714,0.6,3.0,0.0,1
9a2f6361-9234-43fa-9e8f-67bf5779fc83,b675fdc1-c9db-4f65-ad76-cb5d41d88b8a,0.23107057359926178,0.6,0.0,0.6159362788532683,0.2,0.6871950997280843,0.6183737144963264,0.0,2.0,6.0,0
9a2f6361-9234-43fa-9e8f-67bf5779fc83,6670ddb8-85fa-45e6-9af6-91adbac350a8,0.23107057359926178,0.6,0.0,0.6159362788532683,1.0,0.5273671033049591,0.12936862090556023,0.0,3.0,6.0,1
9a2f6361-9234-43fa-9e8f-67bf5779fc83,5e04770f-4a25-48a2-ad93-cef1ed97d455,0.23107057359926178,0.6,0.0,0.6159362788532683,1.0,0.6810890391339975,0.862719881758954,0.3,5.0,3.0,1
9a2f6361-9234-43fa-9e8f-67bf5779fc83,319d65cc-35fb-4fd2-8d36-0aaeae8c1599,0.23107057359926178,0.6,0.0,0.6159362788532683,0.2,0.3492163442071033,0.6358648613159886,0.3,3.0,2.0,1
9a2f6361-9234-43fa-9e8f-67bf5779fc83,e8df6458-6771-4ac9-9072-87c3e1750d40,0.23107057359926178,0.6,0.0,0.6159362788532683,0.2,0.43364799363262085,0.28863566461256474,0.0,2.0,2.0,1
9a2f6361-9234-43fa-9e8f-67bf5779fc83,4fdb3305-ba7f-45fd-908f-aee1f36874a7,0.23107057359926178,0.6,0.0,0.6159362788532683,0.2,0.9186809012161644,0.8525202868433427,1.0,3.0,1.0,1
9a2f6361-9234-43fa-9e8f-67bf5779fc83,2e62bb91-bbcc-427c-86f2-60487a06e1ea,0.23107057359926178,0.6,0.0,0.6159362788532683,0.6,0.9970298553106509,0.5346422845071757,0.3,5.0,1.0,1
9a2f6361-9234-43fa-9e8f-67bf5779fc83,6194ece5-783c-4da7-bdc5-d5536c904afd,0.23107057359926178,0.6,0.0,0.6159362788532683,0.6,0.6048572623235224,0.928472011746639,0.3,5.0,4.0,0
9a2f6361-9234-43fa-9e8f-67bf5779fc83,7e5fb408-a839-4c94-af31-f8f846c10b16,0.23107057359926178,0.6,0.0,0.6159362788532683,0.6,0.3750883081968893,0.7913034251586659,1.0,1.0,3.0,0
9a2f6361-9234-43fa-9e8f-67bf5779fc83,2767a00e-73cb-4ec0-8f10-1f2685529dd8,0.23107057359926178,0.6,0.0,0.6159362788532683,0.2,0.14774330715500755,0.17529814661096454,0.3,0.0,2.0,1
9a2f6361-9234-43fa-9e8f-67bf5779fc83,d72916bd-ef8f-4502-bba8-725c04f85a5f,0.23107057359926178,0.6,0.0,0.6159362788532683,0.2,0.854828063402321,0.2603597878713769,0.0,5.0,1.0,0
9a2f6361-9234-43fa-9e8f-67bf5779fc83,1e7d8873-b56a-4886-a1ad-5de73c350f8e,0.23107057359926178,0.6,0.0,0.6159362788532683,0.6,0.39376459292746124,0.062329554128436215,0.6,5.0,2.0,1
9a2f6361-9234-43fa-9e8f-67bf5779fc83,2fcb1115-b785-4e53-aef6-79c4dbe42cda,0.23107057359926178,0.6,0.0,0.6159362788532683,0.2,0.9505514578919633,0.7971802886027384,0.6,4.0,5.0,1
9a2f6361-9234-43fa-9e8f-67bf5779fc83,e3e4e158-1e76-4fc3-a85b-e05b8b8a0ccb,0.23107057359926178,0.6,0.0,0.6159362788532683,0.6,0.639410932283415,0.2933005026004223,0.0,4.0,5.0,0
9a2f6361-9234-43fa-9e8f-67bf5779fc83,b1ef27f4-c212-4d80-95b3-1ccfcccee40b,0.23107057359926178,0.6,0.0,0.6159362788532683,1.0,0.273179116013828,0.9075422104826739,1.0,1.0,5.0,0
9a2f6361-9234-43fa-9e8f-67bf5779fc83,d879a756-cb6b-4026-a00a-656051801b5f,0.23107057359926178,0.6,0.0,0.6159362788532683,1.0,0.19670829855613808,0.6495454402345533,1.0,5.0,4.0,0
9a2f6361-9234-43fa-9e8f-67bf5779fc83,85f2c72b-1210-493c-bae7-744c4b2353fc,0.23107057359926178,0.6,0.0,0.6159362788532683,0.6,0.5307520434712122,0.17871782093842026,1.0,1.0,4.0,1
9a2f6361-9234-43fa-9e8f-67bf5779fc83,10061fb7-f1ca-4d39-a324-536b4bc6d836,0.23107057359926178,0.6,0.0,0.6159362788532683,0.2,0.618739880361464,0.7410470610420968,1.0,5.0,2.0,0
9a2f6361-9234-43fa-9e8f-67bf5779fc83,8c822518-d0dc-460d-93c7-d9d033a078ba,0.23107057359926178,0.6,0.0,0.6159362788532683,1.0,0.5475099359609544,0.9553256935848943,1.0,2.0,5.0,0
9a2f6361-9234-43fa-9e8f-67bf5779fc83,35fc8989-8da0-422f-a619-1517d94a5ef1,0.23107057359926178,0.6,0.0,0.6159362788532683,0.6,0.53636942704019,0.22090661672949963,1.0,1.0,2.0,0
9a2f6361-9234-43fa-9e8f-67bf5779fc83,4b00903d-63e9-4414-b21a-341b0a8b4f74,0.23107057359926178,0.6,0.0,0.6159362788532683,0.2,0.6633655398442496,0.5256274218571385,0.0,5.0,1.0,0
9a2f6361-9234-43fa-9e8f-67bf5779fc83,85ca56ac-d00f-4985-9a10-09bdbdcf0764,0.23107057359926178,0.6,0.0,0.6159362788532683,1.0,0.7672921606674585,0.4762417440869502,0.3,5.0,4.0,1
9a2f6361-9234-43fa-9e8f-67bf5779fc83,2e56c0c7-a2d4-4606-8362-ead47ba989cf,0.23107057359926178,0.6,0.0,0.6159362788532683,1.0,0.9838404823093492,0.5555768002260758,0.0,2.0,6.0,0
9a2f6361-9234-43fa-9e8f-67bf5779fc83,a86f1d29-fc0a-43b2-a5f5-1c81ea61e113,0.23107057359926178,0.6,0.0,0.6159362788532683,0.2,0.5459412758711781,0.9929580634194145,0.6,5.0,2.0,0
9a2f6361-9234-43fa-9e8f-67bf5779fc83,5145c478-0b39-4ab7-a906-e1b9735ba3ce,0.23107057359926178,0.6,0.0,0.6159362788532683,0.6,0.8786936977058606,0.9587100682359623,1.0,4.0,5.0,0
9a2f6361-9234-43fa-9e8f-67bf5779fc83,ae260348-9d86-49fc-b010-b38655f0aa4c,0.23107057359926178,0.6,0.0,0.6159362788532683,0.6,0.6156726777562007,0.7631540220976764,0.3,5.0,6.0,0
9a2f6361-9234-43fa-9e8f-67bf5779fc83,7cae5725-f4a7-4615-ab21-00fad572f2f3,0.23107057359926178,0.6,0.0,0.6159362788532683,1.0,0.8991240703271256,0.15308566915688449,0.3,1.0,2.0,0
9a2f6361-9234-43fa-9e8f-67bf5779fc83,a86f1d29-fc0a-43b2-a5f5-1c81ea61e113,0.23107057359926178,0.6,0.0,0.6159362788532683,0.2,0.5459412758711781,0.9929580634194145,0.6,3.0,6.0,1
9a2f6361-9234-43fa-9e8f-67bf5779fc83,3fb0a35d-d0bf-4534-9f63-995064c4e8af,0.23107057359926178,0.6,0.0,0.6159362788532683,0.2,0.4877773325800844,0.17627426660923395,0.3,3.0,6.0,1
9a2f6361-9234-43fa-9e8f-67bf5779fc83,74e91ec2-7e97-4477-a254-e11129eee045,0.23107057359926178,0.6,0.0,0.6159362788532683,1.0,0.4127752338799551,0.9613455666412534,0.3,1.0,0.0,0
9a2f6361-9234-43fa-9e8f-67bf5779fc83,bc2b645f-2327-4ce9-a2d2-c4dfb4c037a4,0.23107057359926178,0.6,0.0,0.6159362788532683,0.6,0.565732669170513,0.9898859782322003,1.0,4.0,5.0,0
9a2f6361-9234-43fa-9e8f-67bf5779fc83,b7334163-6b0b-4be1-b584-94370f17d451,0.23107057359926178,0.6,0.0,0.6159362788532683,1.0,0.6214743123780008,0.24793030815786732,0.6,4.0,0.0,1
9a2f6361-9234-43fa-9e8f-67bf5779fc83,c0fc8404-31a2-4e51-8d19-2dec5d8f3a52,0.23107057359926178,0.6,0.0,0.6159362788532683,1.0,0.7233296207802987,0.9797696833559353,1.0,4.0,1.0,0
9a2f6361-9234-43fa-9e8f-67bf5779fc83,8e97dadb-1a1b-42b9-ab2b-901aa2169415,0.23107057359926178,0.6,0.0,0.6159362788532683,0.6,0.4258214568056816,0.9395878832020562,1.0,3.0,3.0,0
19d9e2c6-edb7-4bab-9865-38460c816e60,dfb0809f-a08c-4519-85d0-1f790e6cd5d9,0.7645576087900727,1.0,6.0,0.49137717742501136,1.0,0.12996439027292325,0.8581884567519729,1.0,1.0,0.0,0
19d9e2c6-edb7-4bab-9865-38460c816e60,8bf86bf8-6510-4e3c-a240-21e3b94e264e,0.7645576087900727,1.0,6.0,0.49137717742501136,0.6,0.9444299160166787,0.9759914132168259,0.0,1.0,2.0,0
19d9e2c6-edb7-4bab-9865-38460c816e60,2767a00e-73cb-4ec0-8f10-1f2685529dd8,0.7645576087900727,1.0,6.0,0.49137717742501136,0.2,0.14774330715500755,0.17529814661096454,0.3,2.0,1.0,0
19d9e2c6-edb7-4bab-9865-38460c816e60,e8df6458-6771-4ac9-9072-87c3e1750d40,0.7645576087900727,1.0,6.0,0.49137717742501136,0.2,0.43364799363262085,0.28863566461256474,0.0,0.0,5.0,1
19d9e2c6-edb7-4bab-9865-38460c816e60,db87c9f7-0d43-43e7-bfc8-10a75114f27b,0.7645576087900727,1.0,6.0,0.49137717742501136,1.0,0.5554553024932305,0.03495342538664914,0.6,1.0,1.0,1
19d9e2c6-edb7-4bab-9865-38460c816e60,9f019ca3-6a4d-4f1c-8cfd-4fc983011cd8,0.7645576087900727,1.0,6.0,0.49137717742501136,0.6,0.8592879525285462,0.4771610349793223,0.6,0.0,2.0,0
19d9e2c6-edb7-4bab-9865-38460c816e60,b67ddff0-7385-4797-a300-4a5924cf13c8,0.7645576087900727,1.0,6.0,0.49137717742501136,1.0,0.3295857149138473,0.12338020427621188,1.0,5.0,6.0,0
19d9e2c6-edb7-4bab-9865-38460c816e60,85f2c72b-1210-493c-bae7-744c4b2353fc,0.7645576087900727,1.0,6.0,0.49137717742501136,0.6,0.5307520434712122,0.17871782093842026,1.0,5.0,6.0,1
19d9e2c6-edb7-4bab-9865-38460c816e60,dd77c881-c04d-4f99-9177-d94ef20adb4f,0.7645576087900727,1.0,6.0,0.49137717742501136,0.6,0.616612541041993,0.6647291139113415,0.0,0.0,4.0,0
19d9e2c6-edb7-4bab-9865-38460c816e60,b9085332-b2b1-4b72-8021-b3b81398ce92,0.7645576087900727,1.0,6.0,0.49137717742501136,0.6,0.33544730729888195,0.5880404702366536,0.6,4.0,6.0,1
19d9e2c6-edb7-4bab-9865-38460c816e60,fccbd80d-e8cc-4cf0-adb9-85c0aa640f7f,0.7645576087900727,1.0,6.0,0.49137717742501136,1.0,0.7950919292205237,0.850748587791265,0.0,0.0,2.0,0
19d9e2c6-edb7-4bab-9865-38460c816e60,b675fdc1-c9db-4f65-ad76-cb5d41d88b8a,0.7645576087900727,1.0,6.0,0.49137717742501136,0.2,0.6871950997280843,0.6183737144963264,0.0,2.0,2.0,1
19d9e2c6-edb7-4bab-9865-38460c816e60,74e91ec2-7e97-4477-a254-e11129eee045,0.7645576087900727,1.0,6.0,0.49137717742501136,1.0,0.4127752338799551,0.9613455666412534,0.3,5.0,1.0,0
19d9e2c6-edb7-4bab-9865-38460c816e60,fb36e3d1-7446-45e0-9d41-48f394b60fa9,0.7645576087900727,1.0,6.0,0.49137717742501136,0.6,0.6937735815060089,0.32932384475875576,0.0,2.0,2.0,0
19d9e2c6-edb7-4bab-9865-38460c816e60,6059807a-e497-4a84-9074-8799b7986611,0.7645576087900727,1.0,6.0,0.49137717742501136,0.6,0.4781895633511416,0.7748754537301457,0.0,0.0,0.0,0
19d9e2c6-edb7-4bab-9865-38460c816e60,a8daf424-06ed-42c5-99ea-74a1e01591a9,0.7645576087900727,1.0,6.0,0.49137717742501136,0.6,0.6995840419204985,0.5852213104701965,0.0,5.0,6.0,0
19d9e2c6-edb7-4bab-9865-38460c816e60,d72916bd-ef8f-4502-bba8-725c04f85a5f,0.7645576087900727,1.0,6.0,0.49137717742501136,0.2,0.854828063402321,0.2603597878713769,0.0,2.0,5.0,1
19d9e2c6-edb7-4bab-9865-38460c816e60,15ffb6f4-0363-4611-afec-93fefe2ffd83,0.7645576087900727,1.0,6.0,0.49137717742501136,0.2,0.9223427256162328,0.7798431272433336,0.3,3.0,3.0,1
19d9e2c6-edb7-4bab-9865-38460c816e60,160450d5-9356-496d-a71d-78413a2828c7,0.7645576087900727,1.0,6.0,0.49137717742501136,0.2,0.6437789001540966,0.8506322574276396,1.0,3.0,1.0,1
19d9e2c6-edb7-4bab-9865-38460c816e60,b76881f6-7f27-4c43-8ef9-41162752919f,0.7645576087900727,1.0,6.0,0.49137717742501136,1.0,0.440401152269174,0.05205596231391263,0.0,0.0,5.0,0
19d9e2c6-edb7-4bab-9865-38460c816e60,df3f8908-754b-4f66-b4a5-0f54f1bbdef1,0.7645576087900727,1.0,6.0,0.49137717742501136,0.2,0.9006532918063022,0.624832175706485,0.6,1.0,6.0,1
19d9e2c6-edb7-4bab-9865-38460c816e60,99eca1c6-c6f2-4d74-a551-b71f85fad723,0.7645576087900727,1.0,6.0,0.49137717742501136,1.0,0.37557872113137425,0.6908530230033296,0.0,2.0,2.0,0
19d9e2c6-edb7-4bab-9865-38460c816e60,0d91a5c8-4b22-4198-b963-be98907527f4,0.7645576087900727,1.0,6.0,0.49137717742501136,0.2,0.36811976533001634,0.7445398250927052,0.0,0.0,0.0,1
19d9e2c6-edb7-4bab-9865-38460c816e60,225af4bb-7dea-491a-b6ce-984e91ad99bf,0.7645576087900727,1.0,6.0,0.49137717742501136,0.2,0.954287099322196,0.3931698082459284,0.3,5.0,1.0,1
19d9e2c6-edb7-4bab-9865-38460c816e60,dba04d24-2e37-4c46-ae54-9c34510dff1f,0.7645576087900727,1.0,6.0,0.49137717742501136,1.0,0.8419986133538263,0.7052929283686935,0.0,5.0,6.0,1
19d9e2c6-edb7-4bab-9865-38460c816e60,9d28a4ed-19ea-45ff-8c87-cd755a39633c,0.7645576087900727,1.0,6.0,0.49137717742501136,1.0,0.9699569764835101,0.3864034459374597,1.0,4.0,2.0,0
19d9e2c6-edb7-4bab-9865-38460c816e60,1448df8a-d98e-4341-b986-a8f8b8a384c2,0.7645576087900727,1.0,6.0,0.49137717742501136,1.0,0.1288249955168966,0.3673497152563451,0.6,1.0,6.0,0
19d9e2c6-edb7-4bab-9865-38460c816e60,29943de0-bf3c-49cd-84da-43ca10216d5a,0.7645576087900727,1.0,6.0,0.49137717742501136,1.0,0.24742902261843305,0.882207830248756,0.0,3.0,1.0,1
19d9e2c6-edb7-4bab-9865-38460c816e60,382dc6cd-e931-4c06-8335-e8acc1df4c50,0.7645576087900727,1.0,6.0,0.49137717742501136,0.2,0.558623921637297,0.1308595947819554,1.0,3.0,4.0,0
19d9e2c6-edb7-4bab-9865-38460c816e60,c65f2822-55d3-4e67-b0e3-dcb7ed48c4fc,0.7645576087900727,1.0,6.0,0.49137717742501136,0.2,0.5969201348829377,0.6751594254540361,0.3,3.0,1.0,1
19d9e2c6-edb7-4bab-9865-38460c816e60,8c822518-d0dc-460d-93c7-d9d033a078ba,0.7645576087900727,1.0,6.0,0.49137717742501136,1.0,0.5475099359609544,0.9553256935848943,1.0,4.0,5.0,0
19d9e2c6-edb7-4bab-9865-38460c816e60,1e9ac78a-0ad3-4758-94d2-679a7c60a672,0.7645576087900727,1.0,6.0,0.49137717742501136,0.6,0.1486437037821284,0.8157193928134632,0.6,2.0,1.0,0
19d9e2c6-edb7-4bab-9865-38460c816e60,78815b00-b8cf-4b53-9b5c-0a0cc08481cf,0.7645576087900727,1.0,6.0,0.49137717742501136,0.6,0.9610158815047943,0.2578843936513069,0.0,5.0,5.0,1
19d9e2c6-edb7-4bab-9865-38460c816e60,43b70bae-10ef-4dc3-9f9b-b39a1eacb2d1,0.7645576087900727,1.0,6.0,0.49137717742501136,1.0,0.6227481543871835,0.008705213531018718,1.0,1.0,5.0,0
19d9e2c6-edb7-4bab-9865-38460c816e60,139389de-ef52-4a31-a3a6-711cb26f1f6a,0.7645576087900727,1.0,6.0,0.49137717742501136,0.2,0.6569353768626665,0.927362807810403,1.0,5.0,4.0,1
19d9e2c6-edb7-4bab-9865-38460c816e60,03be5e2c-49dc-49c9-bf6c-bd633714d57c,0.7645576087900727,1.0,6.0,0.49137717742501136,0.2,0.23003808241798443,0.40233767223870887,0.0,0.0,2.0,1
19d9e2c6-edb7-4bab-9865-38460c816e60,f2d9a85b-88a4-4950-96c1-3a460d8c8fab,0.7645576087900727,1.0,6.0,0.49137717742501136,1.0,0.3746902350991088,0.34879260140220214,0.3,2.0,1.0,0
19d9e2c6-edb7-4bab-9865-38460c816e60,29943de0-bf3c-49cd-84da-43ca10216d5a,0.7645576087900727,1.0,6.0,0.49137717742501136,1.0,0.24742902261843305,0.882207830248756,0.0,4.0,2.0,0
19d9e2c6-edb7-4bab-9865-38460c816e60,34aadaae-a82c-41a6-b6ac-2ab4f11a8047,0.7645576087900727,1.0,6.0,0.49137717742501136,0.2,0.11867463394112543,0.26611592959755015,0.6,0.0,4.0,1
19d9e2c6-edb7-4bab-9865-38460c816e60,8c822518-d0dc-460d-93c7-d9d033a078ba,0.7645576087900727,1.0,6.0,0.49137717742501136,1.0,0.5475099359609544,0.9553256935848943,1.0,3.0,4.0,0
63b24fa1-ad84-4e2d-9fec-6f7e92ad53aa,0b449292-cc57-4b11-94d1-9d0d6fdf931d,0.24898166778841713,1.0,10.0,0.6985243279571274,0.2,0.24562239677446035,0.4286144615110886,0.6,1.0,6.0,1
63b24fa1-ad84-4e2d-9fec-6f7e92ad53aa,a7da2f9e-cfe5-4f9b-a2a9-83b121e1b3a8,0.24898166778841713,1.0,10.0,0.6985243279571274,1.0,0.8629090312240775,0.8986309655053686,0.3,0.0,3.0,0
63b24fa1-ad84-4e2d-9fec-6f7e92ad53aa,3586835a-4f05-4964-8ca1-2138cebf95a6,0.24898166778841713,1.0,10.0,0.6985243279571274,1.0,0.6521758610516846,0.9475221766685487,0.0,5.0,6.0,0
63b24fa1-ad84-4e2d-9fec-6f7e92ad53aa,f2d9a85b-88a4-4950-96c1-3a460d8c8fab,0.24898166778841713,1.0,10.0,0.6985243279571274,1.0,0.3746902350991088,0.34879260140220214,0.3,4.0,5.0,0
63b24fa1-ad84-4e2d-9fec-6f7e92ad53aa,f62e1330-1cf0-425f-9f10-6ddf9042abcd,0.24898166778841713,1.0,10.0,0.6985243279571274,1.0,0.9321622696421319,0.2356252848280802,1.0,3.0,5.0,0
63b24fa1-ad84-4e2d-9fec-6f7e92ad53aa,2270dcd6-f4ba-4acf-b863-271ea249c419,0.24898166778841713,1.0,10.0,0.6985243279571274,0.6,0.888509462672205,0.11768090665028597,0.0,4.0,6.0,1
63b24fa1-ad84-4e2d-9fec-6f7e92ad53aa,6bc2f168-7233-41b6-b378-1e91e4060318,0.24898166778841713,1.0,10.0,0.6985243279571274,0.6,0.8903489988595626,0.4493952204847722,0.6,2.0,3.0,1
63b24fa1-ad84-4e2d-9fec-6f7e92ad53aa,50485b49-6f87-4fbb-a6d8-cc894f5ad343,0.24898166778841713,1.0,10.0,0.6985243279571274,0.2,0.489665412099198,0.42118413108785735,0.3,1.0,5.0,1
63b24fa1-ad84-4e2d-9fec-6f7e92ad53aa,684277da-f62a-49f6-b09e-1b7e786c463b,0.24898166778841713,1.0,10.0,0.6985243279571274,1.0,0.457984105173436,0.7791379129900283,0.6,5.0,4.0,1
63b24fa1-ad84-4e2d-9fec-6f7e92ad53aa,c192b11f-4447-40a2-80a6-390cd362dfa5,0.24898166778841713,1.0,10.0,0.6985243279571274,1.0,0.7363853294533637,0.9004772949138748,0.6,2.0,1.0,0
63b24fa1-ad84-4e2d-9fec-6f7e92ad53aa,2a4e6f6f-8a97-4b0f-8706-b5b5c9a3506e,0.24898166778841713,1.0,10.0,0.6985243279571274,1.0,0.508305717299449,0.5779541132057853,1.0,1.0,5.0,0
63b24fa1-ad84-4e2d-9fec-6f7e92ad53aa,61f8b793-eb21-415f-be6a-1dace64c1dab,0.24898166778841713,1.0,10.0,0.6985243279571274,0.2,0.5789373941878594,0.5534783138488689,0.0,1.0,5.0,1
63b24fa1-ad84-4e2d-9fec-6f7e92ad53aa,87a7aeb8-bf34-460e-bb3c-fbe35cf1ef81,0.24898166778841713,1.0,10.0,0.6985243279571274,1.0,0.7885085605778664,0.825897641598029,0.6,1.0,6.0,0
63b24fa1-ad84-4e2d-9fec-6f7e92ad53aa,153e892c-7403-48b3-b3e5-7a4444a6af33,0.24898166778841713,1.0,10.0,0.6985243279571274,1.0,0.268440635924974,0.5517497858340187,0.3,1.0,2.0,0
63b24fa1-ad84-4e2d-9fec-6f7e92ad53aa,effc8e6d-3fa0-4ad0-84e0-49ceb18ecfdf,0.24898166778841713,1.0,10.0,0.6985243279571274,1.0,0.1753861576369154,0.018304751217713022,0.6,5.0,6.0,0
63b24fa1-ad84-4e2d-9fec-6f7e92ad53aa,45cea0cf-acbc-4a1c-ae67-7da156ce4e33,0.24898166778841713,1.0,10.0,0.6985243279571274,0.6,0.44790999008794674,0.8240533460888545,0.3,0.0,6.0,0
63b24fa1-ad84-4e2d-9fec-6f7e92ad53aa,4ba8e189-dadf-4dd5-b53d-7c4e20e6a1b9,0.24898166778841713,1.0,10.0,0.6985243279571274,1.0,0.4261308026245366,0.5885791737632688,0.3,3.0,5.0,1
63b24fa1-ad84-4e2d-9fec-6f7e92ad53aa,230352f2-770a-46c0-abe4-d7625139ab5e,0.24898166778841713,1.0,10.0,0.6985243279571274,0.2,0.6004574087726475,0.5930492421524886,0.0,0.0,3.0,1
63b24fa1-ad84-4e2d-9fec-6f7e92ad53aa,51656879-b9de-4976-b3d5-c8a240739e35,0.24898166778841713,1.0,10.0,0.6985243279571274,0.6,0.12393733137164058,0.5053225155587664,1.0,2.0,6.0,0
63b24fa1-ad84-4e2d-9fec-6f7e92ad53aa,ad581338-27d8-4935-86c9-5f785bf435c2,0.24898166778841713,1.0,10.0,0.6985243279571274,1.0,0.3943185155107163,0.2811618959132587,0.3,0.0,5.0,0
63b24fa1-ad84-4e2d-9fec-6f7e92ad53aa,03be5e2c-49dc-49c9-bf6c-bd633714d57c,0.24898166778841713,1.0,10.0,0.6985243279571274,0.2,0.23003808241798443,0.40233767223870887,0.0,3.0,5.0,0
63b24fa1-ad84-4e2d-9fec-6f7e92ad53aa,c0fc8404-31a2-4e51-8d19-2dec5d8f3a52,0.24898166778841713,1.0,10.0,0.6985243279571274,1.0,0.7233296207802987,0.9797696833559353,1.0,1.0,4.0,0
63b24fa1-ad84-4e2d-9fec-6f7e92ad53aa,85ca56ac-d00f-4985-9a10-09bdbdcf0764,0.24898166778841713,1.0,10.0,0.6985243279571274,1.0,0.7672921606674585,0.4762417440869502,0.3,3.0,0.0,0
63b24fa1-ad84-4e2d-9fec-6f7e92ad53aa,bcc862ed-ee8c-4519-bd6f-df3684168181,0.24898166778841713,1.0,10.0,0.6985243279571274,1.0,0.9327717807626915,0.3397410335113047,0.3,0.0,2.0,0
63b24fa1-ad84-4e2d-9fec-6f7e92ad53aa,03be5e2c-49dc-49c9-bf6c-bd633714d57c,0.24898166778841713,1.0,10.0,0.6985243279571274,0.2,0.23003808241798443,0.40233767223870887,0.0,5.0,5.0,1
63b24fa1-ad84-4e2d-9fec-6f7e92ad53aa,ae260348-9d86-49fc-b010-b38655f0aa4c,0.24898166778841713,1.0,10.0,0.6985243279571274,0.6,0.6156726777562007,0.7631540220976764,0.3,0.0,0.0,0
63b24fa1-ad84-4e2d-9fec-6f7e92ad53aa,e44b9013-f4a8-49bf-9379-87dcbb2e8e53,0.24898166778841713,1.0,10.0,0.6985243279571274,1.0,0.36258242224859283,0.32306846386650134,0.3,2.0,3.0,0
63b24fa1-ad84-4e2d-9fec-6f7e92ad53aa,34aadaae-a82c-41a6-b6ac-2ab4f11a8047,0.24898166778841713,1.0,10.0,0.6985243279571274,0.2,0.11867463394112543,0.26611592959755015,0.6,4.0,5.0,0
63b24fa1-ad84-4e2d-9fec-6f7e92ad53aa,667e3056-15dd-4db1-8e1b-b615cf4a3827,0.24898166778841713,1.0,10.0,0.6985243279571274,0.6,0.15606825708589728,0.7606037779959967,0.0,3.0,4.0,0
63b24fa1-ad84-4e2d-9fec-6f7e92ad53aa,e2cc89a7-6e52-40e3-8411-87a3295c8a0e,0.24898166778841713,1.0,10.0,0.6985243279571274,0.2,0.3237254478661281,0.030381800897473776,0.3,3.0,6.0,1
63b24fa1-ad84-4e2d-9fec-6f7e92ad53aa,0bc32369-5cc1-4c6e-9b9e-a0d6ad643532,0.24898166778841713,1.0,10.0,0.6985243279571274,0.6,0.6337720175795309,0.5219080741476771,1.0,1.0,3.0,0
63b24fa1-ad84-4e2d-9fec-6f7e92ad53aa,a26f3aa1-8131-40eb-8610-e57f92d60b1d,0.24898166778841713,1.0,10.0,0.6985243279571274,0.6,0.5405955324673002,0.22788898669340596,0.3,4.0,6.0,1
63b24fa1-ad84-4e2d-9fec-6f7e92ad53aa,f62e1330-1cf0-425f-9f10-6ddf9042abcd,0.24898166778841713,1.0,10.0,0.6985243279571274,1.0,0.9321622696421319,0.2356252848280802,1.0,1.0,2.0,1
63b24fa1-ad84-4e2d-9fec-6f7e92ad53aa,effc8e6d-3fa0-4ad0-84e0-49ceb18ecfdf,0.24898166778841713,1.0,10.0,0.6985243279571274,1.0,0.1753861576369154,0.018304751217713022,0.6,5.0,3.0,0
63b24fa1-ad84-4e2d-9fec-6f7e92ad53aa,c2aa2f4b-31d0-4751-b78b-9bc94a917dd3,0.24898166778841713,1.0,10.0,0.6985243279571274,0.2,0.9632839642542039,0.47862263242291936,0.3,4.0,4.0,1
63b24fa1-ad84-4e2d-9fec-6f7e92ad53aa,2a4e6f6f-8a97-4b0f-8706-b5b5c9a3506e,0.24898166778841713,1.0,10.0,0.6985243279571274,1.0,0.508305717299449,0.5779541132057853,1.0,4.0,3.0,1
63b24fa1-ad84-4e2d-9fec-6f7e92ad53aa,694b0a7e-d4bd-489d-991e-0fc7e0b7eae9,0.24898166778841713,1.0,10.0,0.6985243279571274,0.6,0.3343722183141432,0.2359196929431705,1.0,3.0,1.0,0
63b24fa1-ad84-4e2d-9fec-6f7e92ad53aa,61f8b793-eb21-415f-be6a-1dace64c1dab,0.24898166778841713,1.0,10.0,0.6985243279571274,0.2,0.5789373941878594,0.5534783138488689,0.0,1.0,3.0,0
63b24fa1-ad84-4e2d-9fec-6f7e92ad53aa,965ef1a3-f422-4510-af75-d3f89e3642dd,0.24898166778841713,1.0,10.0,0.6985243279571274,1.0,0.4273005359792914,0.6938722867459519,0.6,3.0,2.0,0
63b24fa1-ad84-4e2d-9fec-6f7e92ad53aa,42438319-d9cd-4491-91c4-7e8df4051b62,0.24898166778841713,1.0,10.0,0.6985243279571274,0.2,0.6023180626659986,0.9806347370894578,0.0,4.0,3.0,1
b5c3134e-3fbb-48b5-b65b-07ad6d10b79e,723b0875-2f5c-406d-91ef-1ef6768c21e1,0.664371233385881,0.2,9.0,0.6056980032282153,0.6,0.5865033881557733,0.9546606431143135,0.6,5.0,1.0,0
b5c3134e-3fbb-48b5-b65b-07ad6d10b79e,020ff159-4271-4aa5-87f3-9295346f6563,0.664371233385881,0.2,9.0,0.6056980032282153,0.6,0.31530071999913584,0.1616253953204818,0.0,1.0,0.0,0
b5c3134e-3fbb-48b5-b65b-07ad6d10b79e,e33220eb-1aa5-4702-8b7f-82096cbf244c,0.664371233385881,0.2,9.0,0.6056980032282153,0.2,0.8045091416614435,0.9303962480539164,0.0,2.0,2.0,0
b5c3134e-3fbb-48b5-b65b-07ad6d10b79e,b5455ff3-4469-4b08-b2d0-3b4b8a9faa28,0.664371233385881,0.2,9.0,0.6056980032282153,0.2,0.8168045396107254,0.12498281746751883,0.3,5.0,2.0,1
b5c3134e-3fbb-48b5-b65b-07ad6d10b79e,0d91a5c8-4b22-4198-b963-be98907527f4,0.664371233385881,0.2,9.0,0.6056980032282153,0.2,0.36811976533001634,0.7445398250927052,0.0,1.0,0.0,1
b5c3134e-3fbb-48b5-b65b-07ad6d10b79e,99eca1c6-c6f2-4d74-a551-b71f85fad723,0.664371233385881,0.2,9.0,0.6056980032282153,1.0,0.37557872113137425,0.6908530230033296,0.0,2.0,3.0,1
b5c3134e-3fbb-48b5-b65b-07ad6d10b79e,b61ea83c-607e-45d0-8e7b-1b85dc0719bf,0.664371233385881,0.2,9.0,0.6056980032282153,0.2,0.48020855047645894,0.4947416007255965,1.0,4.0,5.0,0
b5c3134e-3fbb-48b5-b65b-07ad6d10b79e,9ba51c49-9d6a-423a-905e-593237ec3ec2,0.664371233385881,0.2,9.0,0.6056980032282153,0.2,0.5056427924137512,0.14164644156570538,1.0,0.0,5.0,1
b5c3134e-3fbb-48b5-b65b-07ad6d10b79e,b08e025f-b00e-487d-9769-6e771d335fcd,0.664371233385881,0.2,9.0,0.6056980032282153,0.6,0.35587631985892465,0.5051778789164922,0.3,3.0,3.0,0
b5c3134e-3fbb-48b5-b65b-07ad6d10b79e,fda140a2-2654-463e-a825-e101e2f7921b,0.664371233385881,0.2,9.0,0.6056980032282153,0.2,0.3998020556294877,0.9744658783076392,0.0,3.0,3.0,1
b5c3134e-3fbb-48b5-b65b-07ad6d10b79e,0b680785-5c4e-4ff3-90da-a95bdb6ddea3,0.664371233385881,0.2,9.0,0.6056980032282153,1.0,0.9476882864447816,0.37902629176285674,0.0,2.0,0.0,1
b5c3134e-3fbb-48b5-b65b-07ad6d10b79e,dbb00897-88a6-4e66-bf2b-d540c730bdb9,0.664371233385881,0.2,9.0,0.6056980032282153,0.6,0.9518329178984374,0.4047620165937216,0.0,3.0,5.0,1
b5c3134e-3fbb-48b5-b65b-07ad6d10b79e,2fd06511-a2df-41a4-b9b8-72ad25edbef7,0.664371233385881,0.2,9.0,0.6056980032282153,1.0,0.8121414643536927,0.9186858244934103,0.3,0.0,0.0,0
b5c3134e-3fbb-48b5-b65b-07ad6d10b79e,85f2c72b-1210-493c-bae7-744c4b2353fc,0.664371233385881,0.2,9.0,0.6056980032282153,0.6,0.5307520434712122,0.17871782093842026,1.0,3.0,1.0,0
b5c3134e-3fbb-48b5-b65b-07ad6d10b79e,4ba8e189-dadf-4dd5-b53d-7c4e20e6a1b9,0.664371233385881,0.2,9.0,0.6056980032282153,1.0,0.4261308026245366,0.5885791737632688,0.3,4.0,3.0,0
b5c3134e-3fbb-48b5-b65b-07ad6d10b79e,d91ea030-edc5-4199-b235-b4f2746330e6,0.664371233385881,0.2,9.0,0.6056980032282153,1.0,0.7413528687367448,0.2371548448306322,0.6,0.0,0.0,0
b5c3134e-3fbb-48b5-b65b-07ad6d10b79e,68ffa0bd-b298-4476-a51a-141035550fd6,0.664371233385881,0.2,9.0,0.6056980032282153,1.0,0.7873450415195071,0.20198131932556307,0.3,1.0,4.0,1
b5c3134e-3fbb-48b5-b65b-07ad6d10b79e,4e038b59-7940-4187-89a4-aa8900eb4584,0.664371233385881,0.2,9.0,0.6056980032282153,0.6,0.8162686834681103,0.09548613580741361,0.3,0.0,5.0,1
b5c3134e-3fbb-48b5-b65b-07ad6d10b79e,b972f906-99a3-4c64-8a3c-52215d80d34b,0.664371233385881,0.2,9.0,0.6056980032282153,0.2,0.7557609477960204,0.33890958121625947,0.3,1.0,2.0,1
b5c3134e-3fbb-48b5-b65b-07ad6d10b79e,684277da-f62a-49f6-b09e-1b7e786c463b,0.664371233385881,0.2,9.0,0.6056980032282153,1.0,0.457984105173436,0.7791379129900283,0.6,3.0,3.0,0
b5c3134e-3fbb-48b5-b65b-07ad6d10b79e,230352f2-770a-46c0-abe4-d7625139ab5e,0.664371233385881,0.2,9.0,0.6056980032282153,0.2,0.6004574087726475,0.5930492421524886,0.0,0.0,6.0,1
b5c3134e-3fbb-48b5-b65b-07ad6d10b79e,172d7aba-b1e9-40bf-b1cb-cf4e91d5184a,0.664371233385881,0.2,9.0,0.6056980032282153,1.0,0.8526659690466724,0.6328103281975677,0.6,4.0,6.0,0
b5c3134e-3fbb-48b5-b65b-07ad6d10b79e,7cae5725-f4a7-4615-ab21-00fad572f2f3,0.664371233385881,0.2,9.0,0.6056980032282153,1.0,0.8991240703271256,0.15308566915688449,0.3,4.0,3.0,1
b5c3134e-3fbb-48b5-b65b-07ad6d10b79e,fda140a2-2654-463e-a825-e101e2f7921b,0.664371233385881,0.2,9.0,0.6056980032282153,0.2,0.3998020556294877,0.9744658783076392,0.0,1.0,2.0,1
b5c3134e-3fbb-48b5-b65b-07ad6d10b79e,c192b11f-4447-40a2-80a6-390cd362dfa5,0.664371233385881,0.2,9.0,0.6056980032282153,1.0,0.7363853294533637,0.9004772949138748,0.6,5.0,1.0,1
b5c3134e-3fbb-48b5-b65b-07ad6d10b79e,3ceffdd1-05b8-4296-8ead-87aa963b9836,0.664371233385881,0.2,9.0,0.6056980032282153,1.0,0.4937077765458606,0.9078087859837904,0.3,2.0,4.0,0
b5c3134e-3fbb-48b5-b65b-07ad6d10b79e,45cea0cf-acbc-4a1c-ae67-7da156ce4e33,0.664371233385881,0.2,9.0,0.6056980032282153,0.6,0.44790999008794674,0.8240533460888545,0.3,4.0,1.0,0
b5c3134e-3fbb-48b5-b65b-07ad6d10b79e,4923fb26-e583-4c24-ac52-8838a0ed3a98,0.664371233385881,0.2,9.0,0.6056980032282153,1.0,0.553388277838538,0.7019544741283528,1.0,2.0,4.0,1
b5c3134e-3fbb-48b5-b65b-07ad6d10b79e,8155e67e-e6b6-4564-9fbc-a422dfbb4728,0.664371233385881,0.2,9.0,0.6056980032282153,0.2,0.3282195111753295,0.7588859461800079,0.0,3.0,2.0,0
b5c3134e-3fbb-48b5-b65b-07ad6d10b79e,b08e025f-b00e-487d-9769-6e771d335fcd,0.664371233385881,0.2,9.0,0.6056980032282153,0.6,0.35587631985892465,0.5051778789164922,0.3,1.0,1.0,0
b5c3134e-3fbb-48b5-b65b-07ad6d10b79e,e4db18b0-d91a-4fe4-b05f-eda25f38ea0d,0.664371233385881,0.2,9.0,0.6056980032282153,0.2,0.5776591949487476,0.19019373944895102,0.3,3.0,1.0,1
b5c3134e-3fbb-48b5-b65b-07ad6d10b79e,9fbecf58-4b47-499b-af70-5be883e292d6,0.664371233385881,0.2,9.0,0.6056980032282153,1.0,0.6813001709251447,0.40858971174533243,0.0,4.0,5.0,0
b5c3134e-3fbb-48b5-b65b-07ad6d10b79e,90e0e36e-2a3f-4349-b92f-d283a363e309,0.664371233385881,0.2,9.0,0.6056980032282153,0.6,0.37903438078382046,0.7659731746919894,0.6,4.0,6.0,1
b5c3134e-3fbb-48b5-b65b-07ad6d10b79e,f02458a6-6ff7-47a1-8e01-b8ff21f7812d,0.664371233385881,0.2,9.0,0.6056980032282153,0.2,0.336680938116936,0.2620493339390677,0.6,0.0,0.0,1
b5c3134e-3fbb-48b5-b65b-07ad6d10b79e,b20bab7d-8fe1-4291-9511-746d551c6381,0.664371233385881,0.2,9.0,0.6056980032282153,1.0,0.30803403606513613,0.290684856511908,0.0,1.0,0.0,1
b5c3134e-3fbb-48b5-b65b-07ad6d10b79e,9ba51c49-9d6a-423a-905e-593237ec3ec2,0.664371233385881,0.2,9.0,0.6056980032282153,0.2,0.5056427924137512,0.14164644156570538,1.0,0.0,3.0,0
b5c3134e-3fbb-48b5-b65b-07ad6d10b79e,c65f2822-55d3-4e67-b0e3-dcb7ed48c4fc,0.664371233385881,0.2,9.0,0.6056980032282153,0.2,0.5969201348829377,0.6751594254540361,0.3,2.0,1.0,0
b5c3134e-3fbb-48b5-b65b-07ad6d10b79e,299e9ca4-b5a4-4951-88ff-3985383763f0,0.664371233385881,0.2,9.0,0.6056980032282153,0.2,0.7548560181125934,0.465904244394832,0.6,2.0,2.0,1
b5c3134e-3fbb-48b5-b65b-07ad6d10b79e,c0831cb8-2671-4f2e-9498-e74d21da6f33,0.664371233385881,0.2,9.0,0.6056980032282153,0.2,0.678838712580165,0.49622340240440477,1.0,0.0,1.0,1
b5c3134e-3fbb-48b5-b65b-07ad6d10b79e,06deada8-30c5-413b-9c3c-714dac3f16dc,0.664371233385881,0.2,9.0,0.6056980032282153,1.0,0.35763710304451657,0.8208832504363414,1.0,3.0,6.0,0
db1fa90f-28e3-4e40-aff0-eb277ee7bd6a,5ac7df38-e13e-4ddf-ac1d-8bd8825c2903,0.6668250328740107,0.6,12.0,0.7577667313555192,0.2,0.5606417702241059,0.9155246766150124,0.0,5.0,4.0,1
db1fa90f-28e3-4e40-aff0-eb277ee7bd6a,965ef1a3-f422-4510-af75-d3f89e3642dd,0.6668250328740107,0.6,12.0,0.7577667313555192,1.0,0.4273005359792914,0.6938722867459519,0.6,1.0,5.0,1
db1fa90f-28e3-4e40-aff0-eb277ee7bd6a,7c817b5c-6572-44b4-8692-fb0a6e6339be,0.6668250328740107,0.6,12.0,0.7577667313555192,1.0,0.5648788196988385,0.6966139096390322,0.6,1.0,5.0,1
db1fa90f-28e3-4e40-aff0-eb277ee7bd6a,6670ddb8-85fa-45e6-9af6-91adbac350a8,0.6668250328740107,0.6,12.0,0.7577667313555192,1.0,0.5273671033049591,0.12936862090556023,0.0,2.0,4.0,1
db1fa90f-28e3-4e40-aff0-eb277ee7bd6a,2fd06511-a2df-41a4-b9b8-72ad25edbef7,0.6668250328740107,0.6,12.0,0.7577667313555192,1.0,0.8121414643536927,0.9186858244934103,0.3,4.0,2.0,0
db1fa90f-28e3-4e40-aff0-eb277ee7bd6a,19d3638b-3623-485e-a7a3-bed4ec53eb28,0.6668250328740107,0.6,12.0,0.7577667313555192,0.2,0.22255292506683805,0.2999183439789205,0.0,4.0,3.0,1
db1fa90f-28e3-4e40-aff0-eb277ee7bd6a,8d8bd000-8a84-4c8b-bdc8-797008544155,0.6668250328740107,0.6,12.0,0.7577667313555192,1.0,0.14606305453676433,0.13377939697072627,0.0,4.0,1.0,1
db1fa90f-28e3-4e40-aff0-eb277ee7bd6a,aaf45fe2-a218-49a4-8030-1b040505fcc2,0.6668250328740107,0.6,12.0,0.7577667313555192,0.2,0.36982601339710064,0.6947724975849392,0.3,4.0,2.0,0
db1fa90f-28e3-4e40-aff0-eb277ee7bd6a,61ae4cd0-4feb-4315-9993-55959a8ab125,0.6668250328740107,0.6,12.0,0.7577667313555192,0.6,0.5247340762216478,0.34315624408831924,0.0,3.0,1.0,1
db1fa90f-28e3-4e40-aff0-eb277ee7bd6a,69f0bb17-25d2-40ca-9934-1d66d65b38ec,0.6668250328740107,0.6,12.0,0.7577667313555192,1.0,0.5123580186270776,0.31857910523425825,0.6,4.0,2.0,1
db1fa90f-28e3-4e40-aff0-eb277ee7bd6a,b7c1594e-c23f-4a6c-b842-737b0c93b147,0.6668250328740107,0.6,12.0,0.7577667313555192,1.0,0.3323463750225212,0.10510906779710338,0.3,1.0,6.0,0
db1fa90f-28e3-4e40-aff0-eb277ee7bd6a,8bf86bf8-6510-4e3c-a240-21e3b94e264e,0.6668250328740107,0.6,12.0,0.7577667313555192,0.6,0.9444299160166787,0.9759914132168259,0.0,0.0,6.0,1
db1fa90f-28e3-4e40-aff0-eb277ee7bd6a,c192b11f-4447-40a2-80a6-390cd362dfa5,0.6668250328740107,0.6,12.0,0.7577667313555192,1.0,0.7363853294533637,0.9004772949138748,0.6,1.0,2.0,0
db1fa90f-28e3-4e40-aff0-eb277ee7bd6a,dd77c881-c04d-4f99-9177-d94ef20adb4f,0.6668250328740107,0.6,12.0,0.7577667313555192,0.6,0.616612541041993,0.6647291139113415,0.0,2.0,1.0,0
db1fa90f-28e3-4e40-aff0-eb277ee7bd6a,9f019ca3-6a4d-4f1c-8cfd-4fc983011cd8,0.6668250328740107,0.6,12.0,0.7577667313555192,0.6,0.8592879525285462,0.4771610349793223,0.6,4.0,5.0,0
db1fa90f-28e3-4e40-aff0-eb277ee7bd6a,bf1c16a4-e182-4ecc-8023-e458da60daac,0.6668250328740107,0.6,12.0,0.7577667313555192,1.0,0.24964749169716674,0.6258043806862246,0.6,4.0,6.0,0
db1fa90f-28e3-4e40-aff0-eb277ee7bd6a,0764c1e1-84c4-4344-814b-56f447356699,0.6668250328740107,0.6,12.0,0.7577667313555192,0.2,0.36478434898577183,0.31372887152086304,0.3,5.0,5.0,1
db1fa90f-28e3-4e40-aff0-eb277ee7bd6a,74e91ec2-7e97-4477-a254-e11129eee045,0.6668250328740107,0.6,12.0,0.7577667313555192,1.0,0.4127752338799551,0.9613455666412534,0.3,3.0,6.0,1
db1fa90f-28e3-4e40-aff0-eb277ee7bd6a,f62e1330-1cf0-425f-9f10-6ddf9042abcd,0.6668250328740107,0.6,12.0,0.7577667313555192,1.0,0.9321622696421319,0.2356252848280802,1.0,5.0,5.0,1
db1fa90f-28e3-4e40-aff0-eb277ee7bd6a,e8df6458-6771-4ac9-9072-87c3e1750d40,0.6668250328740107,0.6,12.0,0.7577667313555192,0.2,0.43364799363262085,0.28863566461256474,0.0,0.0,3.0,0
db1fa90f-28e3-4e40-aff0-eb277ee7bd6a,6194ece5-783c-4da7-bdc5-d5536c904afd,0.6668250328740107,0.6,12.0,0.7577667313555192,0.6,0.6048572623235224,0.928472011746639,0.3,1.0,6.0,1
db1fa90f-28e3-4e40-aff0-eb277ee7bd6a,79cb3b8e-aafa-418e-97aa-f7fdcb3d6c58,0.6668250328740107,0.6,12.0,0.7577667313555192,0.2,0.3730266808058288,0.7752357696427774,0.3,2.0,0.0,0
db1fa90f-28e3-4e40-aff0-eb277ee7bd6a,74e91ec2-7e97-4477-a254-e11129eee045,0.6668250328740107,0.6,12.0,0.7577667313555192,1.0,0.4127752338799551,0.9613455666412534,0.3,3.0,3.0,0
db1fa90f-28e3-4e40-aff0-eb277ee7bd6a,153e892c-7403-48b3-b3e5-7a4444a6af33,0.6668250328740107,0.6,12.0,0.7577667313555192,1.0,0.268440635924974,0.5517497858340187,0.3,5.0,6.0,0
db1fa90f-28e3-4e40-aff0-eb277ee7bd6a,382dc6cd-e931-4c06-8335-e8acc1df4c50,0.6668250328740107,0.6,12.0,0.7577667313555192,0.2,0.558623921637297,0.1308595947819554,1.0,1.0,1.0,1
db1fa90f-28e3-4e40-aff0-eb277ee7bd6a,5e04770f-4a25-48a2-ad93-cef1ed97d455,0.6668250328740107,0.6,12.0,0.7577667313555192,1.0,0.6810890391339975,0.862719881758954,0.3,0.0,1.0,0
db1fa90f-28e3-4e40-aff0-eb277ee7bd6a,8d8bd000-8a84-4c8b-bdc8-797008544155,0.6668250328740107,0.6,12.0,0.7577667313555192,1.0,0.14606305453676433,0.13377939697072627,0.0,0.0,1.0,1
db1fa90f-28e3-4e40-aff0-eb277ee7bd6a,bc2b645f-2327-4ce9-a2d2-c4dfb4c037a4,0.6668250328740107,0.6,12.0,0.7577667313555192,0.6,0.565732669170513,0.9898859782322003,1.0,1.0,1.0,1
db1fa90f-28e3-4e40-aff0-eb277ee7bd6a,f32bd05f-f328-4f1a-be52-e7eeae8d75e8,0.6668250328740107,0.6,12.0,0.7577667313555192,1.0,0.7522989076063284,0.09818661644669102,0.3,5.0,5.0,0
db1fa90f-28e3-4e40-aff0-eb277ee7bd6a,bfa4d06d-4c33-44f5-a582-6f5fc24bfd7f,0.6668250328740107,0.6,12.0,0.7577667313555192,0.2,0.6497798817429743,0.4331009496434778,1.0,2.0,6.0,0
db1fa90f-28e3-4e40-aff0-eb277ee7bd6a,21197103-286c-4e08-8f2e-e1f0c1aa4b65,0.6668250328740107,0.6,12.0,0.7577667313555192,0.2,0.974231980237957,0.8883695246489081,0.6,3.0,4.0,0
db1fa90f-28e3-4e40-aff0-eb277ee7bd6a,7b512031-30a6-4d3c-8e53-4acf4b15efd9,0.6668250328740107,0.6,12.0,0.7577667313555192,0.6,0.20961141822392887,0.22555703805048077,1.0,1.0,5.0,1
db1fa90f-28e3-4e40-aff0-eb277ee7bd6a,9f7ae8c9-dc90-4236-adb6-2109245d9021,0.6668250328740107,0.6,12.0,0.7577667313555192,0.6,0.8963101399292399,0.12506351553810924,0.0,1.0,0.0,0
db1fa90f-28e3-4e40-aff0-eb277ee7bd6a,84c440d3-55ef-46aa-abeb-ca96e8632be9,0.6668250328740107,0.6,12.0,0.7577667313555192,0.6,0.5539423499120992,0.05768859541460958,0.6,5.0,4.0,1
db1fa90f-28e3-4e40-aff0-eb277ee7bd6a,3feb240a-54de-4548-9d6d-6b68da72c588,0.6668250328740107,0.6,12.0,0.7577667313555192,0.6,0.3534939575862086,0.46875086538360267,0.6,1.0,1.0,1
db1fa90f-28e3-4e40-aff0-eb277ee7bd6a,d8d30dac-fd61-48d1-8bf9-aa602ff08b1b,0.6668250328740107,0.6,12.0,0.7577667313555192,0.6,0.5193853910130869,0.5025270481245171,0.0,0.0,1.0,1
db1fa90f-28e3-4e40-aff0-eb277ee7bd6a,8c20762d-72fc-4a90-9284-b697f6205faa,0.6668250328740107,0.6,12.0,0.7577667313555192,0.2,0.809327370784988,0.46262162923016714,0.6,5.0,6.0,1
db1fa90f-28e3-4e40-aff0-eb277ee7bd6a,34aadaae-a82c-41a6-b6ac-2ab4f11a8047,0.6668250328740107,0.6,12.0,0.7577667313555192,0.2,0.11867463394112543,0.26611592959755015,0.6,3.0,5.0,1
db1fa90f-28e3-4e40-aff0-eb277ee7bd6a,d8d30dac-fd61-48d1-8bf9-aa602ff08b1b,0.6668250328740107,0.6,12.0,0.7577667313555192,0.6,0.5193853910130869,0.5025270481245171,0.0,2.0,0.0,1
db1fa90f-28e3-4e40-aff0-eb277ee7bd6a,299e9ca4-b5a4-4951-88ff-3985383763f0,0.6668250328740107,0.6,12.0,0.7577667313555192,0.2,0.7548560181125934,0.465904244394832,0.6,2.0,5.0,1
689890ed-dc08-4e62-952c-22c9902b23db,b8a59f9c-9152-4e9d-9227-81b450029be0,0.5880887343667556,0.2,13.0,0.7319435473702172,0.2,0.9082416607735994,0.8438860705844703,1.0,3.0,5.0,1
689890ed-dc08-4e62-952c-22c9902b23db,3a71361b-e3e1-4223-b68a-ad50ca4dbe62,0.5880887343667556,0.2,13.0,0.7319435473702172,1.0,0.6047778022342388,0.49194088405803205,0.6,3.0,0.0,0
689890ed-dc08-4e62-952c-22c9902b23db,b7c1594e-c23f-4a6c-b842-737b0c93b147,0.5880887343667556,0.2,13.0,0.7319435473702172,1.0,0.3323463750225212,0.10510906779710338,0.3,2.0,0.0,0
689890ed-dc08-4e62-952c-22c9902b23db,139389de-ef52-4a31-a3a6-711cb26f1f6a,0.5880887343667556,0.2,13.0,0.7319435473702172,0.2,0.6569353768626665,0.927362807810403,1.0,4.0,6.0,1
689890ed-dc08-4e62-952c-22c9902b23db,b08c5e45-1706-4711-993f-50cbf58e2335,0.5880887343667556,0.2,13.0,0.7319435473702172,0.6,0.7901117853804409,0.22604311984039915,0.0,5.0,1.0,0
689890ed-dc08-4e62-952c-22c9902b23db,6a24fb3d-8584-44db-80ec-a8943d9d4953,0.5880887343667556,0.2,13.0,0.7319435473702172,0.2,0.7990830790974275,0.6468922285040184,0.6,1.0,1.0,1
689890ed-dc08-4e62-952c-22c9902b23db,5939c634-d641-4ed7-8910-517780e88b75,0.5880887343667556,0.2,13.0,0.7319435473702172,0.6,0.7523652503478826,0.6850593430585846,0.3,5.0,2.0,0
689890ed-dc08-4e62-952c-22c9902b23db,b61ea83c-607e-45d0-8e7b-1b85dc0719bf,0.5880887343667556,0.2,13.0,0.7319435473702172,0.2,0.48020855047645894,0.4947416007255965,1.0,5.0,2.0,1
689890ed-dc08-4e62-952c-22c9902b23db,5ac7df38-e13e-4ddf-ac1d-8bd8825c2903,0.5880887343667556,0.2,13.0,0.7319435473702172,0.2,0.5606417702241059,0.9155246766150124,0.0,1.0,3.0,1
689890ed-dc08-4e62-952c-22c9902b23db,8d8bd000-8a84-4c8b-bdc8-797008544155,0.5880887343667556,0.2,13.0,0.7319435473702172,1.0,0.14606305453676433,0.13377939697072627,0.0,0.0,6.0,1
689890ed-dc08-4e62-952c-22c9902b23db,29943de0-bf3c-49cd-84da-43ca10216d5a,0.5880887343667556,0.2,13.0,0.7319435473702172,1.0,0.24742902261843305,0.882207830248756,0.0,0.0,0.0,0
689890ed-dc08-4e62-952c-22c9902b23db,6c5eaa38-0652-4762-8f1b-fcb80dbf8936,0.5880887343667556,0.2,13.0,0.7319435473702172,0.6,0.23950518641691337,0.7304636636619138,0.6,1.0,5.0,0
689890ed-dc08-4e62-952c-22c9902b23db,9f019ca3-6a4d-4f1c-8cfd-4fc983011cd8,0.5880887343667556,0.2,13.0,0.7319435473702172,0.6,0.8592879525285462,0.4771610349793223,0.6,5.0,4.0,0
689890ed-dc08-4e62-952c-22c9902b23db,3ceffdd1-05b8-4296-8ead-87aa963b9836,0.5880887343667556,0.2,13.0,0.7319435473702172,1.0,0.4937077765458606,0.9078087859837904,0.3,3.0,6.0,0
689890ed-dc08-4e62-952c-22c9902b23db,c192b11f-4447-40a2-80a6-390cd362dfa5,0.5880887343667556,0.2,13.0,0.7319435473702172,1.0,0.7363853294533637,0.9004772949138748,0.6,5.0,0.0,0
689890ed-dc08-4e62-952c-22c9902b23db,33aa1631-5d42-4228-84c3-639ac72cf903,0.5880887343667556,0.2,13.0,0.7319435473702172,1.0,0.20605411083785363,0.7031088164784068,0.3,2.0,0.0,0
689890ed-dc08-4e62-952c-22c9902b23db,b30a4759-4017-4c73-a262-ebb3da889ea2,0.5880887343667556,0.2,13.0,0.7319435473702172,0.2,0.2824565624064378,0.9351062106319883,1.0,5.0,2.0,1
689890ed-dc08-4e62-952c-22c9902b23db,19e80ef1-4224-4720-a093-1f15d029cdae,0.5880887343667556,0.2,13.0,0.7319435473702172,1.0,0.8175424886601043,0.7192671703216541,0.6,3.0,0.0,1
689890ed-dc08-4e62-952c-22c9902b23db,e3e4e158-1e76-4fc3-a85b-e05b8b8a0ccb,0.5880887343667556,0.2,13.0,0.7319435473702172,0.6,0.639410932283415,0.2933005026004223,0.0,3.0,5.0,1
689890ed-dc08-4e62-952c-22c9902b23db,06497e85-86a1-47f4-bbdd-a5f778924253,0.5880887343667556,0.2,13.0,0.7319435473702172,0.2,0.19052222599951962,0.20137632619118384,0.3,1.0,1.0,0
689890ed-dc08-4e62-952c-22c9902b23db,ad581338-27d8-4935-86c9-5f785bf435c2,0.5880887343667556,0.2,13.0,0.7319435473702172,1.0,0.3943185155107163,0.2811618959132587,0.3,1.0,0.0,0
689890ed-dc08-4e62-952c-22c9902b23db,667e3056-15dd-4db1-8e1b-b615cf4a3827,0.5880887343667556,0.2,13.0,0.7319435473702172,0.6,0.15606825708589728,0.7606037779959967,0.0,5.0,6.0,0
689890ed-dc08-4e62-952c-22c9902b23db,e33220eb-1aa5-4702-8b7f-82096cbf244c,0.5880887343667556,0.2,13.0,0.7319435473702172,0.2,0.8045091416614435,0.9303962480539164,0.0,1.0,1.0,1
689890ed-dc08-4e62-952c-22c9902b23db,015a673e-67b9-4560-949f-f0f29ba09691,0.5880887343667556,0.2,13.0,0.7319435473702172,0.6,0.772469818793257,0.851704139635052,0.0,1.0,1.0,1
689890ed-dc08-4e62-952c-22c9902b23db,cd408280-465f-4896-b05f-85290441236d,0.5880887343667556,0.2,13.0,0.7319435473702172,1.0,0.22129010421141973,0.167964745667194,0.6,0.0,2.0,0
689890ed-dc08-4e62-952c-22c9902b23db,0c914be4-9a3f-42b1-9a0d-7b75e4458ea2,0.5880887343667556,0.2,13.0,0.7319435473702172,0.2,0.6120270413649967,0.8895054166969376,0.3,4.0,4.0,1
689890ed-dc08-4e62-952c-22c9902b23db,dba04d24-2e37-4c46-ae54-9c34510dff1f,0.5880887343667556,0.2,13.0,0.7319435473702172,1.0,0.8419986133538263,0.7052929283686935,0.0,0.0,6.0,0
689890ed-dc08-4e62-952c-22c9902b23db,87a7aeb8-bf34-460e-bb3c-fbe35cf1ef81,0.5880887343667556,0.2,13.0,0.7319435473702172,1.0,0.7885085605778664,0.825897641598029,0.6,4.0,5.0,0
689890ed-dc08-4e62-952c-22c9902b23db,0764c1e1-84c4-4344-814b-56f447356699,0.5880887343667556,0.2,13.0,0.7319435473702172,0.2,0.36478434898577183,0.31372887152086304,0.3,1.0,6.0,1
689890ed-dc08-4e62-952c-22c9902b23db,b7c1594e-c23f-4a6c-b842-737b0c93b147,0.5880887343667556,0.2,13.0,0.7319435473702172,1.0,0.3323463750225212,0.10510906779710338,0.3,3.0,3.0,1
689890ed-dc08-4e62-952c-22c9902b23db,a38cc35a-c8b1-493c-ad3e-67dba34f85e7,0.5880887343667556,0.2,13.0,0.7319435473702172,0.6,0.41036269496507194,0.08761541400278205,0.0,3.0,1.0,1
689890ed-dc08-4e62-952c-22c9902b23db,1c71f507-dfea-4b96-86e6-8a12d5a0d8da,0.5880887343667556,0.2,13.0,0.7319435473702172,1.0,0.9354478790984506,0.6224732640307242,0.0,3.0,2.0,1
689890ed-dc08-4e62-952c-22c9902b23db,68ffa0bd-b298-4476-a51a-141035550fd6,0.5880887343667556,0.2,13.0,0.7319435473702172,1.0,0.7873450415195071,0.20198131932556307,0.3,4.0,1.0,1
689890ed-dc08-4e62-952c-22c9902b23db,c0fc8404-31a2-4e51-8d19-2dec5d8f3a52,0.5880887343667556,0.2,13.0,0.7319435473702172,1.0,0.7233296207802987,0.9797696833559353,1.0,2.0,4.0,0
689890ed-dc08-4e62-952c-22c9902b23db,10061fb7-f1ca-4d39-a324-536b4bc6d836,0.5880887343667556,0.2,13.0,0.7319435473702172,0.2,0.618739880361464,0.7410470610420968,1.0,0.0,5.0,0
689890ed-dc08-4e62-952c-22c9902b23db,f02458a6-6ff7-47a1-8e01-b8ff21f7812d,0.5880887343667556,0.2,13.0,0.7319435473702172,0.2,0.336680938116936,0.2620493339390677,0.6,1.0,4.0,1
689890ed-dc08-4e62-952c-22c9902b23db,d72916bd-ef8f-4502-bba8-725c04f85a5f,0.5880887343667556,0.2,13.0,0.7319435473702172,0.2,0.854828063402321,0.2603597878713769,0.0,1.0,0.0,1
689890ed-dc08-4e62-952c-22c9902b23db,8c20762d-72fc-4a90-9284-b697f6205faa,0.5880887343667556,0.2,13.0,0.7319435473702172,0.2,0.809327370784988,0.46262162923016714,0.6,3.0,1.0,1
689890ed-dc08-4e62-952c-22c9902b23db,18c8f5c0-62d6-4353-8121-04a82ac26ed8,0.5880887343667556,0.2,13.0,0.7319435473702172,1.0,0.14611128000847454,0.5869443165834576,0.3,5.0,3.0,0
689890ed-dc08-4e62-952c-22c9902b23db,786a081e-bed1-4dd5-af8f-b24a2969db27,0.5880887343667556,0.2,13.0,0.7319435473702172,1.0,0.2204606202831086,0.8790686327551894,0.6,5.0,6.0,1
accfc201-a33c-403d-93e8-69149759f7f5,87a7aeb8-bf34-460e-bb3c-fbe35cf1ef81,0.46540169398577924,1.0,5.0,0.6924119327611045,1.0,0.7885085605778664,0.825897641598029,0.6,0.0,2.0,0
accfc201-a33c-403d-93e8-69149759f7f5,9d28a4ed-19ea-45ff-8c87-cd755a39633c,0.46540169398577924,1.0,5.0,0.6924119327611045,1.0,0.9699569764835101,0.3864034459374597,1.0,5.0,5.0,1
accfc201-a33c-403d-93e8-69149759f7f5,fe09dd6a-bc95-42e6-bb3c-61d404a20200,0.46540169398577924,1.0,5.0,0.6924119327611045,0.2,0.852490071939042,0.9956463958670673,0.3,5.0,0.0,1
accfc201-a33c-403d-93e8-69149759f7f5,06f5b296-916f-4c42-aec7-d6f62bba9d9b,0.46540169398577924,1.0,5.0,0.6924119327611045,0.2,0.3223108679637023,0.4183220717622109,1.0,0.0,2.0,0
accfc201-a33c-403d-93e8-69149759f7f5,fc4acfb5-647c-49b2-9c8c-e8b0e4b17239,0.46540169398577924,1.0,5.0,0.6924119327611045,0.6,0.9661698956227394,0.22641288621518874,0.0,5.0,6.0,0
accfc201-a33c-403d-93e8-69149759f7f5,d1505a61-3c3b-4c86-a8ae-c4ab1a296525,0.46540169398577924,1.0,5.0,0.6924119327611045,1.0,0.5383907575441277,0.2096336099684688,0.6,1.0,6.0,0
accfc201-a33c-403d-93e8-69149759f7f5,b008e459-aec4-4940-b0b0-b9521473a99b,0.46540169398577924,1.0,5.0,0.6924119327611045,0.2,0.8465976222683373,0.22635650862391665,1.0,0.0,2.0,1
accfc201-a33c-403d-93e8-69149759f7f5,dfb0809f-a08c-4519-85d0-1f790e6cd5d9,0.46540169398577924,1.0,5.0,0.6924119327611045,1.0,0.12996439027292325,0.8581884567519729,1.0,5.0,2.0,0
accfc201-a33c-403d-93e8-69149759f7f5,425b9a2c-d3c2-418b-8da0-71ea5c07dd63,0.46540169398577924,1.0,5.0,0.6924119327611045,0.2,0.5351171693089606,0.9651204126148089,0.0,3.0,4.0,1
accfc201-a33c-403d-93e8-69149759f7f5,b972f906-99a3-4c64-8a3c-52215d80d34b,0.46540169398577924,1.0,5.0,0.6924119327611045,0.2,0.7557609477960204,0.33890958121625947,0.3,0.0,6.0,1
accfc201-a33c-403d-93e8-69149759f7f5,2270dcd6-f4ba-4acf-b863-271ea249c419,0.46540169398577924,1.0,5.0,0.6924119327611045,0.6,0.888509462672205,0.11768090665028597,0.0,4.0,4.0,1
accfc201-a33c-403d-93e8-69149759f7f5,b7334163-6b0b-4be1-b584-94370f17d451,0.46540169398577924,1.0,5.0,0.6924119327611045,1.0,0.6214743123780008,0.24793030815786732,0.6,1.0,6.0,1
accfc201-a33c-403d-93e8-69149759f7f5,3c045d5e-db0b-42a4-8b36-5a8f0192e0a9,0.46540169398577924,1.0,5.0,0.6924119327611045,0.6,0.9703557392871628,0.4741186336216032,0.3,1.0,4.0,0
accfc201-a33c-403d-93e8-69149759f7f5,1c71f507-dfea-4b96-86e6-8a12d5a0d8da,0.46540169398577924,1.0,5.0,0.6924119327611045,1.0,0.9354478790984506,0.6224732640307242,0.0,3.0,5.0,1
accfc201-a33c-403d-93e8-69149759f7f5,0764c1e1-84c4-4344-814b-56f447356699,0.46540169398577924,1.0,5.0,0.6924119327611045,0.2,0.36478434898577183,0.31372887152086304,0.3,4.0,2.0,0
accfc201-a33c-403d-93e8-69149759f7f5,5145c478-0b39-4ab7-a906-e1b9735ba3ce,0.46540169398577924,1.0,5.0,0.6924119327611045,0.6,0.8786936977058606,0.9587100682359623,1.0,2.0,6.0,1
accfc201-a33c-403d-93e8-69149759f7f5,2767a00e-73cb-4ec0-8f10-1f2685529dd8,0.46540169398577924,1.0,5.0,0.6924119327611045,0.2,0.14774330715500755,0.17529814661096454,0.3,4.0,3.0,1
accfc201-a33c-403d-93e8-69149759f7f5,ad90952f-caf0-425d-8039-7263f702df91,0.46540169398577924,1.0,5.0,0.6924119327611045,0.2,0.9254823202465832,0.36840241779614114,0.0,0.0,4.0,0
accfc201-a33c-403d-93e8-69149759f7f5,ef4564ad-37cb-422e-9258-c0dd09e686d8,0.46540169398577924,1.0,5.0,0.6924119327611045,0.6,0.7134305197216956,0.4952020834976343,0.0,1.0,0.0,1
accfc201-a33c-403d-93e8-69149759f7f5,6a24fb3d-8584-44db-80ec-a8943d9d4953,0.46540169398577924,1.0,5.0,0.6924119327611045,0.2,0.7990830790974275,0.6468922285040184,0.6,0.0,2.0,1
accfc201-a33c-403d-93e8-69149759f7f5,9fbecf58-4b47-499b-af70-5be883e292d6,0.46540169398577924,1.0,5.0,0.6924119327611045,1.0,0.6813001709251447,0.40858971174533243,0.0,0.0,2.0,0
accfc201-a33c-403d-93e8-69149759f7f5,06deada8-30c5-413b-9c3c-714dac3f16dc,0.46540169398577924,1.0,5.0,0.6924119327611045,1.0,0.35763710304451657,0.8208832504363414,1.0,5.0,6.0,0
accfc201-a33c-403d-93e8-69149759f7f5,b20bab7d-8fe1-4291-9511-746d551c6381,0.46540169398577924,1.0,5.0,0.6924119327611045,1.0,0.30803403606513613,0.290684856511908,0.0,1.0,6.0,0
accfc201-a33c-403d-93e8-69149759f7f5,b76881f6-7f27-4c43-8ef9-41162752919f,0.46540169398577924,1.0,5.0,0.6924119327611045,1.0,0.440401152269174,0.05205596231391263,0.0,4.0,5.0,0
accfc201-a33c-403d-93e8-69149759f7f5,2fcb1115-b785-4e53-aef6-79c4dbe42cda,0.46540169398577924,1.0,5.0,0.6924119327611045,0.2,0.9505514578919633,0.7971802886027384,0.6,5.0,1.0,0
accfc201-a33c-403d-93e8-69149759f7f5,4c734813-4a8a-4ce6-81e5-fc4a2a5db3a2,0.46540169398577924,1.0,5.0,0.6924119327611045,0.6,0.10056769438917118,0.5730262898413426,0.3,1.0,3.0,1
accfc201-a33c-403d-93e8-69149759f7f5,43b70bae-10ef-4dc3-9f9b-b39a1eacb2d1,0.46540169398577924,1.0,5.0,0.6924119327611045,1.0,0.6227481543871835,0.008705213531018718,1.0,5.0,0.0,0
accfc201-a33c-403d-93e8-69149759f7f5,6720ccab-682e-40ac-9103-5e1a7cedc597,0.46540169398577924,1.0,5.0,0.6924119327611045,1.0,0.34528416725327743,0.5038671262185984,1.0,5.0,1.0,1
accfc201-a33c-403d-93e8-69149759f7f5,bf1c16a4-e182-4ecc-8023-e458da60daac,0.46540169398577924,1.0,5.0,0.6924119327611045,1.0,0.24964749169716674,0.6258043806862246,0.6,1.0,6.0,0
accfc201-a33c-403d-93e8-69149759f7f5,0d91a5c8-4b22-4198-b963-be98907527f4,0.46540169398577924,1.0,5.0,0.6924119327611045,0.2,0.36811976533001634,0.7445398250927052,0.0,2.0,6.0,1
accfc201-a33c-403d-93e8-69149759f7f5,be9d36c1-5645-43bf-b29e-f59fe75b58fc,0.46540169398577924,1.0,5.0,0.6924119327611045,0.2,0.9631836571803765,0.9302866275169228,1.0,1.0,4.0,0
accfc201-a33c-403d-93e8-69149759f7f5,cfaac6f7-b976-4661-8cd2-98f3a4e3a281,0.46540169398577924,1.0,5.0,0.6924119327611045,0.2,0.17993656314318568,0.2972789514204549,0.3,5.0,1.0,0
accfc201-a33c-403d-93e8-69149759f7f5,f9e2c26a-8651-45e9-95ac-020bf84e5d87,0.46540169398577924,1.0,5.0,0.6924119327611045,1.0,0.5925107460897749,0.3638178643767461,0.6,5.0,6.0,0
accfc201-a33c-403d-93e8-69149759f7f5,e2cc89a7-6e52-40e3-8411-87a3295c8a0e,0.46540169398577924,1.0,5.0,0.6924119327611045,0.2,0.3237254478661281,0.030381800897473776,0.3,3.0,3.0,1
accfc201-a33c-403d-93e8-69149759f7f5,8d3c9344-6c45-43f7-a583-eb49f1bd7c4b,0.46540169398577924,1.0,5.0,0.6924119327611045,1.0,0.32697303710818776,0.18910296519857916,0.6,3.0,1.0,1
accfc201-a33c-403d-93e8-69149759f7f5,1e7d8873-b56a-4886-a1ad-5de73c350f8e,0.46540169398577924,1.0,5.0,0.6924119327611045,0.6,0.39376459292746124,0.062329554128436215,0.6,1.0,6.0,0
accfc201-a33c-403d-93e8-69149759f7f5,fe09dd6a-bc95-42e6-bb3c-61d404a20200,0.46540169398577924,1.0,5.0,0.6924119327611045,0.2,0.852490071939042,0.9956463958670673,0.3,1.0,6.0,0
accfc201-a33c-403d-93e8-69149759f7f5,d1505a61-3c3b-4c86-a8ae-c4ab1a296525,0.46540169398577924,1.0,5.0,0.6924119327611045,1.0,0.5383907575441277,0.2096336099684688,0.6,4.0,2.0,0
accfc201-a33c-403d-93e8-69149759f7f5,69f0bb17-25d2-40ca-9934-1d66d65b38ec,0.46540169398577924,1.0,5.0,0.6924119327611045,1.0,0.5123580186270776,0.31857910523425825,0.6,3.0,1.0,1
accfc201-a33c-403d-93e8-69149759f7f5,fda140a2-2654-463e-a825-e101e2f7921b,0.46540169398577924,1.0,5.0,0.6924119327611045,0.2,0.3998020556294877,0.9744658783076392,0.0,4.0,2.0,1
eee81634-f9b8-487e-91d7-1342edc3033e,b1ecfa5c-68a1-4a8a-846a-dfb97027e1f6,0.41066491219589574,1.0,0.0,0.44309995941468305,0.6,0.47396075244655456,0.7794108057492125,1.0,1.0,1.0,0
eee81634-f9b8-487e-91d7-1342edc3033e,6bc2f168-7233-41b6-b378-1e91e4060318,0.41066491219589574,1.0,0.0,0.44309995941468305,0.6,0.8903489988595626,0.4493952204847722,0.6,1.0,5.0,1
eee81634-f9b8-487e-91d7-1342edc3033e,015a673e-67b9-4560-949f-f0f29ba09691,0.41066491219589574,1.0,0.0,0.44309995941468305,0.6,0.772469818793257,0.851704139635052,0.0,4.0,5.0,1
eee81634-f9b8-487e-91d7-1342edc3033e,8c822518-d0dc-460d-93c7-d9d033a078ba,0.41066491219589574,1.0,0.0,0.44309995941468305,1.0,0.5475099359609544,0.9553256935848943,1.0,3.0,5.0,0
eee81634-f9b8-487e-91d7-1342edc3033e,eab77546-5660-4b6f-8ed6-d113d4c924cb,0.41066491219589574,1.0,0.0,0.44309995941468305,0.6,0.6257718626796875,0.29583808895330166,0.0,3.0,2.0,0
eee81634-f9b8-487e-91d7-1342edc3033e,85736eaa-5d46-446f-bc37-90664659af7c,0.41066491219589574,1.0,0.0,0.44309995941468305,0.2,0.5071632128531129,0.5363921784426651,0.3,3.0,3.0,1
eee81634-f9b8-487e-91d7-1342edc3033e,a17bf541-effa-44fe-bb93-e99cb560a113,0.41066491219589574,1.0,0.0,0.44309995941468305,0.6,0.6843407970867683,0.1004271940167254,0.6,3.0,6.0,1
eee81634-f9b8-487e-91d7-1342edc3033e,8c20762d-72fc-4a90-9284-b697f6205faa,0.41066491219589574,1.0,0.0,0.44309995941468305,0.2,0.809327370784988,0.46262162923016714,0.6,1.0,0.0,0
eee81634-f9b8-487e-91d7-1342edc3033e,90e0e36e-2a3f-4349-b92f-d283a363e309,0.41066491219589574,1.0,0.0,0.44309995941468305,0.6,0.37903438078382046,0.7659731746919894,0.6,0.0,6.0,1
eee81634-f9b8-487e-91d7-1342edc3033e,b1ecfa5c-68a1-4a8a-846a-dfb97027e1f6,0.41066491219589574,1.0,0.0,0.44309995941468305,0.6,0.47396075244655456,0.7794108057492125,1.0,4.0,1.0,0
eee81634-f9b8-487e-91d7-1342edc3033e,1e0eed17-c905-405d-992d-8f226b5d3e6b,0.41066491219589574,1.0,0.0,0.44309995941468305,0.6,0.4397816989523534,0.9351795022685058,0.0,0.0,3.0,0
eee81634-f9b8-487e-91d7-1342edc3033e,78815b00-b8cf-4b53-9b5c-0a0cc08481cf,0.41066491219589574,1.0,0.0,0.44309995941468305,0.6,0.9610158815047943,0.2578843936513069,0.0,4.0,3.0,0
eee81634-f9b8-487e-91d7-1342edc3033e,1e9ac78a-0ad3-4758-94d2-679a7c60a672,0.41066491219589574,1.0,0.0,0.44309995941468305,0.6,0.1486437037821284,0.8157193928134632,0.6,4.0,5.0,0
eee81634-f9b8-487e-91d7-1342edc3033e,225af4bb-7dea-491a-b6ce-984e91ad99bf,0.41066491219589574,1.0,0.0,0.44309995941468305,0.2,0.954287099322196,0.3931698082459284,0.3,5.0,5.0,0
eee81634-f9b8-487e-91d7-1342edc3033e,33aa1631-5d42-4228-84c3-639ac72cf903,0.41066491219589574,1.0,0.0,0.44309995941468305,1.0,0.20605411083785363,0.7031088164784068,0.3,5.0,3.0,0
eee81634-f9b8-487e-91d7-1342edc3033e,c0fc8404-31a2-4e51-8d19-2dec5d8f3a52,0.41066491219589574,1.0,0.0,0.44309995941468305,1.0,0.7233296207802987,0.9797696833559353,1.0,4.0,3.0,0
eee81634-f9b8-487e-91d7-1342edc3033e,3586835a-4f05-4964-8ca1-2138cebf95a6,0.41066491219589574,1.0,0.0,0.44309995941468305,1.0,0.6521758610516846,0.9475221766685487,0.0,4.0,6.0,0
eee81634-f9b8-487e-91d7-1342edc3033e,fe09dd6a-bc95-42e6-bb3c-61d404a20200,0.41066491219589574,1.0,0.0,0.44309995941468305,0.2,0.852490071939042,0.9956463958670673,0.3,2.0,4.0,1
eee81634-f9b8-487e-91d7-1342edc3033e,a8daf424-06ed-42c5-99ea-74a1e01591a9,0.41066491219589574,1.0,0.0,0.44309995941468305,0.6,0.6995840419204985,0.5852213104701965,0.0,2.0,2.0,1
eee81634-f9b8-487e-91d7-1342edc3033e,fda140a2-2654-463e-a825-e101e2f7921b,0.41066491219589574,1.0,0.0,0.44309995941468305,0.2,0.3998020556294877,0.9744658783076392,0.0,5.0,5.0,1
eee81634-f9b8-487e-91d7-1342edc3033e,0279e518-1bb2-4b7d-adb3-74104bab7995,0.41066491219589574,1.0,0.0,0.44309995941468305,1.0,0.48298817741352884,0.6867808649438274,0.6,1.0,4.0,1
eee81634-f9b8-487e-91d7-1342edc3033e,ae260348-9d86-49fc-b010-b38655f0aa4c,0.41066491219589574,1.0,0.0,0.44309995941468305,0.6,0.6156726777562007,0.7631540220976764,0.3,5.0,3.0,0
eee81634-f9b8-487e-91d7-1342edc3033e,290546aa-9a27-44b0-96cf-1cbe5de0ac63,0.41066491219589574,1.0,0.0,0.44309995941468305,0.2,0.8840031953521331,0.909469052204089,0.3,4.0,2.0,1
eee81634-f9b8-487e-91d7-1342edc3033e,bf1c16a4-e182-4ecc-8023-e458da60daac,0.41066491219589574,1.0,0.0,0.44309995941468305,1.0,0.24964749169716674,0.6258043806862246,0.6,3.0,0.0,0
eee81634-f9b8-487e-91d7-1342edc3033e,8d3c9344-6c45-43f7-a583-eb49f1bd7c4b,0.41066491219589574,1.0,0.0,0.44309995941468305,1.0,0.32697303710818776,0.18910296519857916,0.6,2.0,5.0,1
eee81634-f9b8-487e-91d7-1342edc3033e,78815b00-b8cf-4b53-9b5c-0a0cc08481cf,0.41066491219589574,1.0,0.0,0.44309995941468305,0.6,0.9610158815047943,0.2578843936513069,0.0,5.0,4.0,1
eee81634-f9b8-487e-91d7-1342edc3033e,775861d5-545e-4ddf-b332-3aabb9bd0e76,0.41066491219589574,1.0,0.0,0.44309995941468305,1.0,0.8513642364331833,0.05300666587800451,0.6,0.0,4.0,0
eee81634-f9b8-487e-91d7-1342edc3033e,0b449292-cc57-4b11-94d1-9d0d6fdf931d,0.41066491219589574,1.0,0.0,0.44309995941468305,0.2,0.24562239677446035,0.4286144615110886,0.6,2.0,0.0,1
eee81634-f9b8-487e-91d7-1342edc3033e,8d3c9344-6c45-43f7-a583-eb49f1bd7c4b,0.41066491219589574,1.0,0.0,0.44309995941468305,1.0,0.32697303710818776,0.18910296519857916,0.6,4.0,5.0,0
eee81634-f9b8-487e-91d7-1342edc3033e,8c20762d-72fc-4a90-9284-b697f6205faa,0.41066491219589574,1.0,0.0,0.44309995941468305,0.2,0.809327370784988,0.46262162923016714,0.6,4.0,6.0,0
eee81634-f9b8-487e-91d7-1342edc3033e,c192b11f-4447-40a2-80a6-390cd362dfa5,0.41066491219589574,1.0,0.0,0.44309995941468305,1.0,0.7363853294533637,0.9004772949138748,0.6,4.0,4.0,0
eee81634-f9b8-487e-91d7-1342edc3033e,1b648ad6-0817-4f80-a7aa-9a94a583454e,0.41066491219589574,1.0,0.0,0.44309995941468305,1.0,0.9167464792916038,0.10114468166917334,0.0,4.0,1.0,0
eee81634-f9b8-487e-91d7-1342edc3033e,6670ddb8-85fa-45e6-9af6-91adbac350a8,0.41066491219589574,1.0,0.0,0.44309995941468305,1.0,0.5273671033049591,0.12936862090556023,0.0,0.0,2.0,1
eee81634-f9b8-487e-91d7-1342edc3033e,86df6ab5-0a91-4c31-ae77-b6a97acaa3b6,0.41066491219589574,1.0,0.0,0.44309995941468305,0.2,0.6626325512293207,0.22621734088053103,1.0,1.0,3.0,1
eee81634-f9b8-487e-91d7-1342edc3033e,61ae4cd0-4feb-4315-9993-55959a8ab125,0.41066491219589574,1.0,0.0,0.44309995941468305,0.6,0.5247340762216478,0.34315624408831924,0.0,3.0,2.0,0
eee81634-f9b8-487e-91d7-1342edc3033e,dd77c881-c04d-4f99-9177-d94ef20adb4f,0.41066491219589574,1.0,0.0,0.44309995941468305,0.6,0.616612541041993,0.6647291139113415,0.0,4.0,1.0,0
eee81634-f9b8-487e-91d7-1342edc3033e,68ffa0bd-b298-4476-a51a-141035550fd6,0.41066491219589574,1.0,0.0,0.44309995941468305,1.0,0.7873450415195071,0.20198131932556307,0.3,4.0,0.0,1
eee81634-f9b8-487e-91d7-1342edc3033e,015a673e-67b9-4560-949f-f0f29ba09691,0.41066491219589574,1.0,0.0,0.44309995941468305,0.6,0.772469818793257,0.851704139635052,0.0,4.0,4.0,0
eee81634-f9b8-487e-91d7-1342edc3033e,6c5eaa38-0652-4762-8f1b-fcb80dbf8936,0.41066491219589574,1.0,0.0,0.44309995941468305,0.6,0.23950518641691337,0.7304636636619138,0.6,2.0,3.0,0
eee81634-f9b8-487e-91d7-1342edc3033e,1dbb57c0-dbf1-4996-b33e-610ff0e1a4c5,0.41066491219589574,1.0,0.0,0.44309995941468305,0.2,0.6520298599863723,0.91316722678243,1.0,1.0,4.0,1
3bae9798-f04f-47d4-b363-4a6e053d6907,fe560b2d-9461-419f-952d-3526d1d58cc6,0.34712787941784934,1.0,19.0,0.7237644989624574,1.0,0.582611192457266,0.5549319795003286,0.0,4.0,2.0,0
3bae9798-f04f-47d4-b363-4a6e053d6907,6a217f2a-6a27-417d-a68f-a01e2a149c82,0.34712787941784934,1.0,19.0,0.7237644989624574,1.0,0.6505590801619944,0.0878064055229939,0.6,1.0,3.0,0
3bae9798-f04f-47d4-b363-4a6e053d6907,b404278c-bd4e-43f3-b805-2473f7c0eb3d,0.34712787941784934,1.0,19.0,0.7237644989624574,0.6,0.2463507248368063,0.8830515088702483,0.3,0.0,1.0,1
3bae9798-f04f-47d4-b363-4a6e053d6907,3e875754-69cd-4fee-94a5-57d6da42ef91,0.34712787941784934,1.0,19.0,0.7237644989624574,0.2,0.2450411346868676,0.8598019829721676,0.3,5.0,3.0,0
3bae9798-f04f-47d4-b363-4a6e053d6907,df3f8908-754b-4f66-b4a5-0f54f1bbdef1,0.34712787941784934,1.0,19.0,0.7237644989624574,0.2,0.9006532918063022,0.624832175706485,0.6,5.0,1.0,0
3bae9798-f04f-47d4-b363-4a6e053d6907,68ffa0bd-b298-4476-a51a-141035550fd6,0.34712787941784934,1.0,19.0,0.7237644989624574,1.0,0.7873450415195071,0.20198131932556307,0.3,3.0,2.0,0
3bae9798-f04f-47d4-b363-4a6e053d6907,2a4e6f6f-8a97-4b0f-8706-b5b5c9a3506e,0.34712787941784934,1.0,19.0,0.7237644989624574,1.0,0.508305717299449,0.5779541132057853,1.0,1.0,6.0,0
3bae9798-f04f-47d4-b363-4a6e053d6907,de80c064-1511-4251-84a5-ba1187978d32,0.34712787941784934,1.0,19.0,0.7237644989624574,1.0,0.37359855622088356,0.32543416209529763,0.0,3.0,3.0,0
3bae9798-f04f-47d4-b363-4a6e053d6907,9ba51c49-9d6a-423a-905e-593237ec3ec2,0.34712787941784934,1.0,19.0,0.7237644989624574,0.2,0.5056427924137512,0.14164644156570538,1.0,5.0,0.0,1
3bae9798-f04f-47d4-b363-4a6e053d6907,684277da-f62a-49f6-b09e-1b7e786c463b,0.34712787941784934,1.0,19.0,0.7237644989624574,1.0,0.457984105173436,0.7791379129900283,0.6,3.0,5.0,1
3bae9798-f04f-47d4-b363-4a6e053d6907,fe09dd6a-bc95-42e6-bb3c-61d404a20200,0.34712787941784934,1.0,19.0,0.7237644989624574,0.2,0.852490071939042,0.9956463958670673,0.3,3.0,2.0,1
3bae9798-f04f-47d4-b363-4a6e053d6907,84c440d3-55ef-46aa-abeb-ca96e8632be9,0.34712787941784934,1.0,19.0,0.7237644989624574,0.6,0.5539423499120992,0.05768859541460958,0.6,2.0,2.0,0
3bae9798-f04f-47d4-b363-4a6e053d6907,d8d30dac-fd61-48d1-8bf9-aa602ff08b1b,0.34712787941784934,1.0,19.0,0.7237644989624574,0.6,0.5193853910130869,0.5025270481245171,0.0,4.0,4.0,1
3bae9798-f04f-47d4-b363-4a6e053d6907,b306c2e8-e14e-48ab-ba50-0a1e2c26a1c9,0.34712787941784934,1.0,19.0,0.7237644989624574,0.2,0.3501289126422822,0.7428895955658196,0.3,5.0,2.0,1
3bae9798-f04f-47d4-b363-4a6e053d6907,5145c478-0b39-4ab7-a906-e1b9735ba3ce,0.34712787941784934,1.0,19.0,0.7237644989624574,0.6,0.8786936977058606,0.9587100682359623,1.0,2.0,1.0,1
3bae9798-f04f-47d4-b363-4a6e053d6907,21197103-286c-4e08-8f2e-e1f0c1aa4b65,0.34712787941784934,1.0,19.0,0.7237644989624574,0.2,0.974231980237957,0.8883695246489081,0.6,1.0,0.0,1
3bae9798-f04f-47d4-b363-4a6e053d6907,5e05eec7-1e62-4d54-96f8-a536e832863a,0.34712787941784934,1.0,19.0,0.7237644989624574,0.2,0.99982637880827,0.7415351340320897,0.0,3.0,1.0,1
3bae9798-f04f-47d4-b363-4a6e053d6907,225af4bb-7dea-491a-b6ce-984e91ad99bf,0.34712787941784934,1.0,19.0,0.7237644989624574,0.2,0.954287099322196,0.3931698082459284,0.3,1.0,6.0,1
3bae9798-f04f-47d4-b363-4a6e053d6907,2fd06511-a2df-41a4-b9b8-72ad25edbef7,0.34712787941784934,1.0,19.0,0.7237644989624574,1.0,0.8121414643536927,0.9186858244934103,0.3,1.0,1.0,0
3bae9798-f04f-47d4-b363-4a6e053d6907,de80c064-1511-4251-84a5-ba1187978d32,0.34712787941784934,1.0,19.0,0.7237644989624574,1.0,0.37359855622088356,0.32543416209529763,0.0,3.0,6.0,0
3bae9798-f04f-47d4-b363-4a6e053d6907,9ba51c49-9d6a-423a-905e-593237ec3ec2,0.34712787941784934,1.0,19.0,0.7237644989624574,0.2,0.5056427924137512,0.14164644156570538,1.0,3.0,2.0,0
3bae9798-f04f-47d4-b363-4a6e053d6907,4590aaee-b789-46de-a082-c6807a962ec2,0.34712787941784934,1.0,19.0,0.7237644989624574,1.0,0.9792453221449127,0.1694110619506124,1.0,2.0,4.0,0
3bae9798-f04f-47d4-b363-4a6e053d6907,f9e2c26a-8651-45e9-95ac-020bf84e5d87,0.34712787941784934,1.0,19.0,0.7237644989624574,1.0,0.5925107460897749,0.3638178643767461,0.6,0.0,6.0,1
3bae9798-f04f-47d4-b363-4a6e053d6907,35fc8989-8da0-422f-a619-1517d94a5ef1,0.34712787941784934,1.0,19.0,0.7237644989624574,0.6,0.53636942704019,0.22090661672949963,1.0,2.0,0.0,1
3bae9798-f04f-47d4-b363-4a6e053d6907,34df5d01-15ed-49be-beaf-1edba5ce73f3,0.34712787941784934,1.0,19.0,0.7237644989624574,0.2,0.570771685431961,0.8647552667165631,0.3,2.0,2.0,1
3bae9798-f04f-47d4-b363-4a6e053d6907,768074f2-fa60-4a87-b7e9-0fe45c042ba8,0.34712787941784934,1.0,19.0,0.7237644989624574,0.6,0.44816631031351084,0.885378023796285,0.0,5.0,6.0,0
3bae9798-f04f-47d4-b363-4a6e053d6907,19d3638b-3623-485e-a7a3-bed4ec53eb28,0.34712787941784934,1.0,19.0,0.7237644989624574,0.2,0.22255292506683805,0.2999183439789205,0.0,5.0,1.0,0
3bae9798-f04f-47d4-b363-4a6e053d6907,34aadaae-a82c-41a6-b6ac-2ab4f11a8047,0.34712787941784934,1.0,19.0,0.7237644989624574,0.2,0.11867463394112543,0.26611592959755015,0.6,0.0,5.0,1
3bae9798-f04f-47d4-b363-4a6e053d6907,8ab6ed8b-51d4-454f-85f3-3f6b976bb994,0.34712787941784934,1.0,19.0,0.7237644989624574,1.0,0.28732703598303644,0.30524872168293893,0.3,5.0,3.0,0
3bae9798-f04f-47d4-b363-4a6e053d6907,8155e67e-e6b6-4564-9fbc-a422dfbb4728,0.34712787941784934,1.0,19.0,0.7237644989624574,0.2,0.3282195111753295,0.7588859461800079,0.0,4.0,5.0,1
3bae9798-f04f-47d4-b363-4a6e053d6907,dbb00897-88a6-4e66-bf2b-d540c730bdb9,0.34712787941784934,1.0,19.0,0.7237644989624574,0.6,0.9518329178984374,0.4047620165937216,0.0,4.0,2.0,1
3bae9798-f04f-47d4-b363-4a6e053d6907,4590aaee-b789-46de-a082-c6807a962ec2,0.34712787941784934,1.0,19.0,0.7237644989624574,1.0,0.9792453221449127,0.1694110619506124,1.0,1.0,1.0,1
3bae9798-f04f-47d4-b363-4a6e053d6907,dbb00897-88a6-4e66-bf2b-d540c730bdb9,0.34712787941784934,1.0,19.0,0.7237644989624574,0.6,0.9518329178984374,0.4047620165937216,0.0,1.0,5.0,1
3bae9798-f04f-47d4-b363-4a6e053d6907,1f1d5ce2-33eb-44b8-b139-1507fb4718cc,0.34712787941784934,1.0,19.0,0.7237644989624574,1.0,0.5291681488699617,0.6223076451667475,0.0,4.0,2.0,0
3bae9798-f04f-47d4-b363-4a6e053d6907,d62328c7-3c09-4bff-896a-238934dcedc8,0.34712787941784934,1.0,19.0,0.7237644989624574,0.2,0.5544033125310288,0.572254789610878,1.0,0.0,0.0,1
3bae9798-f04f-47d4-b363-4a6e053d6907,b404278c-bd4e-43f3-b805-2473f7c0eb3d,0.34712787941784934,1.0,19.0,0.7237644989624574,0.6,0.2463507248368063,0.8830515088702483,0.3,2.0,2.0,1
3bae9798-f04f-47d4-b363-4a6e053d6907,06497e85-86a1-47f4-bbdd-a5f778924253,0.34712787941784934,1.0,19.0,0.7237644989624574,0.2,0.19052222599951962,0.20137632619118384,0.3,2.0,2.0,0
3bae9798-f04f-47d4-b363-4a6e053d6907,b67ddff0-7385-4797-a300-4a5924cf13c8,0.34712787941784934,1.0,19.0,0.7237644989624574,1.0,0.3295857149138473,0.12338020427621188,1.0,2.0,6.0,0
3bae9798-f04f-47d4-b363-4a6e053d6907,eab77546-5660-4b6f-8ed6-d113d4c924cb,0.34712787941784934,1.0,19.0,0.7237644989624574,0.6,0.6257718626796875,0.29583808895330166,0.0,5.0,5.0,1
3bae9798-f04f-47d4-b363-4a6e053d6907,c2aa2f4b-31d0-4751-b78b-9bc94a917dd3,0.34712787941784934,1.0,19.0,0.7237644989624574,0.2,0.9632839642542039,0.47862263242291936,0.3,0.0,2.0,0
af70b078-3ba1-494b-82e5-52cea2d67179,8618c927-9c33-4057-8bfe-9828bd93601a,0.5254917331729099,0.6,6.0,0.6089391974996696,0.6,0.22804722680585615,0.021203888490483047,0.6,3.0,1.0,0
af70b078-3ba1-494b-82e5-52cea2d67179,fe09dd6a-bc95-42e6-bb3c-61d404a20200,0.5254917331729099,0.6,6.0,0.6089391974996696,0.2,0.852490071939042,0.9956463958670673,0.3,0.0,2.0,1
af70b078-3ba1-494b-82e5-52cea2d67179,c4200dd0-0628-49ac-a3d4-9cafb23a3f7c,0.5254917331729099,0.6,6.0,0.6089391974996696,0.6,0.23204019132352335,0.14567973078804342,0.3,1.0,1.0,1
af70b078-3ba1-494b-82e5-52cea2d67179,d1505a61-3c3b-4c86-a8ae-c4ab1a296525,0.5254917331729099,0.6,6.0,0.6089391974996696,1.0,0.5383907575441277,0.2096336099684688,0.6,0.0,5.0,0
af70b078-3ba1-494b-82e5-52cea2d67179,ab31027b-1533-4573-87ee-591c4e74f603,0.5254917331729099,0.6,6.0,0.6089391974996696,0.2,0.13414284675556443,0.8188515466757538,1.0,4.0,1.0,1
af70b078-3ba1-494b-82e5-52cea2d67179,8ed783a1-387d-4717-b5f7-15de4d9164c0,0.5254917331729099,0.6,6.0,0.6089391974996696,1.0,0.6957695377284588,0.9476351583956032,0.0,4.0,4.0,0
af70b078-3ba1-494b-82e5-52cea2d67179,b675fdc1-c9db-4f65-ad76-cb5d41d88b8a,0.5254917331729099,0.6,6.0,0.6089391974996696,0.2,0.6871950997280843,0.6183737144963264,0.0,0.0,2.0,1
af70b078-3ba1-494b-82e5-52cea2d67179,bcc862ed-ee8c-4519-bd6f-df3684168181,0.5254917331729099,0.6,6.0,0.6089391974996696,1.0,0.9327717807626915,0.3397410335113047,0.3,1.0,0.0,0
af70b078-3ba1-494b-82e5-52cea2d67179,61f8b793-eb21-415f-be6a-1dace64c1dab,0.5254917331729099,0.6,6.0,0.6089391974996696,0.2,0.5789373941878594,0.5534783138488689,0.0,2.0,5.0,1
af70b078-3ba1-494b-82e5-52cea2d67179,15ffb6f4-0363-4611-afec-93fefe2ffd83,0.5254917331729099,0.6,6.0,0.6089391974996696,0.2,0.9223427256162328,0.7798431272433336,0.3,5.0,2.0,0
af70b078-3ba1-494b-82e5-52cea2d67179,7e095f22-5248-4ba3-b91c-aefd7470fd6a,0.5254917331729099,0.6,6.0,0.6089391974996696,0.6,0.520298671705361,0.6766771512956176,0.3,2.0,5.0,0
af70b078-3ba1-494b-82e5-52cea2d67179,319d65cc-35fb-4fd2-8d36-0aaeae8c1599,0.5254917331729099,0.6,6.0,0.6089391974996696,0.2,0.3492163442071033,0.6358648613159886,0.3,0.0,0.0,0
af70b078-3ba1-494b-82e5-52cea2d67179,df3f8908-754b-4f66-b4a5-0f54f1bbdef1,0.5254917331729099,0.6,6.0,0.6089391974996696,0.2,0.9006532918063022,0.624832175706485,0.6,3.0,5.0,1
af70b078-3ba1-494b-82e5-52cea2d67179,e33220eb-1aa5-4702-8b7f-82096cbf244c,0.5254917331729099,0.6,6.0,0.6089391974996696,0.2,0.8045091416614435,0.9303962480539164,0.0,3.0,0.0,1
af70b078-3ba1-494b-82e5-52cea2d67179,87a7aeb8-bf34-460e-bb3c-fbe35cf1ef81,0.5254917331729099,0.6,6.0,0.6089391974996696,1.0,0.7885085605778664,0.825897641598029,0.6,1.0,4.0,0
af70b078-3ba1-494b-82e5-52cea2d67179,94f447d1-ce40-4abc-9492-1b4fa652cdf8,0.5254917331729099,0.6,6.0,0.6089391974996696,0.2,0.7747992350688047,0.24068147068829215,1.0,2.0,1.0,1
af70b078-3ba1-494b-82e5-52cea2d67179,8e97dadb-1a1b-42b9-ab2b-901aa2169415,0.5254917331729099,0.6,6.0,0.6089391974996696,0.6,0.4258214568056816,0.9395878832020562,1.0,2.0,3.0,1
af70b078-3ba1-494b-82e5-52cea2d67179,09a8b01c-9886-431b-860f-484d959f9fd8,0.5254917331729099,0.6,6.0,0.6089391974996696,0.2,0.7949409365509817,0.650881327422057,0.0,0.0,4.0,1
af70b078-3ba1-494b-82e5-52cea2d67179,965ef1a3-f422-4510-af75-d3f89e3642dd,0.5254917331729099,0.6,6.0,0.6089391974996696,1.0,0.4273005359792914,0.6938722867459519,0.6,5.0,0.0,0
af70b078-3ba1-494b-82e5-52cea2d67179,cfaac6f7-b976-4661-8cd2-98f3a4e3a281,0.5254917331729099,0.6,6.0,0.6089391974996696,0.2,0.17993656314318568,0.2972789514204549,0.3,2.0,3.0,1
af70b078-3ba1-494b-82e5-52cea2d67179,5e04770f-4a25-48a2-ad93-cef1ed97d455,0.5254917331729099,0.6,6.0,0.6089391974996696,1.0,0.6810890391339975,0.862719881758954,0.3,5.0,5.0,1
af70b078-3ba1-494b-82e5-52cea2d67179,d879a756-cb6b-4026-a00a-656051801b5f,0.5254917331729099,0.6,6.0,0.6089391974996696,1.0,0.19670829855613808,0.6495454402345533,1.0,4.0,4.0,0
af70b078-3ba1-494b-82e5-52cea2d67179,5c628898-abde-4c5b-8dc9-253bfab0c323,0.5254917331729099,0.6,6.0,0.6089391974996696,0.6,0.29562602483866546,0.8882279982692427,0.3,1.0,5.0,1
af70b078-3ba1-494b-82e5-52cea2d67179,2fcb1115-b785-4e53-aef6-79c4dbe42cda,0.5254917331729099,0.6,6.0,0.6089391974996696,0.2,0.9505514578919633,0.7971802886027384,0.6,4.0,2.0,0
af70b078-3ba1-494b-82e5-52cea2d67179,8d3c9344-6c45-43f7-a583-eb49f1bd7c4b,0.5254917331729099,0.6,6.0,0.6089391974996696,1.0,0.32697303710818776,0.18910296519857916,0.6,4.0,2.0,0
af70b078-3ba1-494b-82e5-52cea2d67179,9f7ae8c9-dc90-4236-adb6-2109245d9021,0.5254917331729099,0.6,6.0,0.6089391974996696,0.6,0.8963101399292399,0.12506351553810924,0.0,3.0,2.0,0
af70b078-3ba1-494b-82e5-52cea2d67179,ab31027b-1533-4573-87ee-591c4e74f603,0.5254917331729099,0.6,6.0,0.6089391974996696,0.2,0.13414284675556443,0.8188515466757538,1.0,1.0,4.0,0
af70b078-3ba1-494b-82e5-52cea2d67179,4ae5516d-8df6-4ce0-a1a2-7fe96b97c4ed,0.5254917331729099,0.6,6.0,0.6089391974996696,0.6,0.7394686693887754,0.3658730909863124,0.3,1.0,1.0,0
af70b078-3ba1-494b-82e5-52cea2d67179,c2aa2f4b-31d0-4751-b78b-9bc94a917dd3,0.5254917331729099,0.6,6.0,0.6089391974996696,0.2,0.9632839642542039,0.47862263242291936,0.3,5.0,4.0,0
af70b078-3ba1-494b-82e5-52cea2d67179,3ceffdd1-05b8-4296-8ead-87aa963b9836,0.5254917331729099,0.6,6.0,0.6089391974996696,1.0,0.4937077765458606,0.9078087859837904,0.3,1.0,2.0,1
af70b078-3ba1-494b-82e5-52cea2d67179,74148153-f45d-4239-a353-bd87a356743e,0.5254917331729099,0.6,6.0,0.6089391974996696,0.6,0.6999994035333063,0.6902791079691951,0.6,0.0,3.0,1
af70b078-3ba1-494b-82e5-52cea2d67179,8c20762d-72fc-4a90-9284-b697f6205faa,0.5254917331729099,0.6,6.0,0.6089391974996696,0.2,0.809327370784988,0.46262162923016714,0.6,4.0,2.0,1
af70b078-3ba1-494b-82e5-52cea2d67179,666c606e-4a7f-4e66-9fac-fbc0339d13f8,0.5254917331729099,0.6,6.0,0.6089391974996696,1.0,0.9652102148867648,0.8330892916579566,0.3,0.0,6.0,0
af70b078-3ba1-494b-82e5-52cea2d67179,b85c5447-3934-4a5f-a2ea-5cf406ba1386,0.5254917331729099,0.6,6.0,0.6089391974996696,0.2,0.7359215878835874,0.20471404262800852,1.0,3.0,6.0,1
af70b078-3ba1-494b-82e5-52cea2d67179,f2b47773-ae1a-4e1a-83d1-6e1190805e45,0.5254917331729099,0.6,6.0,0.6089391974996696,0.2,0.47451581704366996,0.8941437054017293,0.0,4.0,0.0,0
af70b078-3ba1-494b-82e5-52cea2d67179,c4200dd0-0628-49ac-a3d4-9cafb23a3f7c,0.5254917331729099,0.6,6.0,0.6089391974996696,0.6,0.23204019132352335,0.14567973078804342,0.3,1.0,4.0,0
af70b078-3ba1-494b-82e5-52cea2d67179,79cb3b8e-aafa-418e-97aa-f7fdcb3d6c58,0.5254917331729099,0.6,6.0,0.6089391974996696,0.2,0.3730266808058288,0.7752357696427774,0.3,0.0,6.0,1
af70b078-3ba1-494b-82e5-52cea2d67179,694b0a7e-d4bd-489d-991e-0fc7e0b7eae9,0.5254917331729099,0.6,6.0,0.6089391974996696,0.6,0.3343722183141432,0.2359196929431705,1.0,4.0,0.0,0
af70b078-3ba1-494b-82e5-52cea2d67179,2f2c32fa-6e32-4764-b476-b6f9b3cc5cd7,0.5254917331729099,0.6,6.0,0.6089391974996696,0.2,0.13396258547827183,0.29306867008666404,0.0,0.0,6.0,0
af70b078-3ba1-494b-82e5-52cea2d67179,8d8bd000-8a84-4c8b-bdc8-797008544155,0.5254917331729099,0.6,6.0,0.6089391974996696,1.0,0.14606305453676433,0.13377939697072627,0.0,5.0,6.0,1
7523b728-4e2c-4bd3-a9a4-79b151ed6e17,dd23fd07-88e1-462e-bc3b-00e51b7428ff,0.7556147793742014,1.0,5.0,0.7270805959987374,0.2,0.9167390499607783,0.453942637731402,1.0,4.0,0.0,1
7523b728-4e2c-4bd3-a9a4-79b151ed6e17,b85c5447-3934-4a5f-a2ea-5cf406ba1386,0.7556147793742014,1.0,5.0,0.7270805959987374,0.2,0.7359215878835874,0.20471404262800852,1.0,3.0,4.0,0
7523b728-4e2c-4bd3-a9a4-79b151ed6e17,e02821d5-6c11-48d3-9e5a-ab797cf10dfd,0.7556147793742014,1.0,5.0,0.7270805959987374,0.2,0.30278131508958317,0.8518530351666224,0.6,0.0,5.0,1
7523b728-4e2c-4bd3-a9a4-79b151ed6e17,0b449292-cc57-4b11-94d1-9d0d6fdf931d,0.7556147793742014,1.0,5.0,0.7270805959987374,0.2,0.24562239677446035,0.4286144615110886,0.6,4.0,6.0,0
7523b728-4e2c-4bd3-a9a4-79b151ed6e17,d05c6a73-7fda-4aba-88c3-900cedb6b9a6,0.7556147793742014,1.0,5.0,0.7270805959987374,0.6,0.37465691625557584,0.04502897108590176,0.0,5.0,2.0,0
7523b728-4e2c-4bd3-a9a4-79b151ed6e17,85736eaa-5d46-446f-bc37-90664659af7c,0.7556147793742014,1.0,5.0,0.7270805959987374,0.2,0.5071632128531129,0.5363921784426651,0.3,5.0,5.0,1
7523b728-4e2c-4bd3-a9a4-79b151ed6e17,5939c634-d641-4ed7-8910-517780e88b75,0.7556147793742014,1.0,5.0,0.7270805959987374,0.6,0.7523652503478826,0.6850593430585846,0.3,0.0,0.0,0
7523b728-4e2c-4bd3-a9a4-79b151ed6e17,c0831cb8-2671-4f2e-9498-e74d21da6f33,0.7556147793742014,1.0,5.0,0.7270805959987374,0.2,0.678838712580165,0.49622340240440477,1.0,4.0,3.0,1
7523b728-4e2c-4bd3-a9a4-79b151ed6e17,7b512031-30a6-4d3c-8e53-4acf4b15efd9,0.7556147793742014,1.0,5.0,0.7270805959987374,0.6,0.20961141822392887,0.22555703805048077,1.0,2.0,0.0,1
7523b728-4e2c-4bd3-a9a4-79b151ed6e17,8d8bd000-8a84-4c8b-bdc8-797008544155,0.7556147793742014,1.0,5.0,0.7270805959987374,1.0,0.14606305453676433,0.13377939697072627,0.0,0.0,5.0,0
7523b728-4e2c-4bd3-a9a4-79b151ed6e17,85a991a1-00c2-4f3b-a2f1-2edd3ed3c13b,0.7556147793742014,1.0,5.0,0.7270805959987374,0.6,0.885115810475927,0.053316349790826556,0.3,4.0,5.0,1
7523b728-4e2c-4bd3-a9a4-79b151ed6e17,7c786351-37ac-47a2-9542-40b90f3efee8,0.7556147793742014,1.0,5.0,0.7270805959987374,0.6,0.6561708102091133,0.18646349182808575,0.3,1.0,2.0,1
7523b728-4e2c-4bd3-a9a4-79b151ed6e17,5145c478-0b39-4ab7-a906-e1b9735ba3ce,0.7556147793742014,1.0,5.0,0.7270805959987374,0.6,0.8786936977058606,0.9587100682359623,1.0,0.0,2.0,0
7523b728-4e2c-4bd3-a9a4-79b151ed6e17,be9d36c1-5645-43bf-b29e-f59fe75b58fc,0.7556147793742014,1.0,5.0,0.7270805959987374,0.2,0.9631836571803765,0.9302866275169228,1.0,3.0,1.0,1
7523b728-4e2c-4bd3-a9a4-79b151ed6e17,d91ea030-edc5-4199-b235-b4f2746330e6,0.7556147793742014,1.0,5.0,0.7270805959987374,1.0,0.7413528687367448,0.2371548448306322,0.6,0.0,1.0,0
7523b728-4e2c-4bd3-a9a4-79b151ed6e17,5145c478-0b39-4ab7-a906-e1b9735ba3ce,0.7556147793742014,1.0,5.0,0.7270805959987374,0.6,0.8786936977058606,0.9587100682359623,1.0,4.0,1.0,1
7523b728-4e2c-4bd3-a9a4-79b151ed6e17,e2cc89a7-6e52-40e3-8411-87a3295c8a0e,0.7556147793742014,1.0,5.0,0.7270805959987374,0.2,0.3237254478661281,0.030381800897473776,0.3,5.0,0.0,1
7523b728-4e2c-4bd3-a9a4-79b151ed6e17,4fdb3305-ba7f-45fd-908f-aee1f36874a7,0.7556147793742014,1.0,5.0,0.7270805959987374,0.2,0.9186809012161644,0.8525202868433427,1.0,0.0,2.0,1
7523b728-4e2c-4bd3-a9a4-79b151ed6e17,1e9ac78a-0ad3-4758-94d2-679a7c60a672,0.7556147793742014,1.0,5.0,0.7270805959987374,0.6,0.1486437037821284,0.8157193928134632,0.6,0.0,5.0,1
7523b728-4e2c-4bd3-a9a4-79b151ed6e17,85930d8e-50d0-4f7b-acb8-caaac625dd0e,0.7556147793742014,1.0,5.0,0.7270805959987374,1.0,0.718363556324442,0.8165727833244342,0.6,1.0,4.0,1
7523b728-4e2c-4bd3-a9a4-79b151ed6e17,dbb00897-88a6-4e66-bf2b-d540c730bdb9,0.7556147793742014,1.0,5.0,0.7270805959987374,0.6,0.9518329178984374,0.4047620165937216,0.0,0.0,0.0,1
7523b728-4e2c-4bd3-a9a4-79b151ed6e17,6c5eaa38-0652-4762-8f1b-fcb80dbf8936,0.7556147793742014,1.0,5.0,0.7270805959987374,0.6,0.23950518641691337,0.7304636636619138,0.6,5.0,1.0,0
7523b728-4e2c-4bd3-a9a4-79b151ed6e17,773cb37f-03e9-462d-9f7c-bb397a470391,0.7556147793742014,1.0,5.0,0.7270805959987374,1.0,0.138085119243381,0.17870489763614517,0.6,3.0,1.0,0
7523b728-4e2c-4bd3-a9a4-79b151ed6e17,425b9a2c-d3c2-418b-8da0-71ea5c07dd63,0.7556147793742014,1.0,5.0,0.7270805959987374,0.2,0.5351171693089606,0.9651204126148089,0.0,4.0,3.0,1
7523b728-4e2c-4bd3-a9a4-79b151ed6e17,1e0eed17-c905-405d-992d-8f226b5d3e6b,0.7556147793742014,1.0,5.0,0.7270805959987374,0.6,0.4397816989523534,0.9351795022685058,0.0,0.0,2.0,1
7523b728-4e2c-4bd3-a9a4-79b151ed6e17,ab31027b-1533-4573-87ee-591c4e74f603,0.7556147793742014,1.0,5.0,0.7270805959987374,0.2,0.13414284675556443,0.8188515466757538,1.0,0.0,3.0,1
7523b728-4e2c-4bd3-a9a4-79b151ed6e17,299e9ca4-b5a4-4951-88ff-3985383763f0,0.7556147793742014,1.0,5.0,0.7270805959987374,0.2,0.7548560181125934,0.465904244394832,0.6,0.0,0.0,1
7523b728-4e2c-4bd3-a9a4-79b151ed6e17,c2aa2f4b-31d0-4751-b78b-9bc94a917dd3,0.7556147793742014,1.0,5.0,0.7270805959987374,0.2,0.9632839642542039,0.47862263242291936,0.3,2.0,5.0,1
7523b728-4e2c-4bd3-a9a4-79b151ed6e17,be7b953b-bf68-42e7-957e-b6f8f29af69d,0.7556147793742014,1.0,5.0,0.7270805959987374,1.0,0.6945243897343877,0.4669732371344246,1.0,3.0,6.0,0
7523b728-4e2c-4bd3-a9a4-79b151ed6e17,1448df8a-d98e-4341-b986-a8f8b8a384c2,0.7556147793742014,1.0,5.0,0.7270805959987374,1.0,0.1288249955168966,0.3673497152563451,0.6,0.0,1.0,0
7523b728-4e2c-4bd3-a9a4-79b151ed6e17,8bf86bf8-6510-4e3c-a240-21e3b94e264e,0.7556147793742014,1.0,5.0,0.7270805959987374,0.6,0.9444299160166787,0.9759914132168259,0.0,3.0,1.0,1
7523b728-4e2c-4bd3-a9a4-79b151ed6e17,b7f3f687-720d-4c2e-b765-833d1f628763,0.7556147793742014,1.0,5.0,0.7270805959987374,0.6,0.5040757896213439,0.7654432929579714,0.6,1.0,3.0,0
7523b728-4e2c-4bd3-a9a4-79b151ed6e17,b8a59f9c-9152-4e9d-9227-81b450029be0,0.7556147793742014,1.0,5.0,0.7270805959987374,0.2,0.9082416607735994,0.8438860705844703,1.0,2.0,5.0,1
7523b728-4e2c-4bd3-a9a4-79b151ed6e17,1f1d5ce2-33eb-44b8-b139-1507fb4718cc,0.7556147793742014,1.0,5.0,0.7270805959987374,1.0,0.5291681488699617,0.6223076451667475,0.0,4.0,6.0,0
7523b728-4e2c-4bd3-a9a4-79b151ed6e17,7e095f22-5248-4ba3-b91c-aefd7470fd6a,0.7556147793742014,1.0,5.0,0.7270805959987374,0.6,0.520298671705361,0.6766771512956176,0.3,0.0,4.0,0
7523b728-4e2c-4bd3-a9a4-79b151ed6e17,b7f3f687-720d-4c2e-b765-833d1f628763,0.7556147793742014,1.0,5.0,0.7270805959987374,0.6,0.5040757896213439,0.7654432929579714,0.6,3.0,3.0,0
7523b728-4e2c-4bd3-a9a4-79b151ed6e17,19d3638b-3623-485e-a7a3-bed4ec53eb28,0.7556147793742014,1.0,5.0,0.7270805959987374,0.2,0.22255292506683805,0.2999183439789205,0.0,4.0,1.0,1
7523b728-4e2c-4bd3-a9a4-79b151ed6e17,b76881f6-7f27-4c43-8ef9-41162752919f,0.7556147793742014,1.0,5.0,0.7270805959987374,1.0,0.440401152269174,0.05205596231391263,0.0,4.0,4.0,1
7523b728-4e2c-4bd3-a9a4-79b151ed6e17,9102dfee-3ffe-4500-abcd-856f5c7ba81a,0.7556147793742014,1.0,5.0,0.7270805959987374,0.2,0.14792713695477017,0.6300659561232757,1.0,2.0,0.0,1
7523b728-4e2c-4bd3-a9a4-79b151ed6e17,666c606e-4a7f-4e66-9fac-fbc0339d13f8,0.7556147793742014,1.0,5.0,0.7270805959987374,1.0,0.9652102148867648,0.8330892916579566,0.3,4.0,5.0,1
e205b48f-604d-4f74-880b-2912b683708d,694b0a7e-d4bd-489d-991e-0fc7e0b7eae9,0.3986504834951192,1.0,20.0,0.6954086442899003,0.6,0.3343722183141432,0.2359196929431705,1.0,0.0,3.0,1
e205b48f-604d-4f74-880b-2912b683708d,b85c5447-3934-4a5f-a2ea-5cf406ba1386,0.3986504834951192,1.0,20.0,0.6954086442899003,0.2,0.7359215878835874,0.20471404262800852,1.0,4.0,4.0,0
e205b48f-604d-4f74-880b-2912b683708d,3ddfda87-b4e3-4c16-8683-a4523f15acf2,0.3986504834951192,1.0,20.0,0.6954086442899003,1.0,0.9807055615364045,0.6381156208224877,0.3,2.0,6.0,0
e205b48f-604d-4f74-880b-2912b683708d,9ef9ff12-8bfc-4d55-ba1e-d4fa03792c95,0.3986504834951192,1.0,20.0,0.6954086442899003,0.2,0.482599597367356,0.7341152293318791,0.0,2.0,1.0,0
e205b48f-604d-4f74-880b-2912b683708d,94f447d1-ce40-4abc-9492-1b4fa652cdf8,0.3986504834951192,1.0,20.0,0.6954086442899003,0.2,0.7747992350688047,0.24068147068829215,1.0,4.0,3.0,1
e205b48f-604d-4f74-880b-2912b683708d,68ffa0bd-b298-4476-a51a-141035550fd6,0.3986504834951192,1.0,20.0,0.6954086442899003,1.0,0.7873450415195071,0.20198131932556307,0.3,4.0,1.0,1
e205b48f-604d-4f74-880b-2912b683708d,65c54c61-8bed-4502-891f-54207581973c,0.3986504834951192,1.0,20.0,0.6954086442899003,0.6,0.5609694251913983,0.4769640187588726,1.0,3.0,3.0,1
e205b48f-604d-4f74-880b-2912b683708d,5e04770f-4a25-48a2-ad93-cef1ed97d455,0.3986504834951192,1.0,20.0,0.6954086442899003,1.0,0.6810890391339975,0.862719881758954,0.3,5.0,0.0,0
e205b48f-604d-4f74-880b-2912b683708d,dfb0809f-a08c-4519-85d0-1f790e6cd5d9,0.3986504834951192,1.0,20.0,0.6954086442899003,1.0,0.12996439027292325,0.8581884567519729,1.0,2.0,1.0,0
e205b48f-604d-4f74-880b-2912b683708d,b7f3f687-720d-4c2e-b765-833d1f628763,0.3986504834951192,1.0,20.0,0.6954086442899003,0.6,0.5040757896213439,0.7654432929579714,0.6,0.0,1.0,1
e205b48f-604d-4f74-880b-2912b683708d,b9638733-3416-47d7-b548-7e0af0dbe65f,0.3986504834951192,1.0,20.0,0.6954086442899003,0.2,0.7200468573060492,0.4981514611185579,0.6,2.0,6.0,1
e205b48f-604d-4f74-880b-2912b683708d,2270dcd6-f4ba-4acf-b863-271ea249c419,0.3986504834951192,1.0,20.0,0.6954086442899003,0.6,0.888509462672205,0.11768090665028597,0.0,0.0,5.0,0
e205b48f-604d-4f74-880b-2912b683708d,5e04770f-4a25-48a2-ad93-cef1ed97d455,0.3986504834951192,1.0,20.0,0.6954086442899003,1.0,0.6810890391339975,0.862719881758954,0.3,0.0,4.0,0
e205b48f-604d-4f74-880b-2912b683708d,0b680785-5c4e-4ff3-90da-a95bdb6ddea3,0.3986504834951192,1.0,20.0,0.6954086442899003,1.0,0.9476882864447816,0.37902629176285674,0.0,3.0,1.0,0
e205b48f-604d-4f74-880b-2912b683708d,94f447d1-ce40-4abc-9492-1b4fa652cdf8,0.3986504834951192,1.0,20.0,0.6954086442899003,0.2,0.7747992350688047,0.24068147068829215,1.0,0.0,0.0,1
e205b48f-604d-4f74-880b-2912b683708d,4ba8e189-dadf-4dd5-b53d-7c4e20e6a1b9,0.3986504834951192,1.0,20.0,0.6954086442899003,1.0,0.4261308026245366,0.5885791737632688,0.3,0.0,4.0,1
e205b48f-604d-4f74-880b-2912b683708d,27de15b7-4423-4163-9a52-27eba3556133,0.3986504834951192,1.0,20.0,0.6954086442899003,0.2,0.8025233861040034,0.45458734247358457,0.6,4.0,5.0,0
e205b48f-604d-4f74-880b-2912b683708d,020ff159-4271-4aa5-87f3-9295346f6563,0.3986504834951192,1.0,20.0,0.6954086442899003,0.6,0.31530071999913584,0.1616253953204818,0.0,0.0,5.0,1
e205b48f-604d-4f74-880b-2912b683708d,775861d5-545e-4ddf-b332-3aabb9bd0e76,0.3986504834951192,1.0,20.0,0.6954086442899003,1.0,0.8513642364331833,0.05300666587800451,0.6,4.0,3.0,0
e205b48f-604d-4f74-880b-2912b683708d,b675fdc1-c9db-4f65-ad76-cb5d41d88b8a,0.3986504834951192,1.0,20.0,0.6954086442899003,0.2,0.6871950997280843,0.6183737144963264,0.0,3.0,1.0,0
e205b48f-604d-4f74-880b-2912b683708d,8e97dadb-1a1b-42b9-ab2b-901aa2169415,0.3986504834951192,1.0,20.0,0.6954086442899003,0.6,0.4258214568056816,0.9395878832020562,1.0,3.0,1.0,1
e205b48f-604d-4f74-880b-2912b683708d,b9085332-b2b1-4b72-8021-b3b81398ce92,0.3986504834951192,1.0,20.0,0.6954086442899003,0.6,0.33544730729888195,0.5880404702366536,0.6,2.0,6.0,1
e205b48f-604d-4f74-880b-2912b683708d,6e8ca283-10c7-434c-826a-837f38ec5444,0.3986504834951192,1.0,20.0,0.6954086442899003,0.2,0.6513768543337128,0.6342982912007427,1.0,5.0,5.0,1
e205b48f-604d-4f74-880b-2912b683708d,85a991a1-00c2-4f3b-a2f1-2edd3ed3c13b,0.3986504834951192,1.0,20.0,0.6954086442899003,0.6,0.885115810475927,0.053316349790826556,0.3,0.0,4.0,1
e205b48f-604d-4f74-880b-2912b683708d,5c1d0582-adee-41cb-bbe3-230e78acd299,0.3986504834951192,1.0,20.0,0.6954086442899003,0.6,0.13442713841525677,0.8039132575143135,1.0,2.0,3.0,1
e205b48f-604d-4f74-880b-2912b683708d,e33220eb-1aa5-4702-8b7f-82096cbf244c,0.3986504834951192,1.0,20.0,0.6954086442899003,0.2,0.8045091416614435,0.9303962480539164,0.0,1.0,0.0,1
e205b48f-604d-4f74-880b-2912b683708d,c0fc8404-31a2-4e51-8d19-2dec5d8f3a52,0.3986504834951192,1.0,20.0,0.6954086442899003,1.0,0.7233296207802987,0.9797696833559353,1.0,3.0,5.0,1
e205b48f-604d-4f74-880b-2912b683708d,33aa1631-5d42-4228-84c3-639ac72cf903,0.3986504834951192,1.0,20.0,0.6954086442899003,1.0,0.20605411083785363,0.7031088164784068,0.3,0.0,0.0,0
e205b48f-604d-4f74-880b-2912b683708d,723b0875-2f5c-406d-91ef-1ef6768c21e1,0.3986504834951192,1.0,20.0,0.6954086442899003,0.6,0.5865033881557733,0.9546606431143135,0.6,3.0,6.0,1
e205b48f-604d-4f74-880b-2912b683708d,8618c927-9c33-4057-8bfe-9828bd93601a,0.3986504834951192,1.0,20.0,0.6954086442899003,0.6,0.22804722680585615,0.021203888490483047,0.6,2.0,1.0,0
e205b48f-604d-4f74-880b-2912b683708d,c4200dd0-0628-49ac-a3d4-9cafb23a3f7c,0.3986504834951192,1.0,20.0,0.6954086442899003,0.6,0.23204019132352335,0.14567973078804342,0.3,0.0,2.0,0
e205b48f-604d-4f74-880b-2912b683708d,c4200dd0-0628-49ac-a3d4-9cafb23a3f7c,0.3986504834951192,1.0,20.0,0.6954086442899003,0.6,0.23204019132352335,0.14567973078804342,0.3,0.0,0.0,1
e205b48f-604d-4f74-880b-2912b683708d,a86f1d29-fc0a-43b2-a5f5-1c81ea61e113,0.3986504834951192,1.0,20.0,0.6954086442899003,0.2,0.5459412758711781,0.9929580634194145,0.6,0.0,0.0,1
e205b48f-604d-4f74-880b-2912b683708d,c2aa2f4b-31d0-4751-b78b-9bc94a917dd3,0.3986504834951192,1.0,20.0,0.6954086442899003,0.2,0.9632839642542039,0.47862263242291936,0.3,0.0,1.0,1
e205b48f-604d-4f74-880b-2912b683708d,74148153-f45d-4239-a353-bd87a356743e,0.3986504834951192,1.0,20.0,0.6954086442899003,0.6,0.6999994035333063,0.6902791079691951,0.6,1.0,1.0,1
e205b48f-604d-4f74-880b-2912b683708d,a32c33b9-2ae0-4565-b4cd-8c363bd2dbb1,0.3986504834951192,1.0,20.0,0.6954086442899003,0.6,0.4675427346881219,0.5919389716094521,0.3,4.0,0.0,1
e205b48f-604d-4f74-880b-2912b683708d,b1ecfa5c-68a1-4a8a-846a-dfb97027e1f6,0.3986504834951192,1.0,20.0,0.6954086442899003,0.6,0.47396075244655456,0.7794108057492125,1.0,5.0,3.0,1
e205b48f-604d-4f74-880b-2912b683708d,99eca1c6-c6f2-4d74-a551-b71f85fad723,0.3986504834951192,1.0,20.0,0.6954086442899003,1.0,0.37557872113137425,0.6908530230033296,0.0,2.0,2.0,0
e205b48f-604d-4f74-880b-2912b683708d,74e91ec2-7e97-4477-a254-e11129eee045,0.3986504834951192,1.0,20.0,0.6954086442899003,1.0,0.4127752338799551,0.9613455666412534,0.3,5.0,3.0,0
e205b48f-604d-4f74-880b-2912b683708d,19e80ef1-4224-4720-a093-1f15d029cdae,0.3986504834951192,1.0,20.0,0.6954086442899003,1.0,0.8175424886601043,0.7192671703216541,0.6,4.0,1.0,0
33a104d6-ca35-4f55-b1a2-0f9a50e12613,e4e6b795-9ea2-4e67-a482-101b379e3dd3,0.26537104005289386,0.2,9.0,0.3797125327978306,0.6,0.7178715876853263,0.49460864618565403,0.0,3.0,6.0,1
33a104d6-ca35-4f55-b1a2-0f9a50e12613,45cea0cf-acbc-4a1c-ae67-7da156ce4e33,0.26537104005289386,0.2,9.0,0.3797125327978306,0.6,0.44790999008794674,0.8240533460888545,0.3,3.0,0.0,1
33a104d6-ca35-4f55-b1a2-0f9a50e12613,35fc8989-8da0-422f-a619-1517d94a5ef1,0.26537104005289386,0.2,9.0,0.3797125327978306,0.6,0.53636942704019,0.22090661672949963,1.0,2.0,2.0,0
33a104d6-ca35-4f55-b1a2-0f9a50e12613,d8d30dac-fd61-48d1-8bf9-aa602ff08b1b,0.26537104005289386,0.2,9.0,0.3797125327978306,0.6,0.5193853910130869,0.5025270481245171,0.0,1.0,2.0,0
33a104d6-ca35-4f55-b1a2-0f9a50e12613,6a217f2a-6a27-417d-a68f-a01e2a149c82,0.26537104005289386,0.2,9.0,0.3797125327978306,1.0,0.6505590801619944,0.0878064055229939,0.6,1.0,2.0,0
33a104d6-ca35-4f55-b1a2-0f9a50e12613,8155e67e-e6b6-4564-9fbc-a422dfbb4728,0.26537104005289386,0.2,9.0,0.3797125327978306,0.2,0.3282195111753295,0.7588859461800079,0.0,0.0,1.0,0
33a104d6-ca35-4f55-b1a2-0f9a50e12613,5b598b97-310b-48b1-a31c-086e59102b7b,0.26537104005289386,0.2,9.0,0.3797125327978306,0.2,0.7003193052156396,0.8859898883469448,0.0,4.0,2.0,0
33a104d6-ca35-4f55-b1a2-0f9a50e12613,8ed783a1-387d-4717-b5f7-15de4d9164c0,0.26537104005289386,0.2,9.0,0.3797125327978306,1.0,0.6957695377284588,0.9476351583956032,0.0,1.0,3.0,1
33a104d6-ca35-4f55-b1a2-0f9a50e12613,b7c1594e-c23f-4a6c-b842-737b0c93b147,0.26537104005289386,0.2,9.0,0.3797125327978306,1.0,0.3323463750225212,0.10510906779710338,0.3,3.0,5.0,0
33a104d6-ca35-4f55-b1a2-0f9a50e12613,35fc8989-8da0-422f-a619-1517d94a5ef1,0.26537104005289386,0.2,9.0,0.3797125327978306,0.6,0.53636942704019,0.22090661672949963,1.0,1.0,3.0,0
33a104d6-ca35-4f55-b1a2-0f9a50e12613,be7b953b-bf68-42e7-957e-b6f8f29af69d,0.26537104005289386,0.2,9.0,0.3797125327978306,1.0,0.6945243897343877,0.4669732371344246,1.0,5.0,4.0,0
33a104d6-ca35-4f55-b1a2-0f9a50e12613,10061fb7-f1ca-4d39-a324-536b4bc6d836,0.26537104005289386,0.2,9.0,0.3797125327978306,0.2,0.618739880361464,0.7410470610420968,1.0,2.0,2.0,1
33a104d6-ca35-4f55-b1a2-0f9a50e12613,015a673e-67b9-4560-949f-f0f29ba09691,0.26537104005289386,0.2,9.0,0.3797125327978306,0.6,0.772469818793257,0.851704139635052,0.0,2.0,0.0,1
33a104d6-ca35-4f55-b1a2-0f9a50e12613,fe560b2d-9461-419f-952d-3526d1d58cc6,0.26537104005289386,0.2,9.0,0.3797125327978306,1.0,0.582611192457266,0.5549319795003286,0.0,4.0,5.0,0
33a104d6-ca35-4f55-b1a2-0f9a50e12613,79cb3b8e-aafa-418e-97aa-f7fdcb3d6c58,0.26537104005289386,0.2,9.0,0.3797125327978306,0.2,0.3730266808058288,0.7752357696427774,0.3,4.0,6.0,0
33a104d6-ca35-4f55-b1a2-0f9a50e12613,015a673e-67b9-4560-949f-f0f29ba09691,0.26537104005289386,0.2,9.0,0.3797125327978306,0.6,0.772469818793257,0.851704139635052,0.0,3.0,6.0,0
33a104d6-ca35-4f55-b1a2-0f9a50e12613,79cb3b8e-aafa-418e-97aa-f7fdcb3d6c58,0.26537104005289386,0.2,9.0,0.3797125327978306,0.2,0.3730266808058288,0.7752357696427774,0.3,3.0,2.0,1
33a104d6-ca35-4f55-b1a2-0f9a50e12613,2fcb1115-b785-4e53-aef6-79c4dbe42cda,0.26537104005289386,0.2,9.0,0.3797125327978306,0.2,0.9505514578919633,0.7971802886027384,0.6,5.0,3.0,0
33a104d6-ca35-4f55-b1a2-0f9a50e12613,e2cc89a7-6e52-40e3-8411-87a3295c8a0e,0.26537104005289386,0.2,9.0,0.3797125327978306,0.2,0.3237254478661281,0.030381800897473776,0.3,0.0,4.0,1
33a104d6-ca35-4f55-b1a2-0f9a50e12613,4923fb26-e583-4c24-ac52-8838a0ed3a98,0.26537104005289386,0.2,9.0,0.3797125327978306,1.0,0.553388277838538,0.7019544741283528,1.0,0.0,4.0,0
33a104d6-ca35-4f55-b1a2-0f9a50e12613,b675fdc1-c9db-4f65-ad76-cb5d41d88b8a,0.26537104005289386,0.2,9.0,0.3797125327978306,0.2,0.6871950997280843,0.6183737144963264,0.0,0.0,4.0,1
33a104d6-ca35-4f55-b1a2-0f9a50e12613,c192b11f-4447-40a2-80a6-390cd362dfa5,0.26537104005289386,0.2,9.0,0.3797125327978306,1.0,0.7363853294533637,0.9004772949138748,0.6,4.0,6.0,1
33a104d6-ca35-4f55-b1a2-0f9a50e12613,be7b953b-bf68-42e7-957e-b6f8f29af69d,0.26537104005289386,0.2,9.0,0.3797125327978306,1.0,0.6945243897343877,0.4669732371344246,1.0,0.0,0.0,0
33a104d6-ca35-4f55-b1a2-0f9a50e12613,eab77546-5660-4b6f-8ed6-d113d4c924cb,0.26537104005289386,0.2,9.0,0.3797125327978306,0.6,0.6257718626796875,0.29583808895330166,0.0,1.0,3.0,0
33a104d6-ca35-4f55-b1a2-0f9a50e12613,78c12d9f-999b-460d-b319-9bd7627866b0,0.26537104005289386,0.2,9.0,0.3797125327978306,0.2,0.5225456025796394,0.35235373770664025,0.3,1.0,6.0,1
33a104d6-ca35-4f55-b1a2-0f9a50e12613,015a673e-67b9-4560-949f-f0f29ba09691,0.26537104005289386,0.2,9.0,0.3797125327978306,0.6,0.772469818793257,0.851704139635052,0.0,2.0,4.0,0
33a104d6-ca35-4f55-b1a2-0f9a50e12613,06f5b296-916f-4c42-aec7-d6f62bba9d9b,0.26537104005289386,0.2,9.0,0.3797125327978306,0.2,0.3223108679637023,0.4183220717622109,1.0,4.0,1.0,0
33a104d6-ca35-4f55-b1a2-0f9a50e12613,eab77546-5660-4b6f-8ed6-d113d4c924cb,0.26537104005289386,0.2,9.0,0.3797125327978306,0.6,0.6257718626796875,0.29583808895330166,0.0,3.0,2.0,1
33a104d6-ca35-4f55-b1a2-0f9a50e12613,b972f906-99a3-4c64-8a3c-52215d80d34b,0.26537104005289386,0.2,9.0,0.3797125327978306,0.2,0.7557609477960204,0.33890958121625947,0.3,1.0,0.0,1
33a104d6-ca35-4f55-b1a2-0f9a50e12613,694b0a7e-d4bd-489d-991e-0fc7e0b7eae9,0.26537104005289386,0.2,9.0,0.3797125327978306,0.6,0.3343722183141432,0.2359196929431705,1.0,5.0,5.0,1
33a104d6-ca35-4f55-b1a2-0f9a50e12613,666c606e-4a7f-4e66-9fac-fbc0339d13f8,0.26537104005289386,0.2,9.0,0.3797125327978306,1.0,0.9652102148867648,0.8330892916579566,0.3,0.0,1.0,1
33a104d6-ca35-4f55-b1a2-0f9a50e12613,85736eaa-5d46-446f-bc37-90664659af7c,0.26537104005289386,0.2,9.0,0.3797125327978306,0.2,0.5071632128531129,0.5363921784426651,0.3,0.0,4.0,1
33a104d6-ca35-4f55-b1a2-0f9a50e12613,c192b11f-4447-40a2-80a6-390cd362dfa5,0.26537104005289386,0.2,9.0,0.3797125327978306,1.0,0.7363853294533637,0.9004772949138748,0.6,5.0,5.0,0
33a104d6-ca35-4f55-b1a2-0f9a50e12613,19e80ef1-4224-4720-a093-1f15d029cdae,0.26537104005289386,0.2,9.0,0.3797125327978306,1.0,0.8175424886601043,0.7192671703216541,0.6,4.0,0.0,0
33a104d6-ca35-4f55-b1a2-0f9a50e12613,06deada8-30c5-413b-9c3c-714dac3f16dc,0.26537104005289386,0.2,9.0,0.3797125327978306,1.0,0.35763710304451657,0.8208832504363414,1.0,0.0,0.0,0
33a104d6-ca35-4f55-b1a2-0f9a50e12613,19d3638b-3623-485e-a7a3-bed4ec53eb28,0.26537104005289386,0.2,9.0,0.3797125327978306,0.2,0.22255292506683805,0.2999183439789205,0.0,0.0,4.0,0
33a104d6-ca35-4f55-b1a2-0f9a50e12613,3ddfda87-b4e3-4c16-8683-a4523f15acf2,0.26537104005289386,0.2,9.0,0.3797125327978306,1.0,0.9807055615364045,0.6381156208224877,0.3,4.0,6.0,1
33a104d6-ca35-4f55-b1a2-0f9a50e12613,230352f2-770a-46c0-abe4-d7625139ab5e,0.26537104005289386,0.2,9.0,0.3797125327978306,0.2,0.6004574087726475,0.5930492421524886,0.0,1.0,5.0,0
33a104d6-ca35-4f55-b1a2-0f9a50e12613,8c20762d-72fc-4a90-9284-b697f6205faa,0.26537104005289386,0.2,9.0,0.3797125327978306,0.2,0.809327370784988,0.46262162923016714,0.6,5.0,4.0,1
33a104d6-ca35-4f55-b1a2-0f9a50e12613,fb36e3d1-7446-45e0-9d41-48f394b60fa9,0.26537104005289386,0.2,9.0,0.3797125327978306,0.6,0.6937735815060089,0.32932384475875576,0.0,5.0,5.0,1
9fcfc3e8-ee72-434f-a709-335a4e86b5bf,69f0bb17-25d2-40ca-9934-1d66d65b38ec,0.33939095290860366,0.2,1.0,0.39587403526268017,1.0,0.5123580186270776,0.31857910523425825,0.6,5.0,2.0,0
9fcfc3e8-ee72-434f-a709-335a4e86b5bf,d1505a61-3c3b-4c86-a8ae-c4ab1a296525,0.33939095290860366,0.2,1.0,0.39587403526268017,1.0,0.5383907575441277,0.2096336099684688,0.6,4.0,3.0,0
9fcfc3e8-ee72-434f-a709-335a4e86b5bf,45cea0cf-acbc-4a1c-ae67-7da156ce4e33,0.33939095290860366,0.2,1.0,0.39587403526268017,0.6,0.44790999008794674,0.8240533460888545,0.3,0.0,0.0,0
9fcfc3e8-ee72-434f-a709-335a4e86b5bf,2fcb1115-b785-4e53-aef6-79c4dbe42cda,0.33939095290860366,0.2,1.0,0.39587403526268017,0.2,0.9505514578919633,0.7971802886027384,0.6,2.0,5.0,1
9fcfc3e8-ee72-434f-a709-335a4e86b5bf,4df46fb7-f407-42f6-a653-9d8438903f61,0.33939095290860366,0.2,1.0,0.39587403526268017,1.0,0.9723558352169928,0.2356344975085155,1.0,5.0,6.0,0
9fcfc3e8-ee72-434f-a709-335a4e86b5bf,4df46fb7-f407-42f6-a653-9d8438903f61,0.33939095290860366,0.2,1.0,0.39587403526268017,1.0,0.9723558352169928,0.2356344975085155,1.0,4.0,0.0,0
9fcfc3e8-ee72-434f-a709-335a4e86b5bf,1e7d8873-b56a-4886-a1ad-5de73c350f8e,0.33939095290860366,0.2,1.0,0.39587403526268017,0.6,0.39376459292746124,0.062329554128436215,0.6,5.0,2.0,1
9fcfc3e8-ee72-434f-a709-335a4e86b5bf,21197103-286c-4e08-8f2e-e1f0c1aa4b65,0.33939095290860366,0.2,1.0,0.39587403526268017,0.2,0.974231980237957,0.8883695246489081,0.6,4.0,6.0,0
9fcfc3e8-ee72-434f-a709-335a4e86b5bf,2e62bb91-bbcc-427c-86f2-60487a06e1ea,0.33939095290860366,0.2,1.0,0.39587403526268017,0.6,0.9970298553106509,0.5346422845071757,0.3,5.0,2.0,0
9fcfc3e8-ee72-434f-a709-335a4e86b5bf,e4e6b795-9ea2-4e67-a482-101b379e3dd3,0.33939095290860366,0.2,1.0,0.39587403526268017,0.6,0.7178715876853263,0.49460864618565403,0.0,2.0,1.0,1
9fcfc3e8-ee72-434f-a709-335a4e86b5bf,299e9ca4-b5a4-4951-88ff-3985383763f0,0.33939095290860366,0.2,1.0,0.39587403526268017,0.2,0.7548560181125934,0.465904244394832,0.6,3.0,0.0,1
9fcfc3e8-ee72-434f-a709-335a4e86b5bf,8e97dadb-1a1b-42b9-ab2b-901aa2169415,0.33939095290860366,0.2,1.0,0.39587403526268017,0.6,0.4258214568056816,0.9395878832020562,1.0,4.0,4.0,0
9fcfc3e8-ee72-434f-a709-335a4e86b5bf,4ba8e189-dadf-4dd5-b53d-7c4e20e6a1b9,0.33939095290860366,0.2,1.0,0.39587403526268017,1.0,0.4261308026245366,0.5885791737632688,0.3,3.0,3.0,0
9fcfc3e8-ee72-434f-a709-335a4e86b5bf,9913533d-faae-4d19-b26f-7d58e0c13607,0.33939095290860366,0.2,1.0,0.39587403526268017,0.6,0.8682957247821264,0.11927861507246895,0.3,0.0,4.0,0
9fcfc3e8-ee72-434f-a709-335a4e86b5bf,5b598b97-310b-48b1-a31c-086e59102b7b,0.33939095290860366,0.2,1.0,0.39587403526268017,0.2,0.7003193052156396,0.8859898883469448,0.0,1.0,5.0,0
9fcfc3e8-ee72-434f-a709-335a4e86b5bf,897e2fd6-d062-4d6b-8350-be1ff289f7d2,0.33939095290860366,0.2,1.0,0.39587403526268017,1.0,0.27839323550003814,0.5426957391813381,1.0,1.0,1.0,0
9fcfc3e8-ee72-434f-a709-335a4e86b5bf,5c628898-abde-4c5b-8dc9-253bfab0c323,0.33939095290860366,0.2,1.0,0.39587403526268017,0.6,0.29562602483866546,0.8882279982692427,0.3,0.0,1.0,1
9fcfc3e8-ee72-434f-a709-335a4e86b5bf,4b00903d-63e9-4414-b21a-341b0a8b4f74,0.33939095290860366,0.2,1.0,0.39587403526268017,0.2,0.6633655398442496,0.5256274218571385,0.0,4.0,2.0,1
9fcfc3e8-ee72-434f-a709-335a4e86b5bf,2270dcd6-f4ba-4acf-b863-271ea249c419,0.33939095290860366,0.2,1.0,0.39587403526268017,0.6,0.888509462672205,0.11768090665028597,0.0,5.0,2.0,0
9fcfc3e8-ee72-434f-a709-335a4e86b5bf,68ffa0bd-b298-4476-a51a-141035550fd6,0.33939095290860366,0.2,1.0,0.39587403526268017,1.0,0.7873450415195071,0.20198131932556307,0.3,5.0,1.0,1
9fcfc3e8-ee72-434f-a709-335a4e86b5bf,f2d9a85b-88a4-4950-96c1-3a460d8c8fab,0.33939095290860366,0.2,1.0,0.39587403526268017,1.0,0.3746902350991088,0.34879260140220214,0.3,2.0,3.0,0
9fcfc3e8-ee72-434f-a709-335a4e86b5bf,e033b700-4879-4d96-af09-314a42b40ec0,0.33939095290860366,0.2,1.0,0.39587403526268017,0.6,0.5265277997852419,0.306413896951497,1.0,4.0,0.0,0
9fcfc3e8-ee72-434f-a709-335a4e86b5bf,ca05174e-a4f7-4654-890c-a2d577d622a4,0.33939095290860366,0.2,1.0,0.39587403526268017,0.6,0.2772344656929614,0.3717860192537389,1.0,4.0,5.0,0
9fcfc3e8-ee72-434f-a709-335a4e86b5bf,b7f3f687-720d-4c2e-b765-833d1f628763,0.33939095290860366,0.2,1.0,0.39587403526268017,0.6,0.5040757896213439,0.7654432929579714,0.6,0.0,5.0,0
9fcfc3e8-ee72-434f-a709-335a4e86b5bf,1e4deb48-10af-482d-89be-a40b3cfa6237,0.33939095290860366,0.2,1.0,0.39587403526268017,0.2,0.45812006017454143,0.5670116153989458,0.0,2.0,4.0,0
9fcfc3e8-ee72-434f-a709-335a4e86b5bf,61ae4cd0-4feb-4315-9993-55959a8ab125,0.33939095290860366,0.2,1.0,0.39587403526268017,0.6,0.5247340762216478,0.34315624408831924,0.0,0.0,0.0,0
9fcfc3e8-ee72-434f-a709-335a4e86b5bf,85f2c72b-1210-493c-bae7-744c4b2353fc,0.33939095290860366,0.2,1.0,0.39587403526268017,0.6,0.5307520434712122,0.17871782093842026,1.0,0.0,2.0,1
9fcfc3e8-ee72-434f-a709-335a4e86b5bf,d879a756-cb6b-4026-a00a-656051801b5f,0.33939095290860366,0.2,1.0,0.39587403526268017,1.0,0.19670829855613808,0.6495454402345533,1.0,1.0,4.0,1
9fcfc3e8-ee72-434f-a709-335a4e86b5bf,29943de0-bf3c-49cd-84da-43ca10216d5a,0.33939095290860366,0.2,1.0,0.39587403526268017,1.0,0.24742902261843305,0.882207830248756,0.0,0.0,0.0,0
9fcfc3e8-ee72-434f-a709-335a4e86b5bf,03be5e2c-49dc-49c9-bf6c-bd633714d57c,0.33939095290860366,0.2,1.0,0.39587403526268017,0.2,0.23003808241798443,0.40233767223870887,0.0,1.0,1.0,0
9fcfc3e8-ee72-434f-a709-335a4e86b5bf,89df2650-7e95-4104-8f42-5cb62ffb481a,0.33939095290860366,0.2,1.0,0.39587403526268017,0.2,0.29630278019401196,0.3424606722909498,0.0,0.0,2.0,1
9fcfc3e8-ee72-434f-a709-335a4e86b5bf,6e8ca283-10c7-434c-826a-837f38ec5444,0.33939095290860366,0.2,1.0,0.39587403526268017,0.2,0.6513768543337128,0.6342982912007427,1.0,4.0,5.0,1
9fcfc3e8-ee72-434f-a709-335a4e86b5bf,4eda28e3-9d9e-4f06-badb-0cb04245ce38,0.33939095290860366,0.2,1.0,0.39587403526268017,0.6,0.2524816678776829,0.7419096525240588,0.6,3.0,6.0,0
9fcfc3e8-ee72-434f-a709-335a4e86b5bf,4923fb26-e583-4c24-ac52-8838a0ed3a98,0.33939095290860366,0.2,1.0,0.39587403526268017,1.0,0.553388277838538,0.7019544741283528,1.0,2.0,3.0,0
9fcfc3e8-ee72-434f-a709-335a4e86b5bf,b7334163-6b0b-4be1-b584-94370f17d451,0.33939095290860366,0.2,1.0,0.39587403526268017,1.0,0.6214743123780008,0.24793030815786732,0.6,5.0,1.0,0
9fcfc3e8-ee72-434f-a709-335a4e86b5bf,b7f3f687-720d-4c2e-b765-833d1f628763,0.33939095290860366,0.2,1.0,0.39587403526268017,0.6,0.5040757896213439,0.7654432929579714,0.6,1.0,6.0,1
9fcfc3e8-ee72-434f-a709-335a4e86b5bf,99eca1c6-c6f2-4d74-a551-b71f85fad723,0.33939095290860366,0.2,1.0,0.39587403526268017,1.0,0.37557872113137425,0.6908530230033296,0.0,0.0,4.0,0
9fcfc3e8-ee72-434f-a709-335a4e86b5bf,85ca56ac-d00f-4985-9a10-09bdbdcf0764,0.33939095290860366,0.2,1.0,0.39587403526268017,1.0,0.7672921606674585,0.4762417440869502,0.3,3.0,5.0,0
9fcfc3e8-ee72-434f-a709-335a4e86b5bf,fe09dd6a-bc95-42e6-bb3c-61d404a20200,0.33939095290860366,0.2,1.0,0.39587403526268017,0.2,0.852490071939042,0.9956463958670673,0.3,5.0,2.0,1
9fcfc3e8-ee72-434f-a709-335a4e86b5bf,230352f2-770a-46c0-abe4-d7625139ab5e,0.33939095290860366,0.2,1.0,0.39587403526268017,0.2,0.6004574087726475,0.5930492421524886,0.0,2.0,4.0,1
315e57fb-cb3b-422b-9fb8-baa78079302f,1e0eed17-c905-405d-992d-8f226b5d3e6b,0.5325954409531636,0.2,14.0,0.5315528087981756,0.6,0.4397816989523534,0.9351795022685058,0.0,4.0,1.0,1
315e57fb-cb3b-422b-9fb8-baa78079302f,85a991a1-00c2-4f3b-a2f1-2edd3ed3c13b,0.5325954409531636,0.2,14.0,0.5315528087981756,0.6,0.885115810475927,0.053316349790826556,0.3,5.0,5.0,0
315e57fb-cb3b-422b-9fb8-baa78079302f,b7c1594e-c23f-4a6c-b842-737b0c93b147,0.5325954409531636,0.2,14.0,0.5315528087981756,1.0,0.3323463750225212,0.10510906779710338,0.3,3.0,3.0,0
315e57fb-cb3b-422b-9fb8-baa78079302f,b7f3f687-720d-4c2e-b765-833d1f628763,0.5325954409531636,0.2,14.0,0.5315528087981756,0.6,0.5040757896213439,0.7654432929579714,0.6,5.0,6.0,1
315e57fb-cb3b-422b-9fb8-baa78079302f,c0fc8404-31a2-4e51-8d19-2dec5d8f3a52,0.5325954409531636,0.2,14.0,0.5315528087981756,1.0,0.7233296207802987,0.9797696833559353,1.0,1.0,6.0,0
315e57fb-cb3b-422b-9fb8-baa78079302f,cd408280-465f-4896-b05f-85290441236d,0.5325954409531636,0.2,14.0,0.5315528087981756,1.0,0.22129010421141973,0.167964745667194,0.6,3.0,6.0,0
315e57fb-cb3b-422b-9fb8-baa78079302f,8155e67e-e6b6-4564-9fbc-a422dfbb4728,0.5325954409531636,0.2,14.0,0.5315528087981756,0.2,0.3282195111753295,0.7588859461800079,0.0,4.0,2.0,0
315e57fb-cb3b-422b-9fb8-baa78079302f,e033b700-4879-4d96-af09-314a42b40ec0,0.5325954409531636,0.2,14.0,0.5315528087981756,0.6,0.5265277997852419,0.306413896951497,1.0,4.0,0.0,1
315e57fb-cb3b-422b-9fb8-baa78079302f,31a8a011-26d9-417f-9acd-2dc1aa620cb1,0.5325954409531636,0.2,14.0,0.5315528087981756,0.6,0.8578772412513512,0.31368145278296056,0.6,3.0,0.0,1
315e57fb-cb3b-422b-9fb8-baa78079302f,2a4e6f6f-8a97-4b0f-8706-b5b5c9a3506e,0.5325954409531636,0.2,14.0,0.5315528087981756,1.0,0.508305717299449,0.5779541132057853,1.0,3.0,2.0,1
315e57fb-cb3b-422b-9fb8-baa78079302f,0764c1e1-84c4-4344-814b-56f447356699,0.5325954409531636,0.2,14.0,0.5315528087981756,0.2,0.36478434898577183,0.31372887152086304,0.3,2.0,6.0,1
315e57fb-cb3b-422b-9fb8-baa78079302f,b7f3f687-720d-4c2e-b765-833d1f628763,0.5325954409531636,0.2,14.0,0.5315528087981756,0.6,0.5040757896213439,0.7654432929579714,0.6,5.0,6.0,1
315e57fb-cb3b-422b-9fb8-baa78079302f,19e80ef1-4224-4720-a093-1f15d029cdae,0.5325954409531636,0.2,14.0,0.5315528087981756,1.0,0.8175424886601043,0.7192671703216541,0.6,1.0,0.0,0
315e57fb-cb3b-422b-9fb8-baa78079302f,0bc32369-5cc1-4c6e-9b9e-a0d6ad643532,0.5325954409531636,0.2,14.0,0.5315528087981756,0.6,0.6337720175795309,0.5219080741476771,1.0,4.0,5.0,1
315e57fb-cb3b-422b-9fb8-baa78079302f,7d674302-c495-4faa-b60b-2f991e7f10b1,0.5325954409531636,0.2,14.0,0.5315528087981756,0.6,0.6945598719886059,0.6688730857607941,1.0,4.0,6.0,0
315e57fb-cb3b-422b-9fb8-baa78079302f,775861d5-545e-4ddf-b332-3aabb9bd0e76,0.5325954409531636,0.2,14.0,0.5315528087981756,1.0,0.8513642364331833,0.05300666587800451,0.6,2.0,5.0,0
315e57fb-cb3b-422b-9fb8-baa78079302f,85a991a1-00c2-4f3b-a2f1-2edd3ed3c13b,0.5325954409531636,0.2,14.0,0.5315528087981756,0.6,0.885115810475927,0.053316349790826556,0.3,5.0,5.0,0
315e57fb-cb3b-422b-9fb8-baa78079302f,4df06409-5880-4fd2-840e-02e90385cc4e,0.5325954409531636,0.2,14.0,0.5315528087981756,1.0,0.19470747542775022,0.6843276576228667,0.0,4.0,0.0,0
315e57fb-cb3b-422b-9fb8-baa78079302f,19d3638b-3623-485e-a7a3-bed4ec53eb28,0.5325954409531636,0.2,14.0,0.5315528087981756,0.2,0.22255292506683805,0.2999183439789205,0.0,5.0,3.0,1
315e57fb-cb3b-422b-9fb8-baa78079302f,5c628898-abde-4c5b-8dc9-253bfab0c323,0.5325954409531636,0.2,14.0,0.5315528087981756,0.6,0.29562602483866546,0.8882279982692427,0.3,4.0,6.0,0
315e57fb-cb3b-422b-9fb8-baa78079302f,94f447d1-ce40-4abc-9492-1b4fa652cdf8,0.5325954409531636,0.2,14.0,0.5315528087981756,0.2,0.7747992350688047,0.24068147068829215,1.0,4.0,4.0,0
315e57fb-cb3b-422b-9fb8-baa78079302f,79cb3b8e-aafa-418e-97aa-f7fdcb3d6c58,0.5325954409531636,0.2,14.0,0.5315528087981756,0.2,0.3730266808058288,0.7752357696427774,0.3,0.0,3.0,0
315e57fb-cb3b-422b-9fb8-baa78079302f,dd77c881-c04d-4f99-9177-d94ef20adb4f,0.5325954409531636,0.2,14.0,0.5315528087981756,0.6,0.616612541041993,0.6647291139113415,0.0,2.0,6.0,1
315e57fb-cb3b-422b-9fb8-baa78079302f,a17bf541-effa-44fe-bb93-e99cb560a113,0.5325954409531636,0.2,14.0,0.5315528087981756,0.6,0.6843407970867683,0.1004271940167254,0.6,1.0,0.0,0
315e57fb-cb3b-422b-9fb8-baa78079302f,5a34f357-525c-4e8c-9761-fca6c5ef4a54,0.5325954409531636,0.2,14.0,0.5315528087981756,1.0,0.32612342892093527,0.37000647225331373,0.3,1.0,5.0,1
315e57fb-cb3b-422b-9fb8-baa78079302f,8c822518-d0dc-460d-93c7-d9d033a078ba,0.5325954409531636,0.2,14.0,0.5315528087981756,1.0,0.5475099359609544,0.9553256935848943,1.0,1.0,6.0,0
315e57fb-cb3b-422b-9fb8-baa78079302f,4ae5516d-8df6-4ce0-a1a2-7fe96b97c4ed,0.5325954409531636,0.2,14.0,0.5315528087981756,0.6,0.7394686693887754,0.3658730909863124,0.3,2.0,4.0,1
315e57fb-cb3b-422b-9fb8-baa78079302f,92da4efc-92e2-4b63-a697-25a464242c2d,0.5325954409531636,0.2,14.0,0.5315528087981756,1.0,0.6595170148426077,0.9265692444764961,1.0,1.0,3.0,0
315e57fb-cb3b-422b-9fb8-baa78079302f,0b449292-cc57-4b11-94d1-9d0d6fdf931d,0.5325954409531636,0.2,14.0,0.5315528087981756,0.2,0.24562239677446035,0.4286144615110886,0.6,3.0,0.0,1
315e57fb-cb3b-422b-9fb8-baa78079302f,7c786351-37ac-47a2-9542-40b90f3efee8,0.5325954409531636,0.2,14.0,0.5315528087981756,0.6,0.6561708102091133,0.18646349182808575,0.3,5.0,1.0,0
315e57fb-cb3b-422b-9fb8-baa78079302f,7bf57e1f-8d6e-4525-9822-40fe99cb92db,0.5325954409531636,0.2,14.0,0.5315528087981756,0.6,0.646849787279288,0.8371345930324872,0.6,0.0,0.0,1
315e57fb-cb3b-422b-9fb8-baa78079302f,d05c6a73-7fda-4aba-88c3-900cedb6b9a6,0.5325954409531636,0.2,14.0,0.5315528087981756,0.6,0.37465691625557584,0.04502897108590176,0.0,1.0,2.0,1
315e57fb-cb3b-422b-9fb8-baa78079302f,1f1d5ce2-33eb-44b8-b139-1507fb4718cc,0.5325954409531636,0.2,14.0,0.5315528087981756,1.0,0.5291681488699617,0.6223076451667475,0.0,1.0,0.0,0
315e57fb-cb3b-422b-9fb8-baa78079302f,a7da2f9e-cfe5-4f9b-a2a9-83b121e1b3a8,0.5325954409531636,0.2,14.0,0.5315528087981756,1.0,0.8629090312240775,0.8986309655053686,0.3,4.0,6.0,0
315e57fb-cb3b-422b-9fb8-baa78079302f,9f019ca3-6a4d-4f1c-8cfd-4fc983011cd8,0.5325954409531636,0.2,14.0,0.5315528087981756,0.6,0.8592879525285462,0.4771610349793223,0.6,0.0,6.0,0
315e57fb-cb3b-422b-9fb8-baa78079302f,3c045d5e-db0b-42a4-8b36-5a8f0192e0a9,0.5325954409531636,0.2,14.0,0.5315528087981756,0.6,0.9703557392871628,0.4741186336216032,0.3,1.0,6.0,1
315e57fb-cb3b-422b-9fb8-baa78079302f,4ae5516d-8df6-4ce0-a1a2-7fe96b97c4ed,0.5325954409531636,0.2,14.0,0.5315528087981756,0.6,0.7394686693887754,0.3658730909863124,0.3,5.0,4.0,0
315e57fb-cb3b-422b-9fb8-baa78079302f,65c54c61-8bed-4502-891f-54207581973c,0.5325954409531636,0.2,14.0,0.5315528087981756,0.6,0.5609694251913983,0.4769640187588726,1.0,5.0,3.0,1
315e57fb-cb3b-422b-9fb8-baa78079302f,15b5cdd7-9aed-490f-9cb8-4f9a900eb398,0.5325954409531636,0.2,14.0,0.5315528087981756,0.2,0.17789822129463906,0.6431782959777482,0.0,0.0,5.0,1
315e57fb-cb3b-422b-9fb8-baa78079302f,72e21539-04f0-470f-b69d-9a418f7ff37b,0.5325954409531636,0.2,14.0,0.5315528087981756,0.2,0.6144010067276086,0.8682015664155024,0.6,2.0,1.0,1
32909917-bd9c-4375-94b1-45df5ccdfd7e,fccbd80d-e8cc-4cf0-adb9-85c0aa640f7f,0.6408357665163995,0.2,12.0,0.5955017352083496,1.0,0.7950919292205237,0.850748587791265,0.0,0.0,3.0,0
32909917-bd9c-4375-94b1-45df5ccdfd7e,15ffb6f4-0363-4611-afec-93fefe2ffd83,0.6408357665163995,0.2,12.0,0.5955017352083496,0.2,0.9223427256162328,0.7798431272433336,0.3,4.0,5.0,1
32909917-bd9c-4375-94b1-45df5ccdfd7e,dd23fd07-88e1-462e-bc3b-00e51b7428ff,0.6408357665163995,0.2,12.0,0.5955017352083496,0.2,0.9167390499607783,0.453942637731402,1.0,4.0,6.0,1
32909917-bd9c-4375-94b1-45df5ccdfd7e,dfb0809f-a08c-4519-85d0-1f790e6cd5d9,0.6408357665163995,0.2,12.0,0.5955017352083496,1.0,0.12996439027292325,0.8581884567519729,1.0,3.0,0.0,0
32909917-bd9c-4375-94b1-45df5ccdfd7e,319d65cc-35fb-4fd2-8d36-0aaeae8c1599,0.6408357665163995,0.2,12.0,0.5955017352083496,0.2,0.3492163442071033,0.6358648613159886,0.3,0.0,6.0,0
32909917-bd9c-4375-94b1-45df5ccdfd7e,b02c207c-3d8f-47d1-94d5-ea09db74e5c8,0.6408357665163995,0.2,12.0,0.5955017352083496,0.6,0.3575527172065134,0.7990422256936793,0.3,1.0,1.0,0
32909917-bd9c-4375-94b1-45df5ccdfd7e,3ddfda87-b4e3-4c16-8683-a4523f15acf2,0.6408357665163995,0.2,12.0,0.5955017352083496,1.0,0.9807055615364045,0.6381156208224877,0.3,2.0,3.0,1
32909917-bd9c-4375-94b1-45df5ccdfd7e,382dc6cd-e931-4c06-8335-e8acc1df4c50,0.6408357665163995,0.2,12.0,0.5955017352083496,0.2,0.558623921637297,0.1308595947819554,1.0,3.0,2.0,1
32909917-bd9c-4375-94b1-45df5ccdfd7e,b7f3f687-720d-4c2e-b765-833d1f628763,0.6408357665163995,0.2,12.0,0.5955017352083496,0.6,0.5040757896213439,0.7654432929579714,0.6,4.0,6.0,0
32909917-bd9c-4375-94b1-45df5ccdfd7e,b7c1594e-c23f-4a6c-b842-737b0c93b147,0.6408357665163995,0.2,12.0,0.5955017352083496,1.0,0.3323463750225212,0.10510906779710338,0.3,2.0,4.0,0
32909917-bd9c-4375-94b1-45df5ccdfd7e,f99793e2-bf1f-4652-b717-b380cf1b82d9,0.6408357665163995,0.2,12.0,0.5955017352083496,1.0,0.3478973552809047,0.15349034844890785,0.0,2.0,6.0,0
32909917-bd9c-4375-94b1-45df5ccdfd7e,e4db18b0-d91a-4fe4-b05f-eda25f38ea0d,0.6408357665163995,0.2,12.0,0.5955017352083496,0.2,0.5776591949487476,0.19019373944895102,0.3,0.0,0.0,1
32909917-bd9c-4375-94b1-45df5ccdfd7e,de80c064-1511-4251-84a5-ba1187978d32,0.6408357665163995,0.2,12.0,0.5955017352083496,1.0,0.37359855622088356,0.32543416209529763,0.0,1.0,6.0,1
32909917-bd9c-4375-94b1-45df5ccdfd7e,bf1c16a4-e182-4ecc-8023-e458da60daac,0.6408357665163995,0.2,12.0,0.5955017352083496,1.0,0.24964749169716674,0.6258043806862246,0.6,1.0,1.0,1
32909917-bd9c-4375-94b1-45df5ccdfd7e,5939c634-d641-4ed7-8910-517780e88b75,0.6408357665163995,0.2,12.0,0.5955017352083496,0.6,0.7523652503478826,0.6850593430585846,0.3,0.0,6.0,1
32909917-bd9c-4375-94b1-45df5ccdfd7e,e33220eb-1aa5-4702-8b7f-82096cbf244c,0.6408357665163995,0.2,12.0,0.5955017352083496,0.2,0.8045091416614435,0.9303962480539164,0.0,4.0,2.0,1
32909917-bd9c-4375-94b1-45df5ccdfd7e,773cb37f-03e9-462d-9f7c-bb397a470391,0.6408357665163995,0.2,12.0,0.5955017352083496,1.0,0.138085119243381,0.17870489763614517,0.6,0.0,3.0,0
32909917-bd9c-4375-94b1-45df5ccdfd7e,df3f8908-754b-4f66-b4a5-0f54f1bbdef1,0.6408357665163995,0.2,12.0,0.5955017352083496,0.2,0.9006532918063022,0.624832175706485,0.6,0.0,3.0,1
32909917-bd9c-4375-94b1-45df5ccdfd7e,2f2c32fa-6e32-4764-b476-b6f9b3cc5cd7,0.6408357665163995,0.2,12.0,0.5955017352083496,0.2,0.13396258547827183,0.29306867008666404,0.0,2.0,5.0,0
32909917-bd9c-4375-94b1-45df5ccdfd7e,21197103-286c-4e08-8f2e-e1f0c1aa4b65,0.6408357665163995,0.2,12.0,0.5955017352083496,0.2,0.974231980237957,0.8883695246489081,0.6,0.0,2.0,1
32909917-bd9c-4375-94b1-45df5ccdfd7e,b1ef27f4-c212-4d80-95b3-1ccfcccee40b,0.6408357665163995,0.2,12.0,0.5955017352083496,1.0,0.273179116013828,0.9075422104826739,1.0,2.0,6.0,1
32909917-bd9c-4375-94b1-45df5ccdfd7e,9ba51c49-9d6a-423a-905e-593237ec3ec2,0.6408357665163995,0.2,12.0,0.5955017352083496,0.2,0.5056427924137512,0.14164644156570538,1.0,0.0,1.0,1
32909917-bd9c-4375-94b1-45df5ccdfd7e,90e0e36e-2a3f-4349-b92f-d283a363e309,0.6408357665163995,0.2,12.0,0.5955017352083496,0.6,0.37903438078382046,0.7659731746919894,0.6,2.0,6.0,0
32909917-bd9c-4375-94b1-45df5ccdfd7e,dfb0809f-a08c-4519-85d0-1f790e6cd5d9,0.6408357665163995,0.2,12.0,0.5955017352083496,1.0,0.12996439027292325,0.8581884567519729,1.0,4.0,4.0,0
32909917-bd9c-4375-94b1-45df5ccdfd7e,5c628898-abde-4c5b-8dc9-253bfab0c323,0.6408357665163995,0.2,12.0,0.5955017352083496,0.6,0.29562602483866546,0.8882279982692427,0.3,4.0,6.0,1
32909917-bd9c-4375-94b1-45df5ccdfd7e,99eca1c6-c6f2-4d74-a551-b71f85fad723,0.6408357665163995,0.2,12.0,0.5955017352083496,1.0,0.37557872113137425,0.6908530230033296,0.0,0.0,2.0,0
32909917-bd9c-4375-94b1-45df5ccdfd7e,b1ecfa5c-68a1-4a8a-846a-dfb97027e1f6,0.6408357665163995,0.2,12.0,0.5955017352083496,0.6,0.47396075244655456,0.7794108057492125,1.0,0.0,2.0,1
32909917-bd9c-4375-94b1-45df5ccdfd7e,85a991a1-00c2-4f3b-a2f1-2edd3ed3c13b,0.6408357665163995,0.2,12.0,0.5955017352083496,0.6,0.885115810475927,0.053316349790826556,0.3,2.0,0.0,0
32909917-bd9c-4375-94b1-45df5ccdfd7e,f99793e2-bf1f-4652-b717-b380cf1b82d9,0.6408357665163995,0.2,12.0,0.5955017352083496,1.0,0.3478973552809047,0.15349034844890785,0.0,3.0,5.0,0
32909917-bd9c-4375-94b1-45df5ccdfd7e,45cea0cf-acbc-4a1c-ae67-7da156ce4e33,0.6408357665163995,0.2,12.0,0.5955017352083496,0.6,0.44790999008794674,0.8240533460888545,0.3,1.0,5.0,1
32909917-bd9c-4375-94b1-45df5ccdfd7e,666c606e-4a7f-4e66-9fac-fbc0339d13f8,0.6408357665163995,0.2,12.0,0.5955017352083496,1.0,0.9652102148867648,0.8330892916579566,0.3,1.0,2.0,1
32909917-bd9c-4375-94b1-45df5ccdfd7e,4590aaee-b789-46de-a082-c6807a962ec2,0.6408357665163995,0.2,12.0,0.5955017352083496,1.0,0.9792453221449127,0.1694110619506124,1.0,0.0,6.0,0
32909917-bd9c-4375-94b1-45df5ccdfd7e,6059807a-e497-4a84-9074-8799b7986611,0.6408357665163995,0.2,12.0,0.5955017352083496,0.6,0.4781895633511416,0.7748754537301457,0.0,3.0,2.0,1
32909917-bd9c-4375-94b1-45df5ccdfd7e,0b449292-cc57-4b11-94d1-9d0d6fdf931d,0.6408357665163995,0.2,12.0,0.5955017352083496,0.2,0.24562239677446035,0.4286144615110886,0.6,4.0,6.0,0
32909917-bd9c-4375-94b1-45df5ccdfd7e,9102dfee-3ffe-4500-abcd-856f5c7ba81a,0.6408357665163995,0.2,12.0,0.5955017352083496,0.2,0.14792713695477017,0.6300659561232757,1.0,3.0,1.0,1
32909917-bd9c-4375-94b1-45df5ccdfd7e,19e80ef1-4224-4720-a093-1f15d029cdae,0.6408357665163995,0.2,12.0,0.5955017352083496,1.0,0.8175424886601043,0.7192671703216541,0.6,1.0,4.0,0
32909917-bd9c-4375-94b1-45df5ccdfd7e,e3e4e158-1e76-4fc3-a85b-e05b8b8a0ccb,0.6408357665163995,0.2,12.0,0.5955017352083496,0.6,0.639410932283415,0.2933005026004223,0.0,2.0,6.0,1
32909917-bd9c-4375-94b1-45df5ccdfd7e,042f11d0-6ddd-4561-8c2c-5e00545a621e,0.6408357665163995,0.2,12.0,0.5955017352083496,1.0,0.7872798003899497,0.9285445017428434,0.6,4.0,3.0,0
32909917-bd9c-4375-94b1-45df5ccdfd7e,4923fb26-e583-4c24-ac52-8838a0ed3a98,0.6408357665163995,0.2,12.0,0.5955017352083496,1.0,0.553388277838538,0.7019544741283528,1.0,1.0,3.0,0
32909917-bd9c-4375-94b1-45df5ccdfd7e,c2aa2f4b-31d0-4751-b78b-9bc94a917dd3,0.6408357665163995,0.2,12.0,0.5955017352083496,0.2,0.9632839642542039,0.47862263242291936,0.3,1.0,1.0,1
6c0af335-ea7b-4eca-9ed4-34a05fe58521,786a081e-bed1-4dd5-af8f-b24a2969db27,0.3707891077049072,1.0,0.0,0.9141278609690933,1.0,0.2204606202831086,0.8790686327551894,0.6,2.0,3.0,0
6c0af335-ea7b-4eca-9ed4-34a05fe58521,9f7ae8c9-dc90-4236-adb6-2109245d9021,0.3707891077049072,1.0,0.0,0.9141278609690933,0.6,0.8963101399292399,0.12506351553810924,0.0,2.0,3.0,1
6c0af335-ea7b-4eca-9ed4-34a05fe58521,31a8a011-26d9-417f-9acd-2dc1aa620cb1,0.3707891077049072,1.0,0.0,0.9141278609690933,0.6,0.8578772412513512,0.31368145278296056,0.6,2.0,0.0,1
6c0af335-ea7b-4eca-9ed4-34a05fe58521,fe09dd6a-bc95-42e6-bb3c-61d404a20200,0.3707891077049072,1.0,0.0,0.9141278609690933,0.2,0.852490071939042,0.9956463958670673,0.3,0.0,6.0,1
6c0af335-ea7b-4eca-9ed4-34a05fe58521,3ddfda87-b4e3-4c16-8683-a4523f15acf2,0.3707891077049072,1.0,0.0,0.9141278609690933,1.0,0.9807055615364045,0.6381156208224877,0.3,2.0,6.0,0
6c0af335-ea7b-4eca-9ed4-34a05fe58521,2ab0f7b1-b672-4fd3-bf9d-b9435c307791,0.3707891077049072,1.0,0.0,0.9141278609690933,0.6,0.4930337984475558,0.8483250712740258,0.6,3.0,5.0,1
6c0af335-ea7b-4eca-9ed4-34a05fe58521,3feb240a-54de-4548-9d6d-6b68da72c588,0.3707891077049072,1.0,0.0,0.9141278609690933,0.6,0.3534939575862086,0.46875086538360267,0.6,2.0,2.0,1
6c0af335-ea7b-4eca-9ed4-34a05fe58521,8c822518-d0dc-460d-93c7-d9d033a078ba,0.3707891077049072,1.0,0.0,0.9141278609690933,1.0,0.5475099359609544,0.9553256935848943,1.0,3.0,2.0,0
6c0af335-ea7b-4eca-9ed4-34a05fe58521,3fb0a35d-d0bf-4534-9f63-995064c4e8af,0.3707891077049072,1.0,0.0,0.9141278609690933,0.2,0.4877773325800844,0.17627426660923395,0.3,2.0,5.0,1
6c0af335-ea7b-4eca-9ed4-34a05fe58521,7bf57e1f-8d6e-4525-9822-40fe99cb92db,0.3707891077049072,1.0,0.0,0.9141278609690933,0.6,0.646849787279288,0.8371345930324872,0.6,1.0,4.0,1
6c0af335-ea7b-4eca-9ed4-34a05fe58521,6670ddb8-85fa-45e6-9af6-91adbac350a8,0.3707891077049072,1.0,0.0,0.9141278609690933,1.0,0.5273671033049591,0.12936862090556023,0.0,5.0,4.0,1
6c0af335-ea7b-4eca-9ed4-34a05fe58521,0b680785-5c4e-4ff3-90da-a95bdb6ddea3,0.3707891077049072,1.0,0.0,0.9141278609690933,1.0,0.9476882864447816,0.37902629176285674,0.0,1.0,4.0,1
6c0af335-ea7b-4eca-9ed4-34a05fe58521,0d91a5c8-4b22-4198-b963-be98907527f4,0.3707891077049072,1.0,0.0,0.9141278609690933,0.2,0.36811976533001634,0.7445398250927052,0.0,3.0,3.0,1
6c0af335-ea7b-4eca-9ed4-34a05fe58521,b20bab7d-8fe1-4291-9511-746d551c6381,0.3707891077049072,1.0,0.0,0.9141278609690933,1.0,0.30803403606513613,0.290684856511908,0.0,5.0,3.0,1
6c0af335-ea7b-4eca-9ed4-34a05fe58521,f32bd05f-f328-4f1a-be52-e7eeae8d75e8,0.3707891077049072,1.0,0.0,0.9141278609690933,1.0,0.7522989076063284,0.09818661644669102,0.3,5.0,1.0,1
6c0af335-ea7b-4eca-9ed4-34a05fe58521,e45bd99d-504e-4e64-83b1-c517b6b084cf,0.3707891077049072,1.0,0.0,0.9141278609690933,1.0,0.2973675063752232,0.26685392748809267,0.0,3.0,3.0,1
6c0af335-ea7b-4eca-9ed4-34a05fe58521,c0831cb8-2671-4f2e-9498-e74d21da6f33,0.3707891077049072,1.0,0.0,0.9141278609690933,0.2,0.678838712580165,0.49622340240440477,1.0,1.0,4.0,1
6c0af335-ea7b-4eca-9ed4-34a05fe58521,bcc862ed-ee8c-4519-bd6f-df3684168181,0.3707891077049072,1.0,0.0,0.9141278609690933,1.0,0.9327717807626915,0.3397410335113047,0.3,4.0,0.0,0
6c0af335-ea7b-4eca-9ed4-34a05fe58521,c4200dd0-0628-49ac-a3d4-9cafb23a3f7c,0.3707891077049072,1.0,0.0,0.9141278609690933,0.6,0.23204019132352335,0.14567973078804342,0.3,2.0,4.0,1
6c0af335-ea7b-4eca-9ed4-34a05fe58521,6670ddb8-85fa-45e6-9af6-91adbac350a8,0.3707891077049072,1.0,0.0,0.9141278609690933,1.0,0.5273671033049591,0.12936862090556023,0.0,4.0,5.0,1
6c0af335-ea7b-4eca-9ed4-34a05fe58521,7cae5725-f4a7-4615-ab21-00fad572f2f3,0.3707891077049072,1.0,0.0,0.9141278609690933,1.0,0.8991240703271256,0.15308566915688449,0.3,2.0,6.0,1
6c0af335-ea7b-4eca-9ed4-34a05fe58521,9d28a4ed-19ea-45ff-8c87-cd755a39633c,0.3707891077049072,1.0,0.0,0.9141278609690933,1.0,0.9699569764835101,0.3864034459374597,1.0,5.0,4.0,0
6c0af335-ea7b-4eca-9ed4-34a05fe58521,ef4564ad-37cb-422e-9258-c0dd09e686d8,0.3707891077049072,1.0,0.0,0.9141278609690933,0.6,0.7134305197216956,0.4952020834976343,0.0,3.0,1.0,0
6c0af335-ea7b-4eca-9ed4-34a05fe58521,1e4deb48-10af-482d-89be-a40b3cfa6237,0.3707891077049072,1.0,0.0,0.9141278609690933,0.2,0.45812006017454143,0.5670116153989458,0.0,4.0,6.0,0
6c0af335-ea7b-4eca-9ed4-34a05fe58521,b972f906-99a3-4c64-8a3c-52215d80d34b,0.3707891077049072,1.0,0.0,0.9141278609690933,0.2,0.7557609477960204,0.33890958121625947,0.3,2.0,1.0,0
6c0af335-ea7b-4eca-9ed4-34a05fe58521,d72916bd-ef8f-4502-bba8-725c04f85a5f,0.3707891077049072,1.0,0.0,0.9141278609690933,0.2,0.854828063402321,0.2603597878713769,0.0,3.0,0.0,1
6c0af335-ea7b-4eca-9ed4-34a05fe58521,dba04d24-2e37-4c46-ae54-9c34510dff1f,0.3707891077049072,1.0,0.0,0.9141278609690933,1.0,0.8419986133538263,0.7052929283686935,0.0,3.0,5.0,1
6c0af335-ea7b-4eca-9ed4-34a05fe58521,5e05eec7-1e62-4d54-96f8-a536e832863a,0.3707891077049072,1.0,0.0,0.9141278609690933,0.2,0.99982637880827,0.7415351340320897,0.0,0.0,4.0,1
6c0af335-ea7b-4eca-9ed4-34a05fe58521,c1dad211-ef14-4930-9fde-65d8d01eb8a2,0.3707891077049072,1.0,0.0,0.9141278609690933,1.0,0.2775989588417923,0.19963019650413683,0.3,2.0,1.0,0
6c0af335-ea7b-4eca-9ed4-34a05fe58521,153d2d46-4437-4840-90a1-e5308394b291,0.3707891077049072,1.0,0.0,0.9141278609690933,0.6,0.8859430875649702,0.004809331333315514,0.6,5.0,6.0,0
6c0af335-ea7b-4eca-9ed4-34a05fe58521,ad90952f-caf0-425d-8039-7263f702df91,0.3707891077049072,1.0,0.0,0.9141278609690933,0.2,0.9254823202465832,0.36840241779614114,0.0,0.0,5.0,0
6c0af335-ea7b-4eca-9ed4-34a05fe58521,5ac7df38-e13e-4ddf-ac1d-8bd8825c2903,0.3707891077049072,1.0,0.0,0.9141278609690933,0.2,0.5606417702241059,0.9155246766150124,0.0,3.0,0.0,1
6c0af335-ea7b-4eca-9ed4-34a05fe58521,dba04d24-2e37-4c46-ae54-9c34510dff1f,0.3707891077049072,1.0,0.0,0.9141278609690933,1.0,0.8419986133538263,0.7052929283686935,0.0,2.0,5.0,1
6c0af335-ea7b-4eca-9ed4-34a05fe58521,fccbd80d-e8cc-4cf0-adb9-85c0aa640f7f,0.3707891077049072,1.0,0.0,0.9141278609690933,1.0,0.7950919292205237,0.850748587791265,0.0,3.0,0.0,1
6c0af335-ea7b-4eca-9ed4-34a05fe58521,de80c064-1511-4251-84a5-ba1187978d32,0.3707891077049072,1.0,0.0,0.9141278609690933,1.0,0.37359855622088356,0.32543416209529763,0.0,1.0,4.0,1
6c0af335-ea7b-4eca-9ed4-34a05fe58521,5c628898-abde-4c5b-8dc9-253bfab0c323,0.3707891077049072,1.0,0.0,0.9141278609690933,0.6,0.29562602483866546,0.8882279982692427,0.3,2.0,6.0,0
6c0af335-ea7b-4eca-9ed4-34a05fe58521,5e04770f-4a25-48a2-ad93-cef1ed97d455,0.3707891077049072,1.0,0.0,0.9141278609690933,1.0,0.6810890391339975,0.862719881758954,0.3,0.0,2.0,1
6c0af335-ea7b-4eca-9ed4-34a05fe58521,b85c5447-3934-4a5f-a2ea-5cf406ba1386,0.3707891077049072,1.0,0.0,0.9141278609690933,0.2,0.7359215878835874,0.20471404262800852,1.0,4.0,0.0,0
6c0af335-ea7b-4eca-9ed4-34a05fe58521,225af4bb-7dea-491a-b6ce-984e91ad99bf,0.3707891077049072,1.0,0.0,0.9141278609690933,0.2,0.954287099322196,0.3931698082459284,0.3,1.0,0.0,0
6c0af335-ea7b-4eca-9ed4-34a05fe58521,6df290df-6194-497e-9997-fd6713e1435f,0.3707891077049072,1.0,0.0,0.9141278609690933,1.0,0.7637061762371852,0.8809980926459479,0.6,4.0,0.0,0
e121ea62-9b19-48f0-a6ee-024d976adce0,2e56c0c7-a2d4-4606-8362-ead47ba989cf,0.8023083957957649,0.2,13.0,0.37507290944985555,1.0,0.9838404823093492,0.5555768002260758,0.0,1.0,5.0,0
e121ea62-9b19-48f0-a6ee-024d976adce0,f4511c0e-1907-4564-85be-6208646f9403,0.8023083957957649,0.2,13.0,0.37507290944985555,0.6,0.9737144331912416,0.8489993802384885,0.3,0.0,3.0,0
e121ea62-9b19-48f0-a6ee-024d976adce0,0b680785-5c4e-4ff3-90da-a95bdb6ddea3,0.8023083957957649,0.2,13.0,0.37507290944985555,1.0,0.9476882864447816,0.37902629176285674,0.0,3.0,6.0,1
e121ea62-9b19-48f0-a6ee-024d976adce0,6a40cbad-655b-4606-9b92-d053c779e9a1,0.8023083957957649,0.2,13.0,0.37507290944985555,0.2,0.7251468800412657,0.941344002350994,0.0,3.0,1.0,0
e121ea62-9b19-48f0-a6ee-024d976adce0,e44b9013-f4a8-49bf-9379-87dcbb2e8e53,0.8023083957957649,0.2,13.0,0.37507290944985555,1.0,0.36258242224859283,0.32306846386650134,0.3,5.0,0.0,1
e121ea62-9b19-48f0-a6ee-024d976adce0,382dc6cd-e931-4c06-8335-e8acc1df4c50,0.8023083957957649,0.2,13.0,0.37507290944985555,0.2,0.558623921637297,0.1308595947819554,1.0,1.0,1.0,1
e121ea62-9b19-48f0-a6ee-024d976adce0,0bc32369-5cc1-4c6e-9b9e-a0d6ad643532,0.8023083957957649,0.2,13.0,0.37507290944985555,0.6,0.6337720175795309,0.5219080741476771,1.0,2.0,3.0,0
e121ea62-9b19-48f0-a6ee-024d976adce0,d91ea030-edc5-4199-b235-b4f2746330e6,0.8023083957957649,0.2,13.0,0.37507290944985555,1.0,0.7413528687367448,0.2371548448306322,0.6,1.0,4.0,0
e121ea62-9b19-48f0-a6ee-024d976adce0,01fe4a49-c1a0-4cc3-8dc8-8402e6b11064,0.8023083957957649,0.2,13.0,0.37507290944985555,1.0,0.6879754206461195,0.49287097672138225,0.3,4.0,0.0,0
e121ea62-9b19-48f0-a6ee-024d976adce0,86df6ab5-0a91-4c31-ae77-b6a97acaa3b6,0.8023083957957649,0.2,13.0,0.37507290944985555,0.2,0.6626325512293207,0.22621734088053103,1.0,5.0,3.0,1
e121ea62-9b19-48f0-a6ee-024d976adce0,7c786351-37ac-47a2-9542-40b90f3efee8,0.8023083957957649,0.2,13.0,0.37507290944985555,0.6,0.6561708102091133,0.18646349182808575,0.3,1.0,2.0,0
e121ea62-9b19-48f0-a6ee-024d976adce0,f99793e2-bf1f-4652-b717-b380cf1b82d9,0.8023083957957649,0.2,13.0,0.37507290944985555,1.0,0.3478973552809047,0.15349034844890785,0.0,2.0,0.0,1
e121ea62-9b19-48f0-a6ee-024d976adce0,35fc8989-8da0-422f-a619-1517d94a5ef1,0.8023083957957649,0.2,13.0,0.37507290944985555,0.6,0.53636942704019,0.22090661672949963,1.0,1.0,3.0,0
e121ea62-9b19-48f0-a6ee-024d976adce0,e3e4e158-1e76-4fc3-a85b-e05b8b8a0ccb,0.8023083957957649,0.2,13.0,0.37507290944985555,0.6,0.639410932283415,0.2933005026004223,0.0,1.0,4.0,1
e121ea62-9b19-48f0-a6ee-024d976adce0,8d8bd000-8a84-4c8b-bdc8-797008544155,0.8023083957957649,0.2,13.0,0.37507290944985555,1.0,0.14606305453676433,0.13377939697072627,0.0,0.0,6.0,1
e121ea62-9b19-48f0-a6ee-024d976adce0,b404278c-bd4e-43f3-b805-2473f7c0eb3d,0.8023083957957649,0.2,13.0,0.37507290944985555,0.6,0.2463507248368063,0.8830515088702483,0.3,2.0,6.0,1
e121ea62-9b19-48f0-a6ee-024d976adce0,c0831cb8-2671-4f2e-9498-e74d21da6f33,0.8023083957957649,0.2,13.0,0.37507290944985555,0.2,0.678838712580165,0.49622340240440477,1.0,3.0,5.0,1
e121ea62-9b19-48f0-a6ee-024d976adce0,2fd06511-a2df-41a4-b9b8-72ad25edbef7,0.8023083957957649,0.2,13.0,0.37507290944985555,1.0,0.8121414643536927,0.9186858244934103,0.3,1.0,3.0,0
e121ea62-9b19-48f0-a6ee-024d976adce0,97ffd70a-47e9-4398-92a1-d66d4e4e7ac9,0.8023083957957649,0.2,13.0,0.37507290944985555,1.0,0.4738888800802551,0.7582398953411875,1.0,2.0,1.0,1
e121ea62-9b19-48f0-a6ee-024d976adce0,e02821d5-6c11-48d3-9e5a-ab797cf10dfd,0.8023083957957649,0.2,13.0,0.37507290944985555,0.2,0.30278131508958317,0.8518530351666224,0.6,0.0,3.0,1
e121ea62-9b19-48f0-a6ee-024d976adce0,4df06409-5880-4fd2-840e-02e90385cc4e,0.8023083957957649,0.2,13.0,0.37507290944985555,1.0,0.19470747542775022,0.6843276576228667,0.0,3.0,2.0,0
e121ea62-9b19-48f0-a6ee-024d976adce0,b9085332-b2b1-4b72-8021-b3b81398ce92,0.8023083957957649,0.2,13.0,0.37507290944985555,0.6,0.33544730729888195,0.5880404702366536,0.6,2.0,6.0,0
e121ea62-9b19-48f0-a6ee-024d976adce0,43b70bae-10ef-4dc3-9f9b-b39a1eacb2d1,0.8023083957957649,0.2,13.0,0.37507290944985555,1.0,0.6227481543871835,0.008705213531018718,1.0,0.0,4.0,0
e121ea62-9b19-48f0-a6ee-024d976adce0,b8a59f9c-9152-4e9d-9227-81b450029be0,0.8023083957957649,0.2,13.0,0.37507290944985555,0.2,0.9082416607735994,0.8438860705844703,1.0,4.0,6.0,1
e121ea62-9b19-48f0-a6ee-024d976adce0,686e3aa2-fafa-49b8-ae04-90315babb1d4,0.8023083957957649,0.2,13.0,0.37507290944985555,0.2,0.2485402182633587,0.3567460645487345,1.0,1.0,6.0,1
e121ea62-9b19-48f0-a6ee-024d976adce0,be7b953b-bf68-42e7-957e-b6f8f29af69d,0.8023083957957649,0.2,13.0,0.37507290944985555,1.0,0.6945243897343877,0.4669732371344246,1.0,1.0,4.0,1
e121ea62-9b19-48f0-a6ee-024d976adce0,8d8bd000-8a84-4c8b-bdc8-797008544155,0.8023083957957649,0.2,13.0,0.37507290944985555,1.0,0.14606305453676433,0.13377939697072627,0.0,0.0,4.0,0
e121ea62-9b19-48f0-a6ee-024d976adce0,b9638733-3416-47d7-b548-7e0af0dbe65f,0.8023083957957649,0.2,13.0,0.37507290944985555,0.2,0.7200468573060492,0.4981514611185579,0.6,1.0,1.0,1
e121ea62-9b19-48f0-a6ee-024d976adce0,768074f2-fa60-4a87-b7e9-0fe45c042ba8,0.8023083957957649,0.2,13.0,0.37507290944985555,0.6,0.44816631031351084,0.885378023796285,0.0,1.0,2.0,1
e121ea62-9b19-48f0-a6ee-024d976adce0,e02821d5-6c11-48d3-9e5a-ab797cf10dfd,0.8023083957957649,0.2,13.0,0.37507290944985555,0.2,0.30278131508958317,0.8518530351666224,0.6,5.0,6.0,0
e121ea62-9b19-48f0-a6ee-024d976adce0,e2cc89a7-6e52-40e3-8411-87a3295c8a0e,0.8023083957957649,0.2,13.0,0.37507290944985555,0.2,0.3237254478661281,0.030381800897473776,0.3,0.0,4.0,1
e121ea62-9b19-48f0-a6ee-024d976adce0,153e892c-7403-48b3-b3e5-7a4444a6af33,0.8023083957957649,0.2,13.0,0.37507290944985555,1.0,0.268440635924974,0.5517497858340187,0.3,2.0,2.0,0
e121ea62-9b19-48f0-a6ee-024d976adce0,4b00903d-63e9-4414-b21a-341b0a8b4f74,0.8023083957957649,0.2,13.0,0.37507290944985555,0.2,0.6633655398442496,0.5256274218571385,0.0,1.0,6.0,1
e121ea62-9b19-48f0-a6ee-024d976adce0,cfaac6f7-b976-4661-8cd2-98f3a4e3a281,0.8023083957957649,0.2,13.0,0.37507290944985555,0.2,0.17993656314318568,0.2972789514204549,0.3,4.0,2.0,1
e121ea62-9b19-48f0-a6ee-024d976adce0,059f7915-4179-4fab-ab9a-979f2ce6e218,0.8023083957957649,0.2,13.0,0.37507290944985555,1.0,0.9507761192432672,0.14440395180459542,0.6,1.0,1.0,1
e121ea62-9b19-48f0-a6ee-024d976adce0,1e9ac78a-0ad3-4758-94d2-679a7c60a672,0.8023083957957649,0.2,13.0,0.37507290944985555,0.6,0.1486437037821284,0.8157193928134632,0.6,3.0,1.0,1
e121ea62-9b19-48f0-a6ee-024d976adce0,4a47a28f-ebfe-4e2c-b5a5-219b771c2344,0.8023083957957649,0.2,13.0,0.37507290944985555,1.0,0.886582543106834,0.6746693780314743,0.3,0.0,2.0,0
e121ea62-9b19-48f0-a6ee-024d976adce0,84c440d3-55ef-46aa-abeb-ca96e8632be9,0.8023083957957649,0.2,13.0,0.37507290944985555,0.6,0.5539423499120992,0.05768859541460958,0.6,0.0,1.0,0
e121ea62-9b19-48f0-a6ee-024d976adce0,8155e67e-e6b6-4564-9fbc-a422dfbb4728,0.8023083957957649,0.2,13.0,0.37507290944985555,0.2,0.3282195111753295,0.7588859461800079,0.0,0.0,1.0,1
e121ea62-9b19-48f0-a6ee-024d976adce0,e78aa463-4c6f-47dc-a5bb-968ac81532c7,0.8023083957957649,0.2,13.0,0.37507290944985555,0.6,0.961259998425001,0.14413543131777729,0.6,4.0,3.0,0
4e1b73d8-d6ab-480b-8d47-73b8bd7cc4fc,10061fb7-f1ca-4d39-a324-536b4bc6d836,0.7628768993212001,1.0,16.0,0.5716399076594018,0.2,0.618739880361464,0.7410470610420968,1.0,0.0,0.0,0
4e1b73d8-d6ab-480b-8d47-73b8bd7cc4fc,5145c478-0b39-4ab7-a906-e1b9735ba3ce,0.7628768993212001,1.0,16.0,0.5716399076594018,0.6,0.8786936977058606,0.9587100682359623,1.0,1.0,0.0,1
4e1b73d8-d6ab-480b-8d47-73b8bd7cc4fc,042f11d0-6ddd-4561-8c2c-5e00545a621e,0.7628768993212001,1.0,16.0,0.5716399076594018,1.0,0.7872798003899497,0.9285445017428434,0.6,2.0,1.0,1
4e1b73d8-d6ab-480b-8d47-73b8bd7cc4fc,b7c1594e-c23f-4a6c-b842-737b0c93b147,0.7628768993212001,1.0,16.0,0.5716399076594018,1.0,0.3323463750225212,0.10510906779710338,0.3,4.0,6.0,0
4e1b73d8-d6ab-480b-8d47-73b8bd7cc4fc,2a4e6f6f-8a97-4b0f-8706-b5b5c9a3506e,0.7628768993212001,1.0,16.0,0.5716399076594018,1.0,0.508305717299449,0.5779541132057853,1.0,1.0,3.0,0
4e1b73d8-d6ab-480b-8d47-73b8bd7cc4fc,a7da2f9e-cfe5-4f9b-a2a9-83b121e1b3a8,0.7628768993212001,1.0,16.0,0.5716399076594018,1.0,0.8629090312240775,0.8986309655053686,0.3,4.0,1.0,0
4e1b73d8-d6ab-480b-8d47-73b8bd7cc4fc,2ab0f7b1-b672-4fd3-bf9d-b9435c307791,0.7628768993212001,1.0,16.0,0.5716399076594018,0.6,0.4930337984475558,0.8483250712740258,0.6,0.0,3.0,0
4e1b73d8-d6ab-480b-8d47-73b8bd7cc4fc,78c12d9f-999b-460d-b319-9bd7627866b0,0.7628768993212001,1.0,16.0,0.5716399076594018,0.2,0.5225456025796394,0.35235373770664025,0.3,3.0,6.0,1
4e1b73d8-d6ab-480b-8d47-73b8bd7cc4fc,33aa1631-5d42-4228-84c3-639ac72cf903,0.7628768993212001,1.0,16.0,0.5716399076594018,1.0,0.20605411083785363,0.7031088164784068,0.3,5.0,6.0,0
4e1b73d8-d6ab-480b-8d47-73b8bd7cc4fc,b30a4759-4017-4c73-a262-ebb3da889ea2,0.7628768993212001,1.0,16.0,0.5716399076594018,0.2,0.2824565624064378,0.9351062106319883,1.0,3.0,0.0,1
4e1b73d8-d6ab-480b-8d47-73b8bd7cc4fc,9d28a4ed-19ea-45ff-8c87-cd755a39633c,0.7628768993212001,1.0,16.0,0.5716399076594018,1.0,0.9699569764835101,0.3864034459374597,1.0,4.0,3.0,0
4e1b73d8-d6ab-480b-8d47-73b8bd7cc4fc,2ab0f7b1-b672-4fd3-bf9d-b9435c307791,0.7628768993212001,1.0,16.0,0.5716399076594018,0.6,0.4930337984475558,0.8483250712740258,0.6,0.0,0.0,1
4e1b73d8-d6ab-480b-8d47-73b8bd7cc4fc,88e79e28-8590-4873-baf3-158ade3d3e32,0.7628768993212001,1.0,16.0,0.5716399076594018,1.0,0.9148647291612199,0.12864998776038128,0.0,2.0,2.0,1
4e1b73d8-d6ab-480b-8d47-73b8bd7cc4fc,8a2b6b58-3f67-4179-b80b-643dade73512,0.7628768993212001,1.0,16.0,0.5716399076594018,0.6,0.31611651735255464,0.7525389528715243,1.0,1.0,5.0,1
4e1b73d8-d6ab-480b-8d47-73b8bd7cc4fc,2ab0f7b1-b672-4fd3-bf9d-b9435c307791,0.7628768993212001,1.0,16.0,0.5716399076594018,0.6,0.4930337984475558,0.8483250712740258,0.6,2.0,2.0,1
4e1b73d8-d6ab-480b-8d47-73b8bd7cc4fc,50485b49-6f87-4fbb-a6d8-cc894f5ad343,0.7628768993212001,1.0,16.0,0.5716399076594018,0.2,0.489665412099198,0.42118413108785735,0.3,5.0,6.0,1
4e1b73d8-d6ab-480b-8d47-73b8bd7cc4fc,ff0af660-6a5f-4fd7-b2e1-c43344816514,0.7628768993212001,1.0,16.0,0.5716399076594018,1.0,0.5024161230527904,0.7433967816161681,0.3,2.0,1.0,1
4e1b73d8-d6ab-480b-8d47-73b8bd7cc4fc,cd408280-465f-4896-b05f-85290441236d,0.7628768993212001,1.0,16.0,0.5716399076594018,1.0,0.22129010421141973,0.167964745667194,0.6,3.0,4.0,1
4e1b73d8-d6ab-480b-8d47-73b8bd7cc4fc,ce563c1b-e3b8-441d-8833-a4b1974ef8ad,0.7628768993212001,1.0,16.0,0.5716399076594018,0.2,0.2484209913313706,0.8711314111441384,0.6,4.0,1.0,0
4e1b73d8-d6ab-480b-8d47-73b8bd7cc4fc,d8d30dac-fd61-48d1-8bf9-aa602ff08b1b,0.7628768993212001,1.0,16.0,0.5716399076594018,0.6,0.5193853910130869,0.5025270481245171,0.0,1.0,0.0,1
4e1b73d8-d6ab-480b-8d47-73b8bd7cc4fc,3e8780dc-c7a9-4934-8e6f-110d379812e4,0.7628768993212001,1.0,16.0,0.5716399076594018,1.0,0.5060570262278341,0.2300402347272693,0.6,5.0,6.0,0
4e1b73d8-d6ab-480b-8d47-73b8bd7cc4fc,015a673e-67b9-4560-949f-f0f29ba09691,0.7628768993212001,1.0,16.0,0.5716399076594018,0.6,0.772469818793257,0.851704139635052,0.0,0.0,4.0,0
4e1b73d8-d6ab-480b-8d47-73b8bd7cc4fc,b8f55e48-9d55-4d28-bc80-497a7d36ac53,0.7628768993212001,1.0,16.0,0.5716399076594018,0.6,0.5364632049642664,0.9010207096938249,0.6,2.0,6.0,1
4e1b73d8-d6ab-480b-8d47-73b8bd7cc4fc,4fdb3305-ba7f-45fd-908f-aee1f36874a7,0.7628768993212001,1.0,16.0,0.5716399076594018,0.2,0.9186809012161644,0.8525202868433427,1.0,3.0,5.0,1
4e1b73d8-d6ab-480b-8d47-73b8bd7cc4fc,8d5761d4-efd9-4f9b-a561-e385778a1505,0.7628768993212001,1.0,16.0,0.5716399076594018,0.2,0.5667301021003356,0.19240837052962323,0.3,1.0,6.0,1
4e1b73d8-d6ab-480b-8d47-73b8bd7cc4fc,b675fdc1-c9db-4f65-ad76-cb5d41d88b8a,0.7628768993212001,1.0,16.0,0.5716399076594018,0.2,0.6871950997280843,0.6183737144963264,0.0,3.0,2.0,0
4e1b73d8-d6ab-480b-8d47-73b8bd7cc4fc,4c734813-4a8a-4ce6-81e5-fc4a2a5db3a2,0.7628768993212001,1.0,16.0,0.5716399076594018,0.6,0.10056769438917118,0.5730262898413426,0.3,1.0,2.0,0
4e1b73d8-d6ab-480b-8d47-73b8bd7cc4fc,18d9fc90-579e-4041-988f-c2fa9da7d9f1,0.7628768993212001,1.0,16.0,0.5716399076594018,0.2,0.611318917479668,0.23509193379958115,0.3,3.0,2.0,1
4e1b73d8-d6ab-480b-8d47-73b8bd7cc4fc,3fb0a35d-d0bf-4534-9f63-995064c4e8af,0.7628768993212001,1.0,16.0,0.5716399076594018,0.2,0.4877773325800844,0.17627426660923395,0.3,2.0,5.0,1
4e1b73d8-d6ab-480b-8d47-73b8bd7cc4fc,69f0bb17-25d2-40ca-9934-1d66d65b38ec,0.7628768993212001,1.0,16.0,0.5716399076594018,1.0,0.5123580186270776,0.31857910523425825,0.6,1.0,6.0,0
4e1b73d8-d6ab-480b-8d47-73b8bd7cc4fc,2f70d43e-6f07-4505-9201-cce02cbbe2f9,0.7628768993212001,1.0,16.0,0.5716399076594018,0.2,0.9098855720694773,0.2703699432968346,0.0,1.0,3.0,1
4e1b73d8-d6ab-480b-8d47-73b8bd7cc4fc,0c914be4-9a3f-42b1-9a0d-7b75e4458ea2,0.7628768993212001,1.0,16.0,0.5716399076594018,0.2,0.6120270413649967,0.8895054166969376,0.3,2.0,3.0,1
4e1b73d8-d6ab-480b-8d47-73b8bd7cc4fc,43b70bae-10ef-4dc3-9f9b-b39a1eacb2d1,0.7628768993212001,1.0,16.0,0.5716399076594018,1.0,0.6227481543871835,0.008705213531018718,1.0,2.0,2.0,0
4e1b73d8-d6ab-480b-8d47-73b8bd7cc4fc,9102dfee-3ffe-4500-abcd-856f5c7ba81a,0.7628768993212001,1.0,16.0,0.5716399076594018,0.2,0.14792713695477017,0.6300659561232757,1.0,5.0,2.0,0
4e1b73d8-d6ab-480b-8d47-73b8bd7cc4fc,43b70bae-10ef-4dc3-9f9b-b39a1eacb2d1,0.7628768993212001,1.0,16.0,0.5716399076594018,1.0,0.6227481543871835,0.008705213531018718,1.0,4.0,1.0,0
4e1b73d8-d6ab-480b-8d47-73b8bd7cc4fc,b972f906-99a3-4c64-8a3c-52215d80d34b,0.7628768993212001,1.0,16.0,0.5716399076594018,0.2,0.7557609477960204,0.33890958121625947,0.3,0.0,4.0,0
4e1b73d8-d6ab-480b-8d47-73b8bd7cc4fc,04b630df-e955-44a2-ba81-7807bb8bbf0e,0.7628768993212001,1.0,16.0,0.5716399076594018,0.6,0.26969467315661044,0.7945253868283686,1.0,1.0,6.0,1
4e1b73d8-d6ab-480b-8d47-73b8bd7cc4fc,b008e459-aec4-4940-b0b0-b9521473a99b,0.7628768993212001,1.0,16.0,0.5716399076594018,0.2,0.8465976222683373,0.22635650862391665,1.0,4.0,3.0,0
4e1b73d8-d6ab-480b-8d47-73b8bd7cc4fc,ad90952f-caf0-425d-8039-7263f702df91,0.7628768993212001,1.0,16.0,0.5716399076594018,0.2,0.9254823202465832,0.36840241779614114,0.0,5.0,0.0,0
4e1b73d8-d6ab-480b-8d47-73b8bd7cc4fc,a8daf424-06ed-42c5-99ea-74a1e01591a9,0.7628768993212001,1.0,16.0,0.5716399076594018,0.6,0.6995840419204985,0.5852213104701965,0.0,1.0,2.0,0
0f890ae7-b520-47a2-b563-9a869469557d,03be5e2c-49dc-49c9-bf6c-bd633714d57c,0.5901840558233766,0.2,14.0,0.30667128444562314,0.2,0.23003808241798443,0.40233767223870887,0.0,4.0,0.0,1
0f890ae7-b520-47a2-b563-9a869469557d,663e97bc-95a7-41b9-9e8e-0aaa991d7522,0.5901840558233766,0.2,14.0,0.30667128444562314,0.2,0.45979536292483636,0.25030114523410607,1.0,3.0,1.0,1
0f890ae7-b520-47a2-b563-9a869469557d,10061fb7-f1ca-4d39-a324-536b4bc6d836,0.5901840558233766,0.2,14.0,0.30667128444562314,0.2,0.618739880361464,0.7410470610420968,1.0,3.0,3.0,0
0f890ae7-b520-47a2-b563-9a869469557d,e44b9013-f4a8-49bf-9379-87dcbb2e8e53,0.5901840558233766,0.2,14.0,0.30667128444562314,1.0,0.36258242224859283,0.32306846386650134,0.3,0.0,4.0,1
0f890ae7-b520-47a2-b563-9a869469557d,f32bd05f-f328-4f1a-be52-e7eeae8d75e8,0.5901840558233766,0.2,14.0,0.30667128444562314,1.0,0.7522989076063284,0.09818661644669102,0.3,3.0,6.0,1
0f890ae7-b520-47a2-b563-9a869469557d,84c440d3-55ef-46aa-abeb-ca96e8632be9,0.5901840558233766,0.2,14.0,0.30667128444562314,0.6,0.5539423499120992,0.05768859541460958,0.6,4.0,0.0,0
0f890ae7-b520-47a2-b563-9a869469557d,8e97dadb-1a1b-42b9-ab2b-901aa2169415,0.5901840558233766,0.2,14.0,0.30667128444562314,0.6,0.4258214568056816,0.9395878832020562,1.0,1.0,1.0,1
0f890ae7-b520-47a2-b563-9a869469557d,7a3805f8-637d-41ce-ac78-d79938def8ea,0.5901840558233766,0.2,14.0,0.30667128444562314,0.2,0.6005977206832448,0.609661198171549,0.0,1.0,1.0,1
0f890ae7-b520-47a2-b563-9a869469557d,29943de0-bf3c-49cd-84da-43ca10216d5a,0.5901840558233766,0.2,14.0,0.30667128444562314,1.0,0.24742902261843305,0.882207830248756,0.0,4.0,1.0,1
0f890ae7-b520-47a2-b563-9a869469557d,0d91a5c8-4b22-4198-b963-be98907527f4,0.5901840558233766,0.2,14.0,0.30667128444562314,0.2,0.36811976533001634,0.7445398250927052,0.0,3.0,0.0,1
0f890ae7-b520-47a2-b563-9a869469557d,16aa6851-6f56-441d-b1e3-84c8e2b58887,0.5901840558233766,0.2,14.0,0.30667128444562314,1.0,0.7017944767412314,0.7875435396564088,0.3,5.0,0.0,0
0f890ae7-b520-47a2-b563-9a869469557d,19e80ef1-4224-4720-a093-1f15d029cdae,0.5901840558233766,0.2,14.0,0.30667128444562314,1.0,0.8175424886601043,0.7192671703216541,0.6,5.0,5.0,0
0f890ae7-b520-47a2-b563-9a869469557d,8ed783a1-387d-4717-b5f7-15de4d9164c0,0.5901840558233766,0.2,14.0,0.30667128444562314,1.0,0.6957695377284588,0.9476351583956032,0.0,3.0,6.0,0
0f890ae7-b520-47a2-b563-9a869469557d,c1dad211-ef14-4930-9fde-65d8d01eb8a2,0.5901840558233766,0.2,14.0,0.30667128444562314,1.0,0.2775989588417923,0.19963019650413683,0.3,5.0,2.0,0
0f890ae7-b520-47a2-b563-9a869469557d,139389de-ef52-4a31-a3a6-711cb26f1f6a,0.5901840558233766,0.2,14.0,0.30667128444562314,0.2,0.6569353768626665,0.927362807810403,1.0,3.0,1.0,1
0f890ae7-b520-47a2-b563-9a869469557d,15ffb6f4-0363-4611-afec-93fefe2ffd83,0.5901840558233766,0.2,14.0,0.30667128444562314,0.2,0.9223427256162328,0.7798431272433336,0.3,3.0,5.0,1
0f890ae7-b520-47a2-b563-9a869469557d,19e80ef1-4224-4720-a093-1f15d029cdae,0.5901840558233766,0.2,14.0,0.30667128444562314,1.0,0.8175424886601043,0.7192671703216541,0.6,1.0,6.0,0
0f890ae7-b520-47a2-b563-9a869469557d,7c817b5c-6572-44b4-8692-fb0a6e6339be,0.5901840558233766,0.2,14.0,0.30667128444562314,1.0,0.5648788196988385,0.6966139096390322,0.6,0.0,5.0,0
0f890ae7-b520-47a2-b563-9a869469557d,b61ea83c-607e-45d0-8e7b-1b85dc0719bf,0.5901840558233766,0.2,14.0,0.30667128444562314,0.2,0.48020855047645894,0.4947416007255965,1.0,5.0,0.0,1
0f890ae7-b520-47a2-b563-9a869469557d,6bc2f168-7233-41b6-b378-1e91e4060318,0.5901840558233766,0.2,14.0,0.30667128444562314,0.6,0.8903489988595626,0.4493952204847722,0.6,5.0,0.0,1
0f890ae7-b520-47a2-b563-9a869469557d,5c628898-abde-4c5b-8dc9-253bfab0c323,0.5901840558233766,0.2,14.0,0.30667128444562314,0.6,0.29562602483866546,0.8882279982692427,0.3,0.0,5.0,1
0f890ae7-b520-47a2-b563-9a869469557d,b08c5e45-1706-4711-993f-50cbf58e2335,0.5901840558233766,0.2,14.0,0.30667128444562314,0.6,0.7901117853804409,0.22604311984039915,0.0,5.0,3.0,0
0f890ae7-b520-47a2-b563-9a869469557d,10fa412c-7efe-46f7-89b0-c6aa11d87532,0.5901840558233766,0.2,14.0,0.30667128444562314,1.0,0.911960789245008,0.6298188715387788,0.3,0.0,3.0,1
0f890ae7-b520-47a2-b563-9a869469557d,b30a4759-4017-4c73-a262-ebb3da889ea2,0.5901840558233766,0.2,14.0,0.30667128444562314,0.2,0.2824565624064378,0.9351062106319883,1.0,4.0,2.0,0
0f890ae7-b520-47a2-b563-9a869469557d,b76881f6-7f27-4c43-8ef9-41162752919f,0.5901840558233766,0.2,14.0,0.30667128444562314,1.0,0.440401152269174,0.05205596231391263,0.0,3.0,6.0,0
0f890ae7-b520-47a2-b563-9a869469557d,09a8b01c-9886-431b-860f-484d959f9fd8,0.5901840558233766,0.2,14.0,0.30667128444562314,0.2,0.7949409365509817,0.650881327422057,0.0,0.0,4.0,1
0f890ae7-b520-47a2-b563-9a869469557d,29943de0-bf3c-49cd-84da-43ca10216d5a,0.5901840558233766,0.2,14.0,0.30667128444562314,1.0,0.24742902261843305,0.882207830248756,0.0,3.0,4.0,1
0f890ae7-b520-47a2-b563-9a869469557d,be7b953b-bf68-42e7-957e-b6f8f29af69d,0.5901840558233766,0.2,14.0,0.30667128444562314,1.0,0.6945243897343877,0.4669732371344246,1.0,5.0,1.0,0
0f890ae7-b520-47a2-b563-9a869469557d,51656879-b9de-4976-b3d5-c8a240739e35,0.5901840558233766,0.2,14.0,0.30667128444562314,0.6,0.12393733137164058,0.5053225155587664,1.0,1.0,3.0,0
0f890ae7-b520-47a2-b563-9a869469557d,f4511c0e-1907-4564-85be-6208646f9403,0.5901840558233766,0.2,14.0,0.30667128444562314,0.6,0.9737144331912416,0.8489993802384885,0.3,3.0,1.0,1
0f890ae7-b520-47a2-b563-9a869469557d,7cae5725-f4a7-4615-ab21-00fad572f2f3,0.5901840558233766,0.2,14.0,0.30667128444562314,1.0,0.8991240703271256,0.15308566915688449,0.3,1.0,4.0,0
0f890ae7-b520-47a2-b563-9a869469557d,d62328c7-3c09-4bff-896a-238934dcedc8,0.5901840558233766,0.2,14.0,0.30667128444562314,0.2,0.5544033125310288,0.572254789610878,1.0,4.0,6.0,1
0f890ae7-b520-47a2-b563-9a869469557d,de80c064-1511-4251-84a5-ba1187978d32,0.5901840558233766,0.2,14.0,0.30667128444562314,1.0,0.37359855622088356,0.32543416209529763,0.0,4.0,2.0,0
0f890ae7-b520-47a2-b563-9a869469557d,34df5d01-15ed-49be-beaf-1edba5ce73f3,0.5901840558233766,0.2,14.0,0.30667128444562314,0.2,0.570771685431961,0.8647552667165631,0.3,3.0,4.0,1
0f890ae7-b520-47a2-b563-9a869469557d,dd23fd07-88e1-462e-bc3b-00e51b7428ff,0.5901840558233766,0.2,14.0,0.30667128444562314,0.2,0.9167390499607783,0.453942637731402,1.0,1.0,1.0,0
0f890ae7-b520-47a2-b563-9a869469557d,2e56c0c7-a2d4-4606-8362-ead47ba989cf,0.5901840558233766,0.2,14.0,0.30667128444562314,1.0,0.9838404823093492,0.5555768002260758,0.0,0.0,5.0,0
0f890ae7-b520-47a2-b563-9a869469557d,c3ccbfd0-fc33-4b81-bec0-7bb56f47c14f,0.5901840558233766,0.2,14.0,0.30667128444562314,1.0,0.7957102117424933,0.04996005462064468,1.0,1.0,4.0,0
0f890ae7-b520-47a2-b563-9a869469557d,0764c1e1-84c4-4344-814b-56f447356699,0.5901840558233766,0.2,14.0,0.30667128444562314,0.2,0.36478434898577183,0.31372887152086304,0.3,3.0,5.0,1
0f890ae7-b520-47a2-b563-9a869469557d,f2b47773-ae1a-4e1a-83d1-6e1190805e45,0.5901840558233766,0.2,14.0,0.30667128444562314,0.2,0.47451581704366996,0.8941437054017293,0.0,5.0,2.0,0
0f890ae7-b520-47a2-b563-9a869469557d,5b598b97-310b-48b1-a31c-086e59102b7b,0.5901840558233766,0.2,14.0,0.30667128444562314,0.2,0.7003193052156396,0.8859898883469448,0.0,0.0,4.0,1
f6882c71-ebdc-458c-a9cf-9a32dce50b0e,f4511c0e-1907-4564-85be-6208646f9403,0.5252502662487657,1.0,17.0,0.6763618547755358,0.6,0.9737144331912416,0.8489993802384885,0.3,2.0,5.0,1
f6882c71-ebdc-458c-a9cf-9a32dce50b0e,d72916bd-ef8f-4502-bba8-725c04f85a5f,0.5252502662487657,1.0,17.0,0.6763618547755358,0.2,0.854828063402321,0.2603597878713769,0.0,5.0,0.0,1
f6882c71-ebdc-458c-a9cf-9a32dce50b0e,90e0e36e-2a3f-4349-b92f-d283a363e309,0.5252502662487657,1.0,17.0,0.6763618547755358,0.6,0.37903438078382046,0.7659731746919894,0.6,2.0,2.0,1
f6882c71-ebdc-458c-a9cf-9a32dce50b0e,85930d8e-50d0-4f7b-acb8-caaac625dd0e,0.5252502662487657,1.0,17.0,0.6763618547755358,1.0,0.718363556324442,0.8165727833244342,0.6,0.0,4.0,0
f6882c71-ebdc-458c-a9cf-9a32dce50b0e,e8099b2a-0582-4c26-a562-02489ef37a4d,0.5252502662487657,1.0,17.0,0.6763618547755358,1.0,0.5135230437741315,0.3765636685032894,1.0,3.0,2.0,0
f6882c71-ebdc-458c-a9cf-9a32dce50b0e,d8d30dac-fd61-48d1-8bf9-aa602ff08b1b,0.5252502662487657,1.0,17.0,0.6763618547755358,0.6,0.5193853910130869,0.5025270481245171,0.0,5.0,3.0,1
f6882c71-ebdc-458c-a9cf-9a32dce50b0e,f32bd05f-f328-4f1a-be52-e7eeae8d75e8,0.5252502662487657,1.0,17.0,0.6763618547755358,1.0,0.7522989076063284,0.09818661644669102,0.3,2.0,5.0,0
f6882c71-ebdc-458c-a9cf-9a32dce50b0e,c65f2822-55d3-4e67-b0e3-dcb7ed48c4fc,0.5252502662487657,1.0,17.0,0.6763618547755358,0.2,0.5969201348829377,0.6751594254540361,0.3,2.0,6.0,1
f6882c71-ebdc-458c-a9cf-9a32dce50b0e,4b00903d-63e9-4414-b21a-341b0a8b4f74,0.5252502662487657,1.0,17.0,0.6763618547755358,0.2,0.6633655398442496,0.5256274218571385,0.0,0.0,1.0,0
f6882c71-ebdc-458c-a9cf-9a32dce50b0e,768074f2-fa60-4a87-b7e9-0fe45c042ba8,0.5252502662487657,1.0,17.0,0.6763618547755358,0.6,0.44816631031351084,0.885378023796285,0.0,4.0,6.0,0
f6882c71-ebdc-458c-a9cf-9a32dce50b0e,b939da7f-028e-4294-87a9-cae844ef2396,0.5252502662487657,1.0,17.0,0.6763618547755358,1.0,0.28159591151234475,0.3654017291850822,1.0,2.0,0.0,0
f6882c71-ebdc-458c-a9cf-9a32dce50b0e,b08e025f-b00e-487d-9769-6e771d335fcd,0.5252502662487657,1.0,17.0,0.6763618547755358,0.6,0.35587631985892465,0.5051778789164922,0.3,3.0,0.0,1
f6882c71-ebdc-458c-a9cf-9a32dce50b0e,d72916bd-ef8f-4502-bba8-725c04f85a5f,0.5252502662487657,1.0,17.0,0.6763618547755358,0.2,0.854828063402321,0.2603597878713769,0.0,3.0,0.0,1
f6882c71-ebdc-458c-a9cf-9a32dce50b0e,1e9ac78a-0ad3-4758-94d2-679a7c60a672,0.5252502662487657,1.0,17.0,0.6763618547755358,0.6,0.1486437037821284,0.8157193928134632,0.6,3.0,2.0,0
f6882c71-ebdc-458c-a9cf-9a32dce50b0e,45cea0cf-acbc-4a1c-ae67-7da156ce4e33,0.5252502662487657,1.0,17.0,0.6763618547755358,0.6,0.44790999008794674,0.8240533460888545,0.3,1.0,0.0,0
f6882c71-ebdc-458c-a9cf-9a32dce50b0e,7e095f22-5248-4ba3-b91c-aefd7470fd6a,0.5252502662487657,1.0,17.0,0.6763618547755358,0.6,0.520298671705361,0.6766771512956176,0.3,0.0,6.0,0
f6882c71-ebdc-458c-a9cf-9a32dce50b0e,fccbd80d-e8cc-4cf0-adb9-85c0aa640f7f,0.5252502662487657,1.0,17.0,0.6763618547755358,1.0,0.7950919292205237,0.850748587791265,0.0,4.0,1.0,1
f6882c71-ebdc-458c-a9cf-9a32dce50b0e,d72916bd-ef8f-4502-bba8-725c04f85a5f,0.5252502662487657,1.0,17.0,0.6763618547755358,0.2,0.854828063402321,0.2603597878713769,0.0,3.0,4.0,0
f6882c71-ebdc-458c-a9cf-9a32dce50b0e,5b598b97-310b-48b1-a31c-086e59102b7b,0.5252502662487657,1.0,17.0,0.6763618547755358,0.2,0.7003193052156396,0.8859898883469448,0.0,4.0,3.0,1
f6882c71-ebdc-458c-a9cf-9a32dce50b0e,666c606e-4a7f-4e66-9fac-fbc0339d13f8,0.5252502662487657,1.0,17.0,0.6763618547755358,1.0,0.9652102148867648,0.8330892916579566,0.3,1.0,4.0,0
f6882c71-ebdc-458c-a9cf-9a32dce50b0e,0d91a5c8-4b22-4198-b963-be98907527f4,0.5252502662487657,1.0,17.0,0.6763618547755358,0.2,0.36811976533001634,0.7445398250927052,0.0,3.0,3.0,1
f6882c71-ebdc-458c-a9cf-9a32dce50b0e,fe09dd6a-bc95-42e6-bb3c-61d404a20200,0.5252502662487657,1.0,17.0,0.6763618547755358,0.2,0.852490071939042,0.9956463958670673,0.3,2.0,5.0,1
f6882c71-ebdc-458c-a9cf-9a32dce50b0e,3fb0a35d-d0bf-4534-9f63-995064c4e8af,0.5252502662487657,1.0,17.0,0.6763618547755358,0.2,0.4877773325800844,0.17627426660923395,0.3,3.0,3.0,0
f6882c71-ebdc-458c-a9cf-9a32dce50b0e,160450d5-9356-496d-a71d-78413a2828c7,0.5252502662487657,1.0,17.0,0.6763618547755358,0.2,0.6437789001540966,0.8506322574276396,1.0,0.0,6.0,1
f6882c71-ebdc-458c-a9cf-9a32dce50b0e,34df5d01-15ed-49be-beaf-1edba5ce73f3,0.5252502662487657,1.0,17.0,0.6763618547755358,0.2,0.570771685431961,0.8647552667165631,0.3,1.0,6.0,1
f6882c71-ebdc-458c-a9cf-9a32dce50b0e,2270dcd6-f4ba-4acf-b863-271ea249c419,0.5252502662487657,1.0,17.0,0.6763618547755358,0.6,0.888509462672205,0.11768090665028597,0.0,5.0,6.0,0
f6882c71-ebdc-458c-a9cf-9a32dce50b0e,f4511c0e-1907-4564-85be-6208646f9403,0.5252502662487657,1.0,17.0,0.6763618547755358,0.6,0.9737144331912416,0.8489993802384885,0.3,4.0,6.0,0
f6882c71-ebdc-458c-a9cf-9a32dce50b0e,c4200dd0-0628-49ac-a3d4-9cafb23a3f7c,0.5252502662487657,1.0,17.0,0.6763618547755358,0.6,0.23204019132352335,0.14567973078804342,0.3,3.0,3.0,0
f6882c71-ebdc-458c-a9cf-9a32dce50b0e,e4e6b795-9ea2-4e67-a482-101b379e3dd3,0.5252502662487657,1.0,17.0,0.6763618547755358,0.6,0.7178715876853263,0.49460864618565403,0.0,3.0,6.0,0
f6882c71-ebdc-458c-a9cf-9a32dce50b0e,6a217f2a-6a27-417d-a68f-a01e2a149c82,0.5252502662487657,1.0,17.0,0.6763618547755358,1.0,0.6505590801619944,0.0878064055229939,0.6,3.0,1.0,0
f6882c71-ebdc-458c-a9cf-9a32dce50b0e,7a3805f8-637d-41ce-ac78-d79938def8ea,0.5252502662487657,1.0,17.0,0.6763618547755358,0.2,0.6005977206832448,0.609661198171549,0.0,4.0,6.0,1
f6882c71-ebdc-458c-a9cf-9a32dce50b0e,06deada8-30c5-413b-9c3c-714dac3f16dc,0.5252502662487657,1.0,17.0,0.6763618547755358,1.0,0.35763710304451657,0.8208832504363414,1.0,4.0,1.0,0
f6882c71-ebdc-458c-a9cf-9a32dce50b0e,b7f3f687-720d-4c2e-b765-833d1f628763,0.5252502662487657,1.0,17.0,0.6763618547755358,0.6,0.5040757896213439,0.7654432929579714,0.6,5.0,2.0,0
f6882c71-ebdc-458c-a9cf-9a32dce50b0e,5e04770f-4a25-48a2-ad93-cef1ed97d455,0.5252502662487657,1.0,17.0,0.6763618547755358,1.0,0.6810890391339975,0.862719881758954,0.3,3.0,0.0,0
f6882c71-ebdc-458c-a9cf-9a32dce50b0e,b8f55e48-9d55-4d28-bc80-497a7d36ac53,0.5252502662487657,1.0,17.0,0.6763618547755358,0.6,0.5364632049642664,0.9010207096938249,0.6,4.0,3.0,1
f6882c71-ebdc-458c-a9cf-9a32dce50b0e,2270dcd6-f4ba-4acf-b863-271ea249c419,0.5252502662487657,1.0,17.0,0.6763618547755358,0.6,0.888509462672205,0.11768090665028597,0.0,1.0,3.0,1
f6882c71-ebdc-458c-a9cf-9a32dce50b0e,4e038b59-7940-4187-89a4-aa8900eb4584,0.5252502662487657,1.0,17.0,0.6763618547755358,0.6,0.8162686834681103,0.09548613580741361,0.3,5.0,5.0,0
f6882c71-ebdc-458c-a9cf-9a32dce50b0e,230352f2-770a-46c0-abe4-d7625139ab5e,0.5252502662487657,1.0,17.0,0.6763618547755358,0.2,0.6004574087726475,0.5930492421524886,0.0,0.0,5.0,0
f6882c71-ebdc-458c-a9cf-9a32dce50b0e,6194ece5-783c-4da7-bdc5-d5536c904afd,0.5252502662487657,1.0,17.0,0.6763618547755358,0.6,0.6048572623235224,0.928472011746639,0.3,5.0,5.0,1
f6882c71-ebdc-458c-a9cf-9a32dce50b0e,b61ea83c-607e-45d0-8e7b-1b85dc0719bf,0.5252502662487657,1.0,17.0,0.6763618547755358,0.2,0.48020855047645894,0.4947416007255965,1.0,2.0,6.0,0
02e16f82-6247-456f-9db7-5a71790ac516,0b680785-5c4e-4ff3-90da-a95bdb6ddea3,0.865027725910209,0.6,19.0,0.8520052058653471,1.0,0.9476882864447816,0.37902629176285674,0.0,0.0,3.0,1
02e16f82-6247-456f-9db7-5a71790ac516,09a8b01c-9886-431b-860f-484d959f9fd8,0.865027725910209,0.6,19.0,0.8520052058653471,0.2,0.7949409365509817,0.650881327422057,0.0,4.0,3.0,1
02e16f82-6247-456f-9db7-5a71790ac516,be9d36c1-5645-43bf-b29e-f59fe75b58fc,0.865027725910209,0.6,19.0,0.8520052058653471,0.2,0.9631836571803765,0.9302866275169228,1.0,1.0,2.0,0
02e16f82-6247-456f-9db7-5a71790ac516,b76881f6-7f27-4c43-8ef9-41162752919f,0.865027725910209,0.6,19.0,0.8520052058653471,1.0,0.440401152269174,0.05205596231391263,0.0,5.0,6.0,1
02e16f82-6247-456f-9db7-5a71790ac516,5ac7df38-e13e-4ddf-ac1d-8bd8825c2903,0.865027725910209,0.6,19.0,0.8520052058653471,0.2,0.5606417702241059,0.9155246766150124,0.0,5.0,5.0,1
02e16f82-6247-456f-9db7-5a71790ac516,4a47a28f-ebfe-4e2c-b5a5-219b771c2344,0.865027725910209,0.6,19.0,0.8520052058653471,1.0,0.886582543106834,0.6746693780314743,0.3,0.0,3.0,0
02e16f82-6247-456f-9db7-5a71790ac516,92da4efc-92e2-4b63-a697-25a464242c2d,0.865027725910209,0.6,19.0,0.8520052058653471,1.0,0.6595170148426077,0.9265692444764961,1.0,3.0,5.0,0
02e16f82-6247-456f-9db7-5a71790ac516,f2d9a85b-88a4-4950-96c1-3a460d8c8fab,0.865027725910209,0.6,19.0,0.8520052058653471,1.0,0.3746902350991088,0.34879260140220214,0.3,5.0,0.0,0
02e16f82-6247-456f-9db7-5a71790ac516,b5455ff3-4469-4b08-b2d0-3b4b8a9faa28,0.865027725910209,0.6,19.0,0.8520052058653471,0.2,0.8168045396107254,0.12498281746751883,0.3,0.0,0.0,0
02e16f82-6247-456f-9db7-5a71790ac516,8c20762d-72fc-4a90-9284-b697f6205faa,0.865027725910209,0.6,19.0,0.8520052058653471,0.2,0.809327370784988,0.46262162923016714,0.6,5.0,5.0,0
02e16f82-6247-456f-9db7-5a71790ac516,6cef895f-06aa-4942-bedd-72fff31eb379,0.865027725910209,0.6,19.0,0.8520052058653471,0.2,0.8773089936408774,0.6446474280251517,1.0,0.0,2.0,0
02e16f82-6247-456f-9db7-5a71790ac516,0d91a5c8-4b22-4198-b963-be98907527f4,0.865027725910209,0.6,19.0,0.8520052058653471,0.2,0.36811976533001634,0.7445398250927052,0.0,0.0,3.0,1
02e16f82-6247-456f-9db7-5a71790ac516,b02c207c-3d8f-47d1-94d5-ea09db74e5c8,0.865027725910209,0.6,19.0,0.8520052058653471,0.6,0.3575527172065134,0.7990422256936793,0.3,3.0,5.0,1
02e16f82-6247-456f-9db7-5a71790ac516,b404278c-bd4e-43f3-b805-2473f7c0eb3d,0.865027725910209,0.6,19.0,0.8520052058653471,0.6,0.2463507248368063,0.8830515088702483,0.3,1.0,0.0,1
02e16f82-6247-456f-9db7-5a71790ac516,c65f2822-55d3-4e67-b0e3-dcb7ed48c4fc,0.865027725910209,0.6,19.0,0.8520052058653471,0.2,0.5969201348829377,0.6751594254540361,0.3,5.0,6.0,1
02e16f82-6247-456f-9db7-5a71790ac516,e033b700-4879-4d96-af09-314a42b40ec0,0.865027725910209,0.6,19.0,0.8520052058653471,0.6,0.5265277997852419,0.306413896951497,1.0,3.0,1.0,0
02e16f82-6247-456f-9db7-5a71790ac516,9f019ca3-6a4d-4f1c-8cfd-4fc983011cd8,0.865027725910209,0.6,19.0,0.8520052058653471,0.6,0.8592879525285462,0.4771610349793223,0.6,4.0,1.0,0
02e16f82-6247-456f-9db7-5a71790ac516,be7b953b-bf68-42e7-957e-b6f8f29af69d,0.865027725910209,0.6,19.0,0.8520052058653471,1.0,0.6945243897343877,0.4669732371344246,1.0,4.0,2.0,1
02e16f82-6247-456f-9db7-5a71790ac516,dd77c881-c04d-4f99-9177-d94ef20adb4f,0.865027725910209,0.6,19.0,0.8520052058653471,0.6,0.616612541041993,0.6647291139113415,0.0,3.0,1.0,0
02e16f82-6247-456f-9db7-5a71790ac516,c3ccbfd0-fc33-4b81-bec0-7bb56f47c14f,0.865027725910209,0.6,19.0,0.8520052058653471,1.0,0.7957102117424933,0.04996005462064468,1.0,4.0,1.0,0
02e16f82-6247-456f-9db7-5a71790ac516,775861d5-545e-4ddf-b332-3aabb9bd0e76,0.865027725910209,0.6,19.0,0.8520052058653471,1.0,0.8513642364331833,0.05300666587800451,0.6,0.0,0.0,1
02e16f82-6247-456f-9db7-5a71790ac516,dfb0809f-a08c-4519-85d0-1f790e6cd5d9,0.865027725910209,0.6,19.0,0.8520052058653471,1.0,0.12996439027292325,0.8581884567519729,1.0,5.0,4.0,1
02e16f82-6247-456f-9db7-5a71790ac516,19e80ef1-4224-4720-a093-1f15d029cdae,0.865027725910209,0.6,19.0,0.8520052058653471,1.0,0.8175424886601043,0.7192671703216541,0.6,1.0,6.0,1
02e16f82-6247-456f-9db7-5a71790ac516,6a217f2a-6a27-417d-a68f-a01e2a149c82,0.865027725910209,0.6,19.0,0.8520052058653471,1.0,0.6505590801619944,0.0878064055229939,0.6,4.0,0.0,0
02e16f82-6247-456f-9db7-5a71790ac516,27de15b7-4423-4163-9a52-27eba3556133,0.865027725910209,0.6,19.0,0.8520052058653471,0.2,0.8025233861040034,0.45458734247358457,0.6,4.0,0.0,1
02e16f82-6247-456f-9db7-5a71790ac516,03be5e2c-49dc-49c9-bf6c-bd633714d57c,0.865027725910209,0.6,19.0,0.8520052058653471,0.2,0.23003808241798443,0.40233767223870887,0.0,3.0,1.0,0
02e16f82-6247-456f-9db7-5a71790ac516,74e91ec2-7e97-4477-a254-e11129eee045,0.865027725910209,0.6,19.0,0.8520052058653471,1.0,0.4127752338799551,0.9613455666412534,0.3,2.0,1.0,0
02e16f82-6247-456f-9db7-5a71790ac516,61f8b793-eb21-415f-be6a-1dace64c1dab,0.865027725910209,0.6,19.0,0.8520052058653471,0.2,0.5789373941878594,0.5534783138488689,0.0,5.0,2.0,1
02e16f82-6247-456f-9db7-5a71790ac516,16aa6851-6f56-441d-b1e3-84c8e2b58887,0.865027725910209,0.6,19.0,0.8520052058653471,1.0,0.7017944767412314,0.7875435396564088,0.3,0.0,0.0,0
02e16f82-6247-456f-9db7-5a71790ac516,786a081e-bed1-4dd5-af8f-b24a2969db27,0.865027725910209,0.6,19.0,0.8520052058653471,1.0,0.2204606202831086,0.8790686327551894,0.6,5.0,5.0,1
02e16f82-6247-456f-9db7-5a71790ac516,e02821d5-6c11-48d3-9e5a-ab797cf10dfd,0.865027725910209,0.6,19.0,0.8520052058653471,0.2,0.30278131508958317,0.8518530351666224,0.6,1.0,3.0,1
02e16f82-6247-456f-9db7-5a71790ac516,b02c207c-3d8f-47d1-94d5-ea09db74e5c8,0.865027725910209,0.6,19.0,0.8520052058653471,0.6,0.3575527172065134,0.7990422256936793,0.3,1.0,3.0,1
02e16f82-6247-456f-9db7-5a71790ac516,1dbb57c0-dbf1-4996-b33e-610ff0e1a4c5,0.865027725910209,0.6,19.0,0.8520052058653471,0.2,0.6520298599863723,0.91316722678243,1.0,2.0,4.0,0
02e16f82-6247-456f-9db7-5a71790ac516,e2cc89a7-6e52-40e3-8411-87a3295c8a0e,0.865027725910209,0.6,19.0,0.8520052058653471,0.2,0.3237254478661281,0.030381800897473776,0.3,1.0,4.0,1
02e16f82-6247-456f-9db7-5a71790ac516,bf54fdb0-6d82-479e-a9d5-78fc64767a17,0.865027725910209,0.6,19.0,0.8520052058653471,0.2,0.17614837616217327,0.6505421545039386,1.0,1.0,6.0,1
02e16f82-6247-456f-9db7-5a71790ac516,10061fb7-f1ca-4d39-a324-536b4bc6d836,0.865027725910209,0.6,19.0,0.8520052058653471,0.2,0.618739880361464,0.7410470610420968,1.0,5.0,2.0,1
02e16f82-6247-456f-9db7-5a71790ac516,b85c5447-3934-4a5f-a2ea-5cf406ba1386,0.865027725910209,0.6,19.0,0.8520052058653471,0.2,0.7359215878835874,0.20471404262800852,1.0,2.0,4.0,1
02e16f82-6247-456f-9db7-5a71790ac516,d91ea030-edc5-4199-b235-b4f2746330e6,0.865027725910209,0.6,19.0,0.8520052058653471,1.0,0.7413528687367448,0.2371548448306322,0.6,2.0,6.0,0
02e16f82-6247-456f-9db7-5a71790ac516,effc8e6d-3fa0-4ad0-84e0-49ceb18ecfdf,0.865027725910209,0.6,19.0,0.8520052058653471,1.0,0.1753861576369154,0.018304751217713022,0.6,3.0,6.0,0
02e16f82-6247-456f-9db7-5a71790ac516,6cef895f-06aa-4942-bedd-72fff31eb379,0.865027725910209,0.6,19.0,0.8520052058653471,0.2,0.8773089936408774,0.6446474280251517,1.0,4.0,1.0,0
9803e7c2-ced0-4f06-9c24-19f4c139933b,6df290df-6194-497e-9997-fd6713e1435f,0.8244142074387126,0.6,17.0,0.5567308896613603,1.0,0.7637061762371852,0.8809980926459479,0.6,3.0,3.0,0
9803e7c2-ced0-4f06-9c24-19f4c139933b,c0fc8404-31a2-4e51-8d19-2dec5d8f3a52,0.8244142074387126,0.6,17.0,0.5567308896613603,1.0,0.7233296207802987,0.9797696833559353,1.0,3.0,1.0,0
9803e7c2-ced0-4f06-9c24-19f4c139933b,84c440d3-55ef-46aa-abeb-ca96e8632be9,0.8244142074387126,0.6,17.0,0.5567308896613603,0.6,0.5539423499120992,0.05768859541460958,0.6,3.0,0.0,0
9803e7c2-ced0-4f06-9c24-19f4c139933b,eab77546-5660-4b6f-8ed6-d113d4c924cb,0.8244142074387126,0.6,17.0,0.5567308896613603,0.6,0.6257718626796875,0.29583808895330166,0.0,3.0,2.0,1
9803e7c2-ced0-4f06-9c24-19f4c139933b,8c20762d-72fc-4a90-9284-b697f6205faa,0.8244142074387126,0.6,17.0,0.5567308896613603,0.2,0.809327370784988,0.46262162923016714,0.6,2.0,4.0,0
9803e7c2-ced0-4f06-9c24-19f4c139933b,03be5e2c-49dc-49c9-bf6c-bd633714d57c,0.8244142074387126,0.6,17.0,0.5567308896613603,0.2,0.23003808241798443,0.40233767223870887,0.0,1.0,5.0,1
9803e7c2-ced0-4f06-9c24-19f4c139933b,172d7aba-b1e9-40bf-b1cb-cf4e91d5184a,0.8244142074387126,0.6,17.0,0.5567308896613603,1.0,0.8526659690466724,0.6328103281975677,0.6,3.0,1.0,0
9803e7c2-ced0-4f06-9c24-19f4c139933b,78c12d9f-999b-460d-b319-9bd7627866b0,0.8244142074387126,0.6,17.0,0.5567308896613603,0.2,0.5225456025796394,0.35235373770664025,0.3,0.0,3.0,1
9803e7c2-ced0-4f06-9c24-19f4c139933b,06497e85-86a1-47f4-bbdd-a5f778924253,0.8244142074387126,0.6,17.0,0.5567308896613603,0.2,0.19052222599951962,0.20137632619118384,0.3,4.0,4.0,1
9803e7c2-ced0-4f06-9c24-19f4c139933b,1975da03-cf78-4c90-a916-3660a489f0dc,0.8244142074387126,0.6,17.0,0.5567308896613603,0.6,0.4213481052285838,0.6693330773357604,0.6,3.0,4.0,0
9803e7c2-ced0-4f06-9c24-19f4c139933b,b02c207c-3d8f-47d1-94d5-ea09db74e5c8,0.8244142074387126,0.6,17.0,0.5567308896613603,0.6,0.3575527172065134,0.7990422256936793,0.3,4.0,5.0,0
9803e7c2-ced0-4f06-9c24-19f4c139933b,e45bd99d-504e-4e64-83b1-c517b6b084cf,0.8244142074387126,0.6,17.0,0.5567308896613603,1.0,0.2973675063752232,0.26685392748809267,0.0,1.0,1.0,0
9803e7c2-ced0-4f06-9c24-19f4c139933b,2f70d43e-6f07-4505-9201-cce02cbbe2f9,0.8244142074387126,0.6,17.0,0.5567308896613603,0.2,0.9098855720694773,0.2703699432968346,0.0,3.0,4.0,0
9803e7c2-ced0-4f06-9c24-19f4c139933b,0b680785-5c4e-4ff3-90da-a95bdb6ddea3,0.8244142074387126,0.6,17.0,0.5567308896613603,1.0,0.9476882864447816,0.37902629176285674,0.0,4.0,1.0,0
9803e7c2-ced0-4f06-9c24-19f4c139933b,d05c6a73-7fda-4aba-88c3-900cedb6b9a6,0.8244142074387126,0.6,17.0,0.5567308896613603,0.6,0.37465691625557584,0.04502897108590176,0.0,2.0,0.0,0
9803e7c2-ced0-4f06-9c24-19f4c139933b,7bf57e1f-8d6e-4525-9822-40fe99cb92db,0.8244142074387126,0.6,17.0,0.5567308896613603,0.6,0.646849787279288,0.8371345930324872,0.6,4.0,6.0,0
9803e7c2-ced0-4f06-9c24-19f4c139933b,1e9ac78a-0ad3-4758-94d2-679a7c60a672,0.8244142074387126,0.6,17.0,0.5567308896613603,0.6,0.1486437037821284,0.8157193928134632,0.6,0.0,2.0,0
9803e7c2-ced0-4f06-9c24-19f4c139933b,8a2b6b58-3f67-4179-b80b-643dade73512,0.8244142074387126,0.6,17.0,0.5567308896613603,0.6,0.31611651735255464,0.7525389528715243,1.0,4.0,0.0,1
9803e7c2-ced0-4f06-9c24-19f4c139933b,1b648ad6-0817-4f80-a7aa-9a94a583454e,0.8244142074387126,0.6,17.0,0.5567308896613603,1.0,0.9167464792916038,0.10114468166917334,0.0,0.0,0.0,1
9803e7c2-ced0-4f06-9c24-19f4c139933b,7bf57e1f-8d6e-4525-9822-40fe99cb92db,0.8244142074387126,0.6,17.0,0.5567308896613603,0.6,0.646849787279288,0.8371345930324872,0.6,5.0,5.0,0
9803e7c2-ced0-4f06-9c24-19f4c139933b,5ac7df38-e13e-4ddf-ac1d-8bd8825c2903,0.8244142074387126,0.6,17.0,0.5567308896613603,0.2,0.5606417702241059,0.9155246766150124,0.0,4.0,5.0,1
9803e7c2-ced0-4f06-9c24-19f4c139933b,b7334163-6b0b-4be1-b584-94370f17d451,0.8244142074387126,0.6,17.0,0.5567308896613603,1.0,0.6214743123780008,0.24793030815786732,0.6,5.0,5.0,0
9803e7c2-ced0-4f06-9c24-19f4c139933b,65c54c61-8bed-4502-891f-54207581973c,0.8244142074387126,0.6,17.0,0.5567308896613603,0.6,0.5609694251913983,0.4769640187588726,1.0,5.0,4.0,1
9803e7c2-ced0-4f06-9c24-19f4c139933b,5b598b97-310b-48b1-a31c-086e59102b7b,0.8244142074387126,0.6,17.0,0.5567308896613603,0.2,0.7003193052156396,0.8859898883469448,0.0,1.0,4.0,1
9803e7c2-ced0-4f06-9c24-19f4c139933b,33aa1631-5d42-4228-84c3-639ac72cf903,0.8244142074387126,0.6,17.0,0.5567308896613603,1.0,0.20605411083785363,0.7031088164784068,0.3,5.0,6.0,1
9803e7c2-ced0-4f06-9c24-19f4c139933b,015a673e-67b9-4560-949f-f0f29ba09691,0.8244142074387126,0.6,17.0,0.5567308896613603,0.6,0.772469818793257,0.851704139635052,0.0,3.0,5.0,0
9803e7c2-ced0-4f06-9c24-19f4c139933b,0279e518-1bb2-4b7d-adb3-74104bab7995,0.8244142074387126,0.6,17.0,0.5567308896613603,1.0,0.48298817741352884,0.6867808649438274,0.6,1.0,5.0,0
9803e7c2-ced0-4f06-9c24-19f4c139933b,8bf86bf8-6510-4e3c-a240-21e3b94e264e,0.8244142074387126,0.6,17.0,0.5567308896613603,0.6,0.9444299160166787,0.9759914132168259,0.0,2.0,0.0,0
9803e7c2-ced0-4f06-9c24-19f4c139933b,33aa1631-5d42-4228-84c3-639ac72cf903,0.8244142074387126,0.6,17.0,0.5567308896613603,1.0,0.20605411083785363,0.7031088164784068,0.3,0.0,4.0,1
9803e7c2-ced0-4f06-9c24-19f4c139933b,84c440d3-55ef-46aa-abeb-ca96e8632be9,0.8244142074387126,0.6,17.0,0.5567308896613603,0.6,0.5539423499120992,0.05768859541460958,0.6,0.0,4.0,0
9803e7c2-ced0-4f06-9c24-19f4c139933b,4eda28e3-9d9e-4f06-badb-0cb04245ce38,0.8244142074387126,0.6,17.0,0.5567308896613603,0.6,0.2524816678776829,0.7419096525240588,0.6,4.0,6.0,0
9803e7c2-ced0-4f06-9c24-19f4c139933b,51656879-b9de-4976-b3d5-c8a240739e35,0.8244142074387126,0.6,17.0,0.5567308896613603,0.6,0.12393733137164058,0.5053225155587664,1.0,4.0,3.0,0
9803e7c2-ced0-4f06-9c24-19f4c139933b,4df06409-5880-4fd2-840e-02e90385cc4e,0.8244142074387126,0.6,17.0,0.5567308896613603,1.0,0.19470747542775022,0.6843276576228667,0.0,0.0,5.0,1
9803e7c2-ced0-4f06-9c24-19f4c139933b,42438319-d9cd-4491-91c4-7e8df4051b62,0.8244142074387126,0.6,17.0,0.5567308896613603,0.2,0.6023180626659986,0.9806347370894578,0.0,1.0,0.0,0
9803e7c2-ced0-4f06-9c24-19f4c139933b,45cea0cf-acbc-4a1c-ae67-7da156ce4e33,0.8244142074387126,0.6,17.0,0.5567308896613603,0.6,0.44790999008794674,0.8240533460888545,0.3,5.0,0.0,1
9803e7c2-ced0-4f06-9c24-19f4c139933b,85a991a1-00c2-4f3b-a2f1-2edd3ed3c13b,0.8244142074387126,0.6,17.0,0.5567308896613603,0.6,0.885115810475927,0.053316349790826556,0.3,4.0,3.0,0
9803e7c2-ced0-4f06-9c24-19f4c139933b,18c8f5c0-62d6-4353-8121-04a82ac26ed8,0.8244142074387126,0.6,17.0,0.5567308896613603,1.0,0.14611128000847454,0.5869443165834576,0.3,5.0,5.0,0
9803e7c2-ced0-4f06-9c24-19f4c139933b,b8f55e48-9d55-4d28-bc80-497a7d36ac53,0.8244142074387126,0.6,17.0,0.5567308896613603,0.6,0.5364632049642664,0.9010207096938249,0.6,2.0,1.0,1
9803e7c2-ced0-4f06-9c24-19f4c139933b,7d674302-c495-4faa-b60b-2f991e7f10b1,0.8244142074387126,0.6,17.0,0.5567308896613603,0.6,0.6945598719886059,0.6688730857607941,1.0,0.0,5.0,1
9803e7c2-ced0-4f06-9c24-19f4c139933b,3ceffdd1-05b8-4296-8ead-87aa963b9836,0.8244142074387126,0.6,17.0,0.5567308896613603,1.0,0.4937077765458606,0.9078087859837904,0.3,5.0,1.0,0
632d9050-5c90-41ef-bd1d-a79b88e51fe7,04b630df-e955-44a2-ba81-7807bb8bbf0e,0.31141053528009954,0.6,14.0,0.4073532387720155,0.6,0.26969467315661044,0.7945253868283686,1.0,0.0,0.0,0
632d9050-5c90-41ef-bd1d-a79b88e51fe7,6720ccab-682e-40ac-9103-5e1a7cedc597,0.31141053528009954,0.6,14.0,0.4073532387720155,1.0,0.34528416725327743,0.5038671262185984,1.0,5.0,1.0,0
632d9050-5c90-41ef-bd1d-a79b88e51fe7,e8099b2a-0582-4c26-a562-02489ef37a4d,0.31141053528009954,0.6,14.0,0.4073532387720155,1.0,0.5135230437741315,0.3765636685032894,1.0,0.0,1.0,0
632d9050-5c90-41ef-bd1d-a79b88e51fe7,225af4bb-7dea-491a-b6ce-984e91ad99bf,0.31141053528009954,0.6,14.0,0.4073532387720155,0.2,0.954287099322196,0.3931698082459284,0.3,0.0,1.0,0
632d9050-5c90-41ef-bd1d-a79b88e51fe7,db87c9f7-0d43-43e7-bfc8-10a75114f27b,0.31141053528009954,0.6,14.0,0.4073532387720155,1.0,0.5554553024932305,0.03495342538664914,0.6,4.0,5.0,0
632d9050-5c90-41ef-bd1d-a79b88e51fe7,1fca9427-3cae-42d5-bed5-488302ac2459,0.31141053528009954,0.6,14.0,0.4073532387720155,0.6,0.396450442114459,0.6699625843471093,0.0,1.0,1.0,1
632d9050-5c90-41ef-bd1d-a79b88e51fe7,61f8b793-eb21-415f-be6a-1dace64c1dab,0.31141053528009954,0.6,14.0,0.4073532387720155,0.2,0.5789373941878594,0.5534783138488689,0.0,2.0,6.0,1
632d9050-5c90-41ef-bd1d-a79b88e51fe7,d62328c7-3c09-4bff-896a-238934dcedc8,0.31141053528009954,0.6,14.0,0.4073532387720155,0.2,0.5544033125310288,0.572254789610878,1.0,2.0,4.0,0
632d9050-5c90-41ef-bd1d-a79b88e51fe7,e3e4e158-1e76-4fc3-a85b-e05b8b8a0ccb,0.31141053528009954,0.6,14.0,0.4073532387720155,0.6,0.639410932283415,0.2933005026004223,0.0,3.0,0.0,0
632d9050-5c90-41ef-bd1d-a79b88e51fe7,9f019ca3-6a4d-4f1c-8cfd-4fc983011cd8,0.31141053528009954,0.6,14.0,0.4073532387720155,0.6,0.8592879525285462,0.4771610349793223,0.6,1.0,6.0,0
632d9050-5c90-41ef-bd1d-a79b88e51fe7,92da4efc-92e2-4b63-a697-25a464242c2d,0.31141053528009954,0.6,14.0,0.4073532387720155,1.0,0.6595170148426077,0.9265692444764961,1.0,5.0,6.0,0
632d9050-5c90-41ef-bd1d-a79b88e51fe7,a26f3aa1-8131-40eb-8610-e57f92d60b1d,0.31141053528009954,0.6,14.0,0.4073532387720155,0.6,0.5405955324673002,0.22788898669340596,0.3,3.0,5.0,0
632d9050-5c90-41ef-bd1d-a79b88e51fe7,b675fdc1-c9db-4f65-ad76-cb5d41d88b8a,0.31141053528009954,0.6,14.0,0.4073532387720155,0.2,0.6871950997280843,0.6183737144963264,0.0,2.0,0.0,1
632d9050-5c90-41ef-bd1d-a79b88e51fe7,768074f2-fa60-4a87-b7e9-0fe45c042ba8,0.31141053528009954,0.6,14.0,0.4073532387720155,0.6,0.44816631031351084,0.885378023796285,0.0,4.0,4.0,1
632d9050-5c90-41ef-bd1d-a79b88e51fe7,3ddfda87-b4e3-4c16-8683-a4523f15acf2,0.31141053528009954,0.6,14.0,0.4073532387720155,1.0,0.9807055615364045,0.6381156208224877,0.3,1.0,2.0,0
632d9050-5c90-41ef-bd1d-a79b88e51fe7,b675fdc1-c9db-4f65-ad76-cb5d41d88b8a,0.31141053528009954,0.6,14.0,0.4073532387720155,0.2,0.6871950997280843,0.6183737144963264,0.0,2.0,4.0,1
632d9050-5c90-41ef-bd1d-a79b88e51fe7,bb149053-41e0-46bd-ae04-d392610b827f,0.31141053528009954,0.6,14.0,0.4073532387720155,1.0,0.9892289095536471,0.5376980874726343,0.3,5.0,5.0,0
632d9050-5c90-41ef-bd1d-a79b88e51fe7,74148153-f45d-4239-a353-bd87a356743e,0.31141053528009954,0.6,14.0,0.4073532387720155,0.6,0.6999994035333063,0.6902791079691951,0.6,2.0,2.0,0
632d9050-5c90-41ef-bd1d-a79b88e51fe7,85ca56ac-d00f-4985-9a10-09bdbdcf0764,0.31141053528009954,0.6,14.0,0.4073532387720155,1.0,0.7672921606674585,0.4762417440869502,0.3,1.0,4.0,0
632d9050-5c90-41ef-bd1d-a79b88e51fe7,b404278c-bd4e-43f3-b805-2473f7c0eb3d,0.31141053528009954,0.6,14.0,0.4073532387720155,0.6,0.2463507248368063,0.8830515088702483,0.3,5.0,3.0,1
632d9050-5c90-41ef-bd1d-a79b88e51fe7,65c54c61-8bed-4502-891f-54207581973c,0.31141053528009954,0.6,14.0,0.4073532387720155,0.6,0.5609694251913983,0.4769640187588726,1.0,0.0,4.0,0
632d9050-5c90-41ef-bd1d-a79b88e51fe7,d05c6a73-7fda-4aba-88c3-900cedb6b9a6,0.31141053528009954,0.6,14.0,0.4073532387720155,0.6,0.37465691625557584,0.04502897108590176,0.0,5.0,2.0,1
632d9050-5c90-41ef-bd1d-a79b88e51fe7,015a673e-67b9-4560-949f-f0f29ba09691,0.31141053528009954,0.6,14.0,0.4073532387720155,0.6,0.772469818793257,0.851704139635052,0.0,2.0,0.0,1
632d9050-5c90-41ef-bd1d-a79b88e51fe7,4df06409-5880-4fd2-840e-02e90385cc4e,0.31141053528009954,0.6,14.0,0.4073532387720155,1.0,0.19470747542775022,0.6843276576228667,0.0,1.0,1.0,0
632d9050-5c90-41ef-bd1d-a79b88e51fe7,50485b49-6f87-4fbb-a6d8-cc894f5ad343,0.31141053528009954,0.6,14.0,0.4073532387720155,0.2,0.489665412099198,0.42118413108785735,0.3,4.0,3.0,1
632d9050-5c90-41ef-bd1d-a79b88e51fe7,06f5b296-916f-4c42-aec7-d6f62bba9d9b,0.31141053528009954,0.6,14.0,0.4073532387720155,0.2,0.3223108679637023,0.4183220717622109,1.0,1.0,4.0,0
632d9050-5c90-41ef-bd1d-a79b88e51fe7,cfaac6f7-b976-4661-8cd2-98f3a4e3a281,0.31141053528009954,0.6,14.0,0.4073532387720155,0.2,0.17993656314318568,0.2972789514204549,0.3,3.0,5.0,1
632d9050-5c90-41ef-bd1d-a79b88e51fe7,85736eaa-5d46-446f-bc37-90664659af7c,0.31141053528009954,0.6,14.0,0.4073532387720155,0.2,0.5071632128531129,0.5363921784426651,0.3,5.0,3.0,1
632d9050-5c90-41ef-bd1d-a79b88e51fe7,f2b47773-ae1a-4e1a-83d1-6e1190805e45,0.31141053528009954,0.6,14.0,0.4073532387720155,0.2,0.47451581704366996,0.8941437054017293,0.0,2.0,1.0,1
632d9050-5c90-41ef-bd1d-a79b88e51fe7,e33220eb-1aa5-4702-8b7f-82096cbf244c,0.31141053528009954,0.6,14.0,0.4073532387720155,0.2,0.8045091416614435,0.9303962480539164,0.0,2.0,5.0,0
632d9050-5c90-41ef-bd1d-a79b88e51fe7,fe09dd6a-bc95-42e6-bb3c-61d404a20200,0.31141053528009954,0.6,14.0,0.4073532387720155,0.2,0.852490071939042,0.9956463958670673,0.3,5.0,1.0,1
632d9050-5c90-41ef-bd1d-a79b88e51fe7,6bc2f168-7233-41b6-b378-1e91e4060318,0.31141053528009954,0.6,14.0,0.4073532387720155,0.6,0.8903489988595626,0.4493952204847722,0.6,0.0,1.0,0
632d9050-5c90-41ef-bd1d-a79b88e51fe7,2270dcd6-f4ba-4acf-b863-271ea249c419,0.31141053528009954,0.6,14.0,0.4073532387720155,0.6,0.888509462672205,0.11768090665028597,0.0,0.0,4.0,0
632d9050-5c90-41ef-bd1d-a79b88e51fe7,cf67b867-661f-4761-aa9e-bd64b50cabad,0.31141053528009954,0.6,14.0,0.4073532387720155,0.6,0.9775452477834666,0.8291857681957223,0.6,3.0,0.0,0
632d9050-5c90-41ef-bd1d-a79b88e51fe7,b675fdc1-c9db-4f65-ad76-cb5d41d88b8a,0.31141053528009954,0.6,14.0,0.4073532387720155,0.2,0.6871950997280843,0.6183737144963264,0.0,3.0,0.0,1
632d9050-5c90-41ef-bd1d-a79b88e51fe7,2767a00e-73cb-4ec0-8f10-1f2685529dd8,0.31141053528009954,0.6,14.0,0.4073532387720155,0.2,0.14774330715500755,0.17529814661096454,0.3,4.0,5.0,1
632d9050-5c90-41ef-bd1d-a79b88e51fe7,b61ea83c-607e-45d0-8e7b-1b85dc0719bf,0.31141053528009954,0.6,14.0,0.4073532387720155,0.2,0.48020855047645894,0.4947416007255965,1.0,1.0,0.0,0
632d9050-5c90-41ef-bd1d-a79b88e51fe7,ef4564ad-37cb-422e-9258-c0dd09e686d8,0.31141053528009954,0.6,14.0,0.4073532387720155,0.6,0.7134305197216956,0.4952020834976343,0.0,3.0,3.0,0
632d9050-5c90-41ef-bd1d-a79b88e51fe7,775861d5-545e-4ddf-b332-3aabb9bd0e76,0.31141053528009954,0.6,14.0,0.4073532387720155,1.0,0.8513642364331833,0.05300666587800451,0.6,4.0,2.0,0
632d9050-5c90-41ef-bd1d-a79b88e51fe7,c0fc8404-31a2-4e51-8d19-2dec5d8f3a52,0.31141053528009954,0.6,14.0,0.4073532387720155,1.0,0.7233296207802987,0.9797696833559353,1.0,1.0,1.0,1
3ac15876-cc59-46f9-b715-d8cecc94a252,153d2d46-4437-4840-90a1-e5308394b291,0.37306781625676166,1.0,8.0,0.8126509474377324,0.6,0.8859430875649702,0.004809331333315514,0.6,0.0,2.0,0
3ac15876-cc59-46f9-b715-d8cecc94a252,e033b700-4879-4d96-af09-314a42b40ec0,0.37306781625676166,1.0,8.0,0.8126509474377324,0.6,0.5265277997852419,0.306413896951497,1.0,1.0,0.0,0
3ac15876-cc59-46f9-b715-d8cecc94a252,b08c5e45-1706-4711-993f-50cbf58e2335,0.37306781625676166,1.0,8.0,0.8126509474377324,0.6,0.7901117853804409,0.22604311984039915,0.0,5.0,0.0,0
3ac15876-cc59-46f9-b715-d8cecc94a252,15b5cdd7-9aed-490f-9cb8-4f9a900eb398,0.37306781625676166,1.0,8.0,0.8126509474377324,0.2,0.17789822129463906,0.6431782959777482,0.0,5.0,2.0,0
3ac15876-cc59-46f9-b715-d8cecc94a252,4c734813-4a8a-4ce6-81e5-fc4a2a5db3a2,0.37306781625676166,1.0,8.0,0.8126509474377324,0.6,0.10056769438917118,0.5730262898413426,0.3,4.0,5.0,0
3ac15876-cc59-46f9-b715-d8cecc94a252,6720ccab-682e-40ac-9103-5e1a7cedc597,0.37306781625676166,1.0,8.0,0.8126509474377324,1.0,0.34528416725327743,0.5038671262185984,1.0,0.0,3.0,1
3ac15876-cc59-46f9-b715-d8cecc94a252,3ceffdd1-05b8-4296-8ead-87aa963b9836,0.37306781625676166,1.0,8.0,0.8126509474377324,1.0,0.4937077765458606,0.9078087859837904,0.3,4.0,4.0,1
3ac15876-cc59-46f9-b715-d8cecc94a252,4ba8e189-dadf-4dd5-b53d-7c4e20e6a1b9,0.37306781625676166,1.0,8.0,0.8126509474377324,1.0,0.4261308026245366,0.5885791737632688,0.3,3.0,6.0,0
3ac15876-cc59-46f9-b715-d8cecc94a252,b1ef27f4-c212-4d80-95b3-1ccfcccee40b,0.37306781625676166,1.0,8.0,0.8126509474377324,1.0,0.273179116013828,0.9075422104826739,1.0,1.0,6.0,1
3ac15876-cc59-46f9-b715-d8cecc94a252,2f2c32fa-6e32-4764-b476-b6f9b3cc5cd7,0.37306781625676166,1.0,8.0,0.8126509474377324,0.2,0.13396258547827183,0.29306867008666404,0.0,3.0,0.0,0
3ac15876-cc59-46f9-b715-d8cecc94a252,34df5d01-15ed-49be-beaf-1edba5ce73f3,0.37306781625676166,1.0,8.0,0.8126509474377324,0.2,0.570771685431961,0.8647552667165631,0.3,5.0,3.0,1
3ac15876-cc59-46f9-b715-d8cecc94a252,5b598b97-310b-48b1-a31c-086e59102b7b,0.37306781625676166,1.0,8.0,0.8126509474377324,0.2,0.7003193052156396,0.8859898883469448,0.0,1.0,2.0,1
3ac15876-cc59-46f9-b715-d8cecc94a252,d62328c7-3c09-4bff-896a-238934dcedc8,0.37306781625676166,1.0,8.0,0.8126509474377324,0.2,0.5544033125310288,0.572254789610878,1.0,0.0,1.0,1
3ac15876-cc59-46f9-b715-d8cecc94a252,b404278c-bd4e-43f3-b805-2473f7c0eb3d,0.37306781625676166,1.0,8.0,0.8126509474377324,0.6,0.2463507248368063,0.8830515088702483,0.3,2.0,6.0,1
3ac15876-cc59-46f9-b715-d8cecc94a252,bf1c16a4-e182-4ecc-8023-e458da60daac,0.37306781625676166,1.0,8.0,0.8126509474377324,1.0,0.24964749169716674,0.6258043806862246,0.6,3.0,1.0,1
3ac15876-cc59-46f9-b715-d8cecc94a252,a17bf541-effa-44fe-bb93-e99cb560a113,0.37306781625676166,1.0,8.0,0.8126509474377324,0.6,0.6843407970867683,0.1004271940167254,0.6,1.0,5.0,0
3ac15876-cc59-46f9-b715-d8cecc94a252,4eda28e3-9d9e-4f06-badb-0cb04245ce38,0.37306781625676166,1.0,8.0,0.8126509474377324,0.6,0.2524816678776829,0.7419096525240588,0.6,2.0,6.0,0
3ac15876-cc59-46f9-b715-d8cecc94a252,fccbd80d-e8cc-4cf0-adb9-85c0aa640f7f,0.37306781625676166,1.0,8.0,0.8126509474377324,1.0,0.7950919292205237,0.850748587791265,0.0,0.0,6.0,1
3ac15876-cc59-46f9-b715-d8cecc94a252,2767a00e-73cb-4ec0-8f10-1f2685529dd8,0.37306781625676166,1.0,8.0,0.8126509474377324,0.2,0.14774330715500755,0.17529814661096454,0.3,1.0,0.0,1
3ac15876-cc59-46f9-b715-d8cecc94a252,965ef1a3-f422-4510-af75-d3f89e3642dd,0.37306781625676166,1.0,8.0,0.8126509474377324,1.0,0.4273005359792914,0.6938722867459519,0.6,1.0,2.0,0
3ac15876-cc59-46f9-b715-d8cecc94a252,c3ccbfd0-fc33-4b81-bec0-7bb56f47c14f,0.37306781625676166,1.0,8.0,0.8126509474377324,1.0,0.7957102117424933,0.04996005462064468,1.0,1.0,5.0,0
3ac15876-cc59-46f9-b715-d8cecc94a252,9f7ae8c9-dc90-4236-adb6-2109245d9021,0.37306781625676166,1.0,8.0,0.8126509474377324,0.6,0.8963101399292399,0.12506351553810924,0.0,4.0,3.0,1
3ac15876-cc59-46f9-b715-d8cecc94a252,dfb0809f-a08c-4519-85d0-1f790e6cd5d9,0.37306781625676166,1.0,8.0,0.8126509474377324,1.0,0.12996439027292325,0.8581884567519729,1.0,4.0,5.0,0
3ac15876-cc59-46f9-b715-d8cecc94a252,6c5eaa38-0652-4762-8f1b-fcb80dbf8936,0.37306781625676166,1.0,8.0,0.8126509474377324,0.6,0.23950518641691337,0.7304636636619138,0.6,0.0,4.0,1
3ac15876-cc59-46f9-b715-d8cecc94a252,10061fb7-f1ca-4d39-a324-536b4bc6d836,0.37306781625676166,1.0,8.0,0.8126509474377324,0.2,0.618739880361464,0.7410470610420968,1.0,3.0,2.0,0
3ac15876-cc59-46f9-b715-d8cecc94a252,786a081e-bed1-4dd5-af8f-b24a2969db27,0.37306781625676166,1.0,8.0,0.8126509474377324,1.0,0.2204606202831086,0.8790686327551894,0.6,5.0,2.0,0
3ac15876-cc59-46f9-b715-d8cecc94a252,34df5d01-15ed-49be-beaf-1edba5ce73f3,0.37306781625676166,1.0,8.0,0.8126509474377324,0.2,0.570771685431961,0.8647552667165631,0.3,0.0,2.0,1
3ac15876-cc59-46f9-b715-d8cecc94a252,b61ea83c-607e-45d0-8e7b-1b85dc0719bf,0.37306781625676166,1.0,8.0,0.8126509474377324,0.2,0.48020855047645894,0.4947416007255965,1.0,5.0,2.0,1
3ac15876-cc59-46f9-b715-d8cecc94a252,34aadaae-a82c-41a6-b6ac-2ab4f11a8047,0.37306781625676166,1.0,8.0,0.8126509474377324,0.2,0.11867463394112543,0.26611592959755015,0.6,0.0,4.0,1
3ac15876-cc59-46f9-b715-d8cecc94a252,e45bd99d-504e-4e64-83b1-c517b6b084cf,0.37306781625676166,1.0,8.0,0.8126509474377324,1.0,0.2973675063752232,0.26685392748809267,0.0,4.0,3.0,0
3ac15876-cc59-46f9-b715-d8cecc94a252,7e095f22-5248-4ba3-b91c-aefd7470fd6a,0.37306781625676166,1.0,8.0,0.8126509474377324,0.6,0.520298671705361,0.6766771512956176,0.3,2.0,6.0,0
3ac15876-cc59-46f9-b715-d8cecc94a252,61ae4cd0-4feb-4315-9993-55959a8ab125,0.37306781625676166,1.0,8.0,0.8126509474377324,0.6,0.5247340762216478,0.34315624408831924,0.0,3.0,1.0,0
3ac15876-cc59-46f9-b715-d8cecc94a252,9f7ae8c9-dc90-4236-adb6-2109245d9021,0.37306781625676166,1.0,8.0,0.8126509474377324,0.6,0.8963101399292399,0.12506351553810924,0.0,1.0,0.0,0
3ac15876-cc59-46f9-b715-d8cecc94a252,7b512031-30a6-4d3c-8e53-4acf4b15efd9,0.37306781625676166,1.0,8.0,0.8126509474377324,0.6,0.20961141822392887,0.22555703805048077,1.0,5.0,3.0,1
3ac15876-cc59-46f9-b715-d8cecc94a252,1e0eed17-c905-405d-992d-8f226b5d3e6b,0.37306781625676166,1.0,8.0,0.8126509474377324,0.6,0.4397816989523534,0.9351795022685058,0.0,0.0,6.0,1
3ac15876-cc59-46f9-b715-d8cecc94a252,69f0bb17-25d2-40ca-9934-1d66d65b38ec,0.37306781625676166,1.0,8.0,0.8126509474377324,1.0,0.5123580186270776,0.31857910523425825,0.6,3.0,0.0,1
3ac15876-cc59-46f9-b715-d8cecc94a252,18c8f5c0-62d6-4353-8121-04a82ac26ed8,0.37306781625676166,1.0,8.0,0.8126509474377324,1.0,0.14611128000847454,0.5869443165834576,0.3,3.0,3.0,1
3ac15876-cc59-46f9-b715-d8cecc94a252,6a24fb3d-8584-44db-80ec-a8943d9d4953,0.37306781625676166,1.0,8.0,0.8126509474377324,0.2,0.7990830790974275,0.6468922285040184,0.6,2.0,4.0,1
3ac15876-cc59-46f9-b715-d8cecc94a252,382dc6cd-e931-4c06-8335-e8acc1df4c50,0.37306781625676166,1.0,8.0,0.8126509474377324,0.2,0.558623921637297,0.1308595947819554,1.0,5.0,0.0,1
3ac15876-cc59-46f9-b715-d8cecc94a252,34aadaae-a82c-41a6-b6ac-2ab4f11a8047,0.37306781625676166,1.0,8.0,0.8126509474377324,0.2,0.11867463394112543,0.26611592959755015,0.6,3.0,3.0,1
18f2e613-3a8f-4d75-addb-99e08f60a8e9,c777c23f-b2f3-4f1d-bbea-1e7286fac786,0.5649098689795875,1.0,7.0,0.41967795753403064,0.2,0.9597491309827612,0.04607692524933382,0.0,2.0,4.0,1
18f2e613-3a8f-4d75-addb-99e08f60a8e9,7e5fb408-a839-4c94-af31-f8f846c10b16,0.5649098689795875,1.0,7.0,0.41967795753403064,0.6,0.3750883081968893,0.7913034251586659,1.0,1.0,2.0,1
18f2e613-3a8f-4d75-addb-99e08f60a8e9,1e4deb48-10af-482d-89be-a40b3cfa6237,0.5649098689795875,1.0,7.0,0.41967795753403064,0.2,0.45812006017454143,0.5670116153989458,0.0,2.0,3.0,1
18f2e613-3a8f-4d75-addb-99e08f60a8e9,85930d8e-50d0-4f7b-acb8-caaac625dd0e,0.5649098689795875,1.0,7.0,0.41967795753403064,1.0,0.718363556324442,0.8165727833244342,0.6,2.0,5.0,1
18f2e613-3a8f-4d75-addb-99e08f60a8e9,9102dfee-3ffe-4500-abcd-856f5c7ba81a,0.5649098689795875,1.0,7.0,0.41967795753403064,0.2,0.14792713695477017,0.6300659561232757,1.0,5.0,3.0,1
18f2e613-3a8f-4d75-addb-99e08f60a8e9,fb36e3d1-7446-45e0-9d41-48f394b60fa9,0.5649098689795875,1.0,7.0,0.41967795753403064,0.6,0.6937735815060089,0.32932384475875576,0.0,0.0,4.0,1
18f2e613-3a8f-4d75-addb-99e08f60a8e9,172d7aba-b1e9-40bf-b1cb-cf4e91d5184a,0.5649098689795875,1.0,7.0,0.41967795753403064,1.0,0.8526659690466724,0.6328103281975677,0.6,5.0,4.0,0
18f2e613-3a8f-4d75-addb-99e08f60a8e9,be7b953b-bf68-42e7-957e-b6f8f29af69d,0.5649098689795875,1.0,7.0,0.41967795753403064,1.0,0.6945243897343877,0.4669732371344246,1.0,5.0,3.0,0
18f2e613-3a8f-4d75-addb-99e08f60a8e9,3c045d5e-db0b-42a4-8b36-5a8f0192e0a9,0.5649098689795875,1.0,7.0,0.41967795753403064,0.6,0.9703557392871628,0.4741186336216032,0.3,0.0,4.0,0
18f2e613-3a8f-4d75-addb-99e08f60a8e9,b9085332-b2b1-4b72-8021-b3b81398ce92,0.5649098689795875,1.0,7.0,0.41967795753403064,0.6,0.33544730729888195,0.5880404702366536,0.6,2.0,5.0,1
18f2e613-3a8f-4d75-addb-99e08f60a8e9,e45bd99d-504e-4e64-83b1-c517b6b084cf,0.5649098689795875,1.0,7.0,0.41967795753403064,1.0,0.2973675063752232,0.26685392748809267,0.0,0.0,2.0,1
18f2e613-3a8f-4d75-addb-99e08f60a8e9,8c822518-d0dc-460d-93c7-d9d033a078ba,0.5649098689795875,1.0,7.0,0.41967795753403064,1.0,0.5475099359609544,0.9553256935848943,1.0,1.0,5.0,0
18f2e613-3a8f-4d75-addb-99e08f60a8e9,f62e1330-1cf0-425f-9f10-6ddf9042abcd,0.5649098689795875,1.0,7.0,0.41967795753403064,1.0,0.9321622696421319,0.2356252848280802,1.0,4.0,2.0,1
18f2e613-3a8f-4d75-addb-99e08f60a8e9,85a991a1-00c2-4f3b-a2f1-2edd3ed3c13b,0.5649098689795875,1.0,7.0,0.41967795753403064,0.6,0.885115810475927,0.053316349790826556,0.3,4.0,1.0,0
18f2e613-3a8f-4d75-addb-99e08f60a8e9,cf67b867-661f-4761-aa9e-bd64b50cabad,0.5649098689795875,1.0,7.0,0.41967795753403064,0.6,0.9775452477834666,0.8291857681957223,0.6,3.0,1.0,0
18f2e613-3a8f-4d75-addb-99e08f60a8e9,8ab6ed8b-51d4-454f-85f3-3f6b976bb994,0.5649098689795875,1.0,7.0,0.41967795753403064,1.0,0.28732703598303644,0.30524872168293893,0.3,5.0,5.0,0
18f2e613-3a8f-4d75-addb-99e08f60a8e9,10061fb7-f1ca-4d39-a324-536b4bc6d836,0.5649098689795875,1.0,7.0,0.41967795753403064,0.2,0.618739880361464,0.7410470610420968,1.0,1.0,4.0,1
18f2e613-3a8f-4d75-addb-99e08f60a8e9,4923fb26-e583-4c24-ac52-8838a0ed3a98,0.5649098689795875,1.0,7.0,0.41967795753403064,1.0,0.553388277838538,0.7019544741283528,1.0,0.0,1.0,0
18f2e613-3a8f-4d75-addb-99e08f60a8e9,667e3056-15dd-4db1-8e1b-b615cf4a3827,0.5649098689795875,1.0,7.0,0.41967795753403064,0.6,0.15606825708589728,0.7606037779959967,0.0,1.0,6.0,1
18f2e613-3a8f-4d75-addb-99e08f60a8e9,fb36e3d1-7446-45e0-9d41-48f394b60fa9,0.5649098689795875,1.0,7.0,0.41967795753403064,0.6,0.6937735815060089,0.32932384475875576,0.0,3.0,4.0,0
18f2e613-3a8f-4d75-addb-99e08f60a8e9,4923fb26-e583-4c24-ac52-8838a0ed3a98,0.5649098689795875,1.0,7.0,0.41967795753403064,1.0,0.553388277838538,0.7019544741283528,1.0,1.0,3.0,1
18f2e613-3a8f-4d75-addb-99e08f60a8e9,e033b700-4879-4d96-af09-314a42b40ec0,0.5649098689795875,1.0,7.0,0.41967795753403064,0.6,0.5265277997852419,0.306413896951497,1.0,1.0,5.0,1
18f2e613-3a8f-4d75-addb-99e08f60a8e9,21197103-286c-4e08-8f2e-e1f0c1aa4b65,0.5649098689795875,1.0,7.0,0.41967795753403064,0.2,0.974231980237957,0.8883695246489081,0.6,0.0,1.0,1
18f2e613-3a8f-4d75-addb-99e08f60a8e9,8e97dadb-1a1b-42b9-ab2b-901aa2169415,0.5649098689795875,1.0,7.0,0.41967795753403064,0.6,0.4258214568056816,0.9395878832020562,1.0,0.0,2.0,1
18f2e613-3a8f-4d75-addb-99e08f60a8e9,290546aa-9a27-44b0-96cf-1cbe5de0ac63,0.5649098689795875,1.0,7.0,0.41967795753403064,0.2,0.8840031953521331,0.909469052204089,0.3,4.0,1.0,0
18f2e613-3a8f-4d75-addb-99e08f60a8e9,9e41ae98-3ee0-4c48-9029-b5642a7cc95d,0.5649098689795875,1.0,7.0,0.41967795753403064,1.0,0.7260508358588046,0.04490801776792286,0.6,2.0,2.0,0
18f2e613-3a8f-4d75-addb-99e08f60a8e9,b9085332-b2b1-4b72-8021-b3b81398ce92,0.5649098689795875,1.0,7.0,0.41967795753403064,0.6,0.33544730729888195,0.5880404702366536,0.6,5.0,0.0,0
18f2e613-3a8f-4d75-addb-99e08f60a8e9,b972f906-99a3-4c64-8a3c-52215d80d34b,0.5649098689795875,1.0,7.0,0.41967795753403064,0.2,0.7557609477960204,0.33890958121625947,0.3,5.0,3.0,1
18f2e613-3a8f-4d75-addb-99e08f60a8e9,d879a756-cb6b-4026-a00a-656051801b5f,0.5649098689795875,1.0,7.0,0.41967795753403064,1.0,0.19670829855613808,0.6495454402345533,1.0,2.0,6.0,0
18f2e613-3a8f-4d75-addb-99e08f60a8e9,3e875754-69cd-4fee-94a5-57d6da42ef91,0.5649098689795875,1.0,7.0,0.41967795753403064,0.2,0.2450411346868676,0.8598019829721676,0.3,0.0,3.0,1
18f2e613-3a8f-4d75-addb-99e08f60a8e9,e4e6b795-9ea2-4e67-a482-101b379e3dd3,0.5649098689795875,1.0,7.0,0.41967795753403064,0.6,0.7178715876853263,0.49460864618565403,0.0,1.0,4.0,1
18f2e613-3a8f-4d75-addb-99e08f60a8e9,19d3638b-3623-485e-a7a3-bed4ec53eb28,0.5649098689795875,1.0,7.0,0.41967795753403064,0.2,0.22255292506683805,0.2999183439789205,0.0,5.0,6.0,1
18f2e613-3a8f-4d75-addb-99e08f60a8e9,45cea0cf-acbc-4a1c-ae67-7da156ce4e33,0.5649098689795875,1.0,7.0,0.41967795753403064,0.6,0.44790999008794674,0.8240533460888545,0.3,1.0,5.0,0
18f2e613-3a8f-4d75-addb-99e08f60a8e9,cf67b867-661f-4761-aa9e-bd64b50cabad,0.5649098689795875,1.0,7.0,0.41967795753403064,0.6,0.9775452477834666,0.8291857681957223,0.6,5.0,5.0,0
18f2e613-3a8f-4d75-addb-99e08f60a8e9,e3e4e158-1e76-4fc3-a85b-e05b8b8a0ccb,0.5649098689795875,1.0,7.0,0.41967795753403064,0.6,0.639410932283415,0.2933005026004223,0.0,3.0,3.0,1
18f2e613-3a8f-4d75-addb-99e08f60a8e9,b1ecfa5c-68a1-4a8a-846a-dfb97027e1f6,0.5649098689795875,1.0,7.0,0.41967795753403064,0.6,0.47396075244655456,0.7794108057492125,1.0,3.0,5.0,0
18f2e613-3a8f-4d75-addb-99e08f60a8e9,61ae4cd0-4feb-4315-9993-55959a8ab125,0.5649098689795875,1.0,7.0,0.41967795753403064,0.6,0.5247340762216478,0.34315624408831924,0.0,3.0,2.0,1
18f2e613-3a8f-4d75-addb-99e08f60a8e9,cd408280-465f-4896-b05f-85290441236d,0.5649098689795875,1.0,7.0,0.41967795753403064,1.0,0.22129010421141973,0.167964745667194,0.6,0.0,1.0,1
18f2e613-3a8f-4d75-addb-99e08f60a8e9,87a7aeb8-bf34-460e-bb3c-fbe35cf1ef81,0.5649098689795875,1.0,7.0,0.41967795753403064,1.0,0.7885085605778664,0.825897641598029,0.6,0.0,2.0,1
18f2e613-3a8f-4d75-addb-99e08f60a8e9,3fb0a35d-d0bf-4534-9f63-995064c4e8af,0.5649098689795875,1.0,7.0,0.41967795753403064,0.2,0.4877773325800844,0.17627426660923395,0.3,2.0,1.0,1
4f0ca530-685d-4e11-887a-dcc834971106,547da744-4911-48fa-9b2f-1b550cf8ac17,0.25423834770531506,0.6,7.0,0.4173720856657477,1.0,0.45632620168229077,0.11858678619598295,1.0,5.0,3.0,0
4f0ca530-685d-4e11-887a-dcc834971106,c777c23f-b2f3-4f1d-bbea-1e7286fac786,0.25423834770531506,0.6,7.0,0.4173720856657477,0.2,0.9597491309827612,0.04607692524933382,0.0,1.0,3.0,0
4f0ca530-685d-4e11-887a-dcc834971106,fda140a2-2654-463e-a825-e101e2f7921b,0.25423834770531506,0.6,7.0,0.4173720856657477,0.2,0.3998020556294877,0.9744658783076392,0.0,3.0,6.0,1
4f0ca530-685d-4e11-887a-dcc834971106,4eda28e3-9d9e-4f06-badb-0cb04245ce38,0.25423834770531506,0.6,7.0,0.4173720856657477,0.6,0.2524816678776829,0.7419096525240588,0.6,3.0,3.0,0
4f0ca530-685d-4e11-887a-dcc834971106,19d3638b-3623-485e-a7a3-bed4ec53eb28,0.25423834770531506,0.6,7.0,0.4173720856657477,0.2,0.22255292506683805,0.2999183439789205,0.0,3.0,6.0,0
4f0ca530-685d-4e11-887a-dcc834971106,45cea0cf-acbc-4a1c-ae67-7da156ce4e33,0.25423834770531506,0.6,7.0,0.4173720856657477,0.6,0.44790999008794674,0.8240533460888545,0.3,5.0,3.0,0
4f0ca530-685d-4e11-887a-dcc834971106,df3f8908-754b-4f66-b4a5-0f54f1bbdef1,0.25423834770531506,0.6,7.0,0.4173720856657477,0.2,0.9006532918063022,0.624832175706485,0.6,5.0,6.0,0
4f0ca530-685d-4e11-887a-dcc834971106,2270dcd6-f4ba-4acf-b863-271ea249c419,0.25423834770531506,0.6,7.0,0.4173720856657477,0.6,0.888509462672205,0.11768090665028597,0.0,3.0,5.0,0
4f0ca530-685d-4e11-887a-dcc834971106,2e56c0c7-a2d4-4606-8362-ead47ba989cf,0.25423834770531506,0.6,7.0,0.4173720856657477,1.0,0.9838404823093492,0.5555768002260758,0.0,2.0,4.0,0
4f0ca530-685d-4e11-887a-dcc834971106,ff0af660-6a5f-4fd7-b2e1-c43344816514,0.25423834770531506,0.6,7.0,0.4173720856657477,1.0,0.5024161230527904,0.7433967816161681,0.3,4.0,1.0,0
4f0ca530-685d-4e11-887a-dcc834971106,8618c927-9c33-4057-8bfe-9828bd93601a,0.25423834770531506,0.6,7.0,0.4173720856657477,0.6,0.22804722680585615,0.021203888490483047,0.6,5.0,3.0,0
4f0ca530-685d-4e11-887a-dcc834971106,b76881f6-7f27-4c43-8ef9-41162752919f,0.25423834770531506,0.6,7.0,0.4173720856657477,1.0,0.440401152269174,0.05205596231391263,0.0,4.0,6.0,0
4f0ca530-685d-4e11-887a-dcc834971106,897e2fd6-d062-4d6b-8350-be1ff289f7d2,0.25423834770531506,0.6,7.0,0.4173720856657477,1.0,0.27839323550003814,0.5426957391813381,1.0,3.0,0.0,0
4f0ca530-685d-4e11-887a-dcc834971106,7b512031-30a6-4d3c-8e53-4acf4b15efd9,0.25423834770531506,0.6,7.0,0.4173720856657477,0.6,0.20961141822392887,0.22555703805048077,1.0,2.0,0.0,0
4f0ca530-685d-4e11-887a-dcc834971106,8d5761d4-efd9-4f9b-a561-e385778a1505,0.25423834770531506,0.6,7.0,0.4173720856657477,0.2,0.5667301021003356,0.19240837052962323,0.3,1.0,6.0,0
4f0ca530-685d-4e11-887a-dcc834971106,786a081e-bed1-4dd5-af8f-b24a2969db27,0.25423834770531506,0.6,7.0,0.4173720856657477,1.0,0.2204606202831086,0.8790686327551894,0.6,1.0,1.0,0
4f0ca530-685d-4e11-887a-dcc834971106,7d674302-c495-4faa-b60b-2f991e7f10b1,0.25423834770531506,0.6,7.0,0.4173720856657477,0.6,0.6945598719886059,0.6688730857607941,1.0,3.0,0.0,1
4f0ca530-685d-4e11-887a-dcc834971106,e45bd99d-504e-4e64-83b1-c517b6b084cf,0.25423834770531506,0.6,7.0,0.4173720856657477,1.0,0.2973675063752232,0.26685392748809267,0.0,4.0,5.0,0
4f0ca530-685d-4e11-887a-dcc834971106,b1ecfa5c-68a1-4a8a-846a-dfb97027e1f6,0.25423834770531506,0.6,7.0,0.4173720856657477,0.6,0.47396075244655456,0.7794108057492125,1.0,5.0,6.0,1
4f0ca530-685d-4e11-887a-dcc834971106,5c628898-abde-4c5b-8dc9-253bfab0c323,0.25423834770531506,0.6,7.0,0.4173720856657477,0.6,0.29562602483866546,0.8882279982692427,0.3,4.0,2.0,1
4f0ca530-685d-4e11-887a-dcc834971106,3ceffdd1-05b8-4296-8ead-87aa963b9836,0.25423834770531506,0.6,7.0,0.4173720856657477,1.0,0.4937077765458606,0.9078087859837904,0.3,1.0,5.0,0
4f0ca530-685d-4e11-887a-dcc834971106,a8daf424-06ed-42c5-99ea-74a1e01591a9,0.25423834770531506,0.6,7.0,0.4173720856657477,0.6,0.6995840419204985,0.5852213104701965,0.0,1.0,1.0,0
4f0ca530-685d-4e11-887a-dcc834971106,97ffd70a-47e9-4398-92a1-d66d4e4e7ac9,0.25423834770531506,0.6,7.0,0.4173720856657477,1.0,0.4738888800802551,0.7582398953411875,1.0,3.0,2.0,0
4f0ca530-685d-4e11-887a-dcc834971106,684277da-f62a-49f6-b09e-1b7e786c463b,0.25423834770531506,0.6,7.0,0.4173720856657477,1.0,0.457984105173436,0.7791379129900283,0.6,2.0,3.0,0
4f0ca530-685d-4e11-887a-dcc834971106,694b0a7e-d4bd-489d-991e-0fc7e0b7eae9,0.25423834770531506,0.6,7.0,0.4173720856657477,0.6,0.3343722183141432,0.2359196929431705,1.0,0.0,6.0,0
4f0ca530-685d-4e11-887a-dcc834971106,21197103-286c-4e08-8f2e-e1f0c1aa4b65,0.25423834770531506,0.6,7.0,0.4173720856657477,0.2,0.974231980237957,0.8883695246489081,0.6,1.0,1.0,0
4f0ca530-685d-4e11-887a-dcc834971106,1fca9427-3cae-42d5-bed5-488302ac2459,0.25423834770531506,0.6,7.0,0.4173720856657477,0.6,0.396450442114459,0.6699625843471093,0.0,0.0,2.0,0
4f0ca530-685d-4e11-887a-dcc834971106,18d9fc90-579e-4041-988f-c2fa9da7d9f1,0.25423834770531506,0.6,7.0,0.4173720856657477,0.2,0.611318917479668,0.23509193379958115,0.3,0.0,3.0,1
4f0ca530-685d-4e11-887a-dcc834971106,f4511c0e-1907-4564-85be-6208646f9403,0.25423834770531506,0.6,7.0,0.4173720856657477,0.6,0.9737144331912416,0.8489993802384885,0.3,5.0,1.0,1
4f0ca530-685d-4e11-887a-dcc834971106,9f7ae8c9-dc90-4236-adb6-2109245d9021,0.25423834770531506,0.6,7.0,0.4173720856657477,0.6,0.8963101399292399,0.12506351553810924,0.0,3.0,2.0,0
4f0ca530-685d-4e11-887a-dcc834971106,79cb3b8e-aafa-418e-97aa-f7fdcb3d6c58,0.25423834770531506,0.6,7.0,0.4173720856657477,0.2,0.3730266808058288,0.7752357696427774,0.3,2.0,3.0,0
4f0ca530-685d-4e11-887a-dcc834971106,2fcb1115-b785-4e53-aef6-79c4dbe42cda,0.25423834770531506,0.6,7.0,0.4173720856657477,0.2,0.9505514578919633,0.7971802886027384,0.6,3.0,5.0,1
4f0ca530-685d-4e11-887a-dcc834971106,3c045d5e-db0b-42a4-8b36-5a8f0192e0a9,0.25423834770531506,0.6,7.0,0.4173720856657477,0.6,0.9703557392871628,0.4741186336216032,0.3,1.0,5.0,0
4f0ca530-685d-4e11-887a-dcc834971106,15ffb6f4-0363-4611-afec-93fefe2ffd83,0.25423834770531506,0.6,7.0,0.4173720856657477,0.2,0.9223427256162328,0.7798431272433336,0.3,1.0,1.0,1
4f0ca530-685d-4e11-887a-dcc834971106,425b9a2c-d3c2-418b-8da0-71ea5c07dd63,0.25423834770531506,0.6,7.0,0.4173720856657477,0.2,0.5351171693089606,0.9651204126148089,0.0,0.0,4.0,1
4f0ca530-685d-4e11-887a-dcc834971106,3ddfda87-b4e3-4c16-8683-a4523f15acf2,0.25423834770531506,0.6,7.0,0.4173720856657477,1.0,0.9807055615364045,0.6381156208224877,0.3,3.0,1.0,0
4f0ca530-685d-4e11-887a-dcc834971106,df3f8908-754b-4f66-b4a5-0f54f1bbdef1,0.25423834770531506,0.6,7.0,0.4173720856657477,0.2,0.9006532918063022,0.624832175706485,0.6,2.0,5.0,1
4f0ca530-685d-4e11-887a-dcc834971106,b76881f6-7f27-4c43-8ef9-41162752919f,0.25423834770531506,0.6,7.0,0.4173720856657477,1.0,0.440401152269174,0.05205596231391263,0.0,2.0,3.0,0
4f0ca530-685d-4e11-887a-dcc834971106,c0fc8404-31a2-4e51-8d19-2dec5d8f3a52,0.25423834770531506,0.6,7.0,0.4173720856657477,1.0,0.7233296207802987,0.9797696833559353,1.0,2.0,2.0,0
4f0ca530-685d-4e11-887a-dcc834971106,e3e4e158-1e76-4fc3-a85b-e05b8b8a0ccb,0.25423834770531506,0.6,7.0,0.4173720856657477,0.6,0.639410932283415,0.2933005026004223,0.0,2.0,0.0,1
372c23e7-8e8f-4636-bcd9-0b758875bed4,b08c5e45-1706-4711-993f-50cbf58e2335,0.42379669789313357,1.0,2.0,0.3106992492129246,0.6,0.7901117853804409,0.22604311984039915,0.0,3.0,2.0,1
372c23e7-8e8f-4636-bcd9-0b758875bed4,172d7aba-b1e9-40bf-b1cb-cf4e91d5184a,0.42379669789313357,1.0,2.0,0.3106992492129246,1.0,0.8526659690466724,0.6328103281975677,0.6,3.0,2.0,0
372c23e7-8e8f-4636-bcd9-0b758875bed4,be9d36c1-5645-43bf-b29e-f59fe75b58fc,0.42379669789313357,1.0,2.0,0.3106992492129246,0.2,0.9631836571803765,0.9302866275169228,1.0,1.0,2.0,1
372c23e7-8e8f-4636-bcd9-0b758875bed4,9f019ca3-6a4d-4f1c-8cfd-4fc983011cd8,0.42379669789313357,1.0,2.0,0.3106992492129246,0.6,0.8592879525285462,0.4771610349793223,0.6,3.0,2.0,1
372c23e7-8e8f-4636-bcd9-0b758875bed4,03be5e2c-49dc-49c9-bf6c-bd633714d57c,0.42379669789313357,1.0,2.0,0.3106992492129246,0.2,0.23003808241798443,0.40233767223870887,0.0,2.0,6.0,1
372c23e7-8e8f-4636-bcd9-0b758875bed4,319d65cc-35fb-4fd2-8d36-0aaeae8c1599,0.42379669789313357,1.0,2.0,0.3106992492129246,0.2,0.3492163442071033,0.6358648613159886,0.3,4.0,4.0,1
372c23e7-8e8f-4636-bcd9-0b758875bed4,8ab6ed8b-51d4-454f-85f3-3f6b976bb994,0.42379669789313357,1.0,2.0,0.3106992492129246,1.0,0.28732703598303644,0.30524872168293893,0.3,1.0,1.0,0
372c23e7-8e8f-4636-bcd9-0b758875bed4,89df2650-7e95-4104-8f42-5cb62ffb481a,0.42379669789313357,1.0,2.0,0.3106992492129246,0.2,0.29630278019401196,0.3424606722909498,0.0,0.0,4.0,0
372c23e7-8e8f-4636-bcd9-0b758875bed4,b08c5e45-1706-4711-993f-50cbf58e2335,0.42379669789313357,1.0,2.0,0.3106992492129246,0.6,0.7901117853804409,0.22604311984039915,0.0,0.0,5.0,1
372c23e7-8e8f-4636-bcd9-0b758875bed4,45cea0cf-acbc-4a1c-ae67-7da156ce4e33,0.42379669789313357,1.0,2.0,0.3106992492129246,0.6,0.44790999008794674,0.8240533460888545,0.3,3.0,1.0,0
372c23e7-8e8f-4636-bcd9-0b758875bed4,ae260348-9d86-49fc-b010-b38655f0aa4c,0.42379669789313357,1.0,2.0,0.3106992492129246,0.6,0.6156726777562007,0.7631540220976764,0.3,1.0,1.0,0
372c23e7-8e8f-4636-bcd9-0b758875bed4,b008e459-aec4-4940-b0b0-b9521473a99b,0.42379669789313357,1.0,2.0,0.3106992492129246,0.2,0.8465976222683373,0.22635650862391665,1.0,0.0,6.0,0
372c23e7-8e8f-4636-bcd9-0b758875bed4,015a673e-67b9-4560-949f-f0f29ba09691,0.42379669789313357,1.0,2.0,0.3106992492129246,0.6,0.772469818793257,0.851704139635052,0.0,4.0,5.0,1
372c23e7-8e8f-4636-bcd9-0b758875bed4,b76881f6-7f27-4c43-8ef9-41162752919f,0.42379669789313357,1.0,2.0,0.3106992492129246,1.0,0.440401152269174,0.05205596231391263,0.0,5.0,0.0,0
372c23e7-8e8f-4636-bcd9-0b758875bed4,d05c6a73-7fda-4aba-88c3-900cedb6b9a6,0.42379669789313357,1.0,2.0,0.3106992492129246,0.6,0.37465691625557584,0.04502897108590176,0.0,4.0,6.0,1
372c23e7-8e8f-4636-bcd9-0b758875bed4,bcc862ed-ee8c-4519-bd6f-df3684168181,0.42379669789313357,1.0,2.0,0.3106992492129246,1.0,0.9327717807626915,0.3397410335113047,0.3,4.0,3.0,0
372c23e7-8e8f-4636-bcd9-0b758875bed4,8e97dadb-1a1b-42b9-ab2b-901aa2169415,0.42379669789313357,1.0,2.0,0.3106992492129246,0.6,0.4258214568056816,0.9395878832020562,1.0,3.0,1.0,1
372c23e7-8e8f-4636-bcd9-0b758875bed4,18c8f5c0-62d6-4353-8121-04a82ac26ed8,0.42379669789313357,1.0,2.0,0.3106992492129246,1.0,0.14611128000847454,0.5869443165834576,0.3,4.0,2.0,0
372c23e7-8e8f-4636-bcd9-0b758875bed4,8155e67e-e6b6-4564-9fbc-a422dfbb4728,0.42379669789313357,1.0,2.0,0.3106992492129246,0.2,0.3282195111753295,0.7588859461800079,0.0,4.0,0.0,0
372c23e7-8e8f-4636-bcd9-0b758875bed4,dba04d24-2e37-4c46-ae54-9c34510dff1f,0.42379669789313357,1.0,2.0,0.3106992492129246,1.0,0.8419986133538263,0.7052929283686935,0.0,1.0,2.0,0
372c23e7-8e8f-4636-bcd9-0b758875bed4,694b0a7e-d4bd-489d-991e-0fc7e0b7eae9,0.42379669789313357,1.0,2.0,0.3106992492129246,0.6,0.3343722183141432,0.2359196929431705,1.0,2.0,4.0,1
372c23e7-8e8f-4636-bcd9-0b758875bed4,667e3056-15dd-4db1-8e1b-b615cf4a3827,0.42379669789313357,1.0,2.0,0.3106992492129246,0.6,0.15606825708589728,0.7606037779959967,0.0,3.0,5.0,1
372c23e7-8e8f-4636-bcd9-0b758875bed4,b30a4759-4017-4c73-a262-ebb3da889ea2,0.42379669789313357,1.0,2.0,0.3106992492129246,0.2,0.2824565624064378,0.9351062106319883,1.0,5.0,0.0,1
372c23e7-8e8f-4636-bcd9-0b758875bed4,e45bd99d-504e-4e64-83b1-c517b6b084cf,0.42379669789313357,1.0,2.0,0.3106992492129246,1.0,0.2973675063752232,0.26685392748809267,0.0,0.0,1.0,0
372c23e7-8e8f-4636-bcd9-0b758875bed4,43b70bae-10ef-4dc3-9f9b-b39a1eacb2d1,0.42379669789313357,1.0,2.0,0.3106992492129246,1.0,0.6227481543871835,0.008705213531018718,1.0,5.0,4.0,1
372c23e7-8e8f-4636-bcd9-0b758875bed4,a17bf541-effa-44fe-bb93-e99cb560a113,0.42379669789313357,1.0,2.0,0.3106992492129246,0.6,0.6843407970867683,0.1004271940167254,0.6,1.0,0.0,0
372c23e7-8e8f-4636-bcd9-0b758875bed4,ca05174e-a4f7-4654-890c-a2d577d622a4,0.42379669789313357,1.0,2.0,0.3106992492129246,0.6,0.2772344656929614,0.3717860192537389,1.0,2.0,4.0,0
372c23e7-8e8f-4636-bcd9-0b758875bed4,5b598b97-310b-48b1-a31c-086e59102b7b,0.42379669789313357,1.0,2.0,0.3106992492129246,0.2,0.7003193052156396,0.8859898883469448,0.0,3.0,1.0,1
372c23e7-8e8f-4636-bcd9-0b758875bed4,139389de-ef52-4a31-a3a6-711cb26f1f6a,0.42379669789313357,1.0,2.0,0.3106992492129246,0.2,0.6569353768626665,0.927362807810403,1.0,0.0,4.0,0
372c23e7-8e8f-4636-bcd9-0b758875bed4,773cb37f-03e9-462d-9f7c-bb397a470391,0.42379669789313357,1.0,2.0,0.3106992492129246,1.0,0.138085119243381,0.17870489763614517,0.6,2.0,4.0,0
372c23e7-8e8f-4636-bcd9-0b758875bed4,85ca56ac-d00f-4985-9a10-09bdbdcf0764,0.42379669789313357,1.0,2.0,0.3106992492129246,1.0,0.7672921606674585,0.4762417440869502,0.3,0.0,5.0,0
372c23e7-8e8f-4636-bcd9-0b758875bed4,b85c5447-3934-4a5f-a2ea-5cf406ba1386,0.42379669789313357,1.0,2.0,0.3106992492129246,0.2,0.7359215878835874,0.20471404262800852,1.0,5.0,2.0,0
372c23e7-8e8f-4636-bcd9-0b758875bed4,e033b700-4879-4d96-af09-314a42b40ec0,0.42379669789313357,1.0,2.0,0.3106992492129246,0.6,0.5265277997852419,0.306413896951497,1.0,1.0,0.0,0
372c23e7-8e8f-4636-bcd9-0b758875bed4,7e5fb408-a839-4c94-af31-f8f846c10b16,0.42379669789313357,1.0,2.0,0.3106992492129246,0.6,0.3750883081968893,0.7913034251586659,1.0,4.0,2.0,0
372c23e7-8e8f-4636-bcd9-0b758875bed4,bf1c16a4-e182-4ecc-8023-e458da60daac,0.42379669789313357,1.0,2.0,0.3106992492129246,1.0,0.24964749169716674,0.6258043806862246,0.6,5.0,4.0,1
372c23e7-8e8f-4636-bcd9-0b758875bed4,8618c927-9c33-4057-8bfe-9828bd93601a,0.42379669789313357,1.0,2.0,0.3106992492129246,0.6,0.22804722680585615,0.021203888490483047,0.6,3.0,1.0,0
372c23e7-8e8f-4636-bcd9-0b758875bed4,43b70bae-10ef-4dc3-9f9b-b39a1eacb2d1,0.42379669789313357,1.0,2.0,0.3106992492129246,1.0,0.6227481543871835,0.008705213531018718,1.0,3.0,0.0,0
372c23e7-8e8f-4636-bcd9-0b758875bed4,e45bd99d-504e-4e64-83b1-c517b6b084cf,0.42379669789313357,1.0,2.0,0.3106992492129246,1.0,0.2973675063752232,0.26685392748809267,0.0,3.0,5.0,1
372c23e7-8e8f-4636-bcd9-0b758875bed4,fb36e3d1-7446-45e0-9d41-48f394b60fa9,0.42379669789313357,1.0,2.0,0.3106992492129246,0.6,0.6937735815060089,0.32932384475875576,0.0,3.0,6.0,0
372c23e7-8e8f-4636-bcd9-0b758875bed4,50485b49-6f87-4fbb-a6d8-cc894f5ad343,0.42379669789313357,1.0,2.0,0.3106992492129246,0.2,0.489665412099198,0.42118413108785735,0.3,0.0,6.0,1
e930ff0d-6890-4cc1-8638-24884b36ce0f,19d3638b-3623-485e-a7a3-bed4ec53eb28,0.36188303580973075,1.0,4.0,0.7651353133556418,0.2,0.22255292506683805,0.2999183439789205,0.0,3.0,3.0,0
e930ff0d-6890-4cc1-8638-24884b36ce0f,29943de0-bf3c-49cd-84da-43ca10216d5a,0.36188303580973075,1.0,4.0,0.7651353133556418,1.0,0.24742902261843305,0.882207830248756,0.0,2.0,0.0,0
e930ff0d-6890-4cc1-8638-24884b36ce0f,34aadaae-a82c-41a6-b6ac-2ab4f11a8047,0.36188303580973075,1.0,4.0,0.7651353133556418,0.2,0.11867463394112543,0.26611592959755015,0.6,3.0,4.0,1
e930ff0d-6890-4cc1-8638-24884b36ce0f,5ac7df38-e13e-4ddf-ac1d-8bd8825c2903,0.36188303580973075,1.0,4.0,0.7651353133556418,0.2,0.5606417702241059,0.9155246766150124,0.0,3.0,6.0,1
e930ff0d-6890-4cc1-8638-24884b36ce0f,5a34f357-525c-4e8c-9761-fca6c5ef4a54,0.36188303580973075,1.0,4.0,0.7651353133556418,1.0,0.32612342892093527,0.37000647225331373,0.3,3.0,4.0,0
e930ff0d-6890-4cc1-8638-24884b36ce0f,10fa412c-7efe-46f7-89b0-c6aa11d87532,0.36188303580973075,1.0,4.0,0.7651353133556418,1.0,0.911960789245008,0.6298188715387788,0.3,1.0,1.0,0
e930ff0d-6890-4cc1-8638-24884b36ce0f,85f2c72b-1210-493c-bae7-744c4b2353fc,0.36188303580973075,1.0,4.0,0.7651353133556418,0.6,0.5307520434712122,0.17871782093842026,1.0,5.0,3.0,0
e930ff0d-6890-4cc1-8638-24884b36ce0f,b5455ff3-4469-4b08-b2d0-3b4b8a9faa28,0.36188303580973075,1.0,4.0,0.7651353133556418,0.2,0.8168045396107254,0.12498281746751883,0.3,0.0,1.0,1
e930ff0d-6890-4cc1-8638-24884b36ce0f,8d8bd000-8a84-4c8b-bdc8-797008544155,0.36188303580973075,1.0,4.0,0.7651353133556418,1.0,0.14606305453676433,0.13377939697072627,0.0,0.0,0.0,0
e930ff0d-6890-4cc1-8638-24884b36ce0f,4eda28e3-9d9e-4f06-badb-0cb04245ce38,0.36188303580973075,1.0,4.0,0.7651353133556418,0.6,0.2524816678776829,0.7419096525240588,0.6,2.0,6.0,0
e930ff0d-6890-4cc1-8638-24884b36ce0f,69f0bb17-25d2-40ca-9934-1d66d65b38ec,0.36188303580973075,1.0,4.0,0.7651353133556418,1.0,0.5123580186270776,0.31857910523425825,0.6,5.0,5.0,0
e930ff0d-6890-4cc1-8638-24884b36ce0f,1dbb57c0-dbf1-4996-b33e-610ff0e1a4c5,0.36188303580973075,1.0,4.0,0.7651353133556418,0.2,0.6520298599863723,0.91316722678243,1.0,2.0,6.0,1
e930ff0d-6890-4cc1-8638-24884b36ce0f,160450d5-9356-496d-a71d-78413a2828c7,0.36188303580973075,1.0,4.0,0.7651353133556418,0.2,0.6437789001540966,0.8506322574276396,1.0,5.0,2.0,0
e930ff0d-6890-4cc1-8638-24884b36ce0f,10fa412c-7efe-46f7-89b0-c6aa11d87532,0.36188303580973075,1.0,4.0,0.7651353133556418,1.0,0.911960789245008,0.6298188715387788,0.3,3.0,2.0,0
e930ff0d-6890-4cc1-8638-24884b36ce0f,f4511c0e-1907-4564-85be-6208646f9403,0.36188303580973075,1.0,4.0,0.7651353133556418,0.6,0.9737144331912416,0.8489993802384885,0.3,4.0,4.0,1
e930ff0d-6890-4cc1-8638-24884b36ce0f,74148153-f45d-4239-a353-bd87a356743e,0.36188303580973075,1.0,4.0,0.7651353133556418,0.6,0.6999994035333063,0.6902791079691951,0.6,5.0,1.0,1
e930ff0d-6890-4cc1-8638-24884b36ce0f,db87c9f7-0d43-43e7-bfc8-10a75114f27b,0.36188303580973075,1.0,4.0,0.7651353133556418,1.0,0.5554553024932305,0.03495342538664914,0.6,0.0,2.0,1
e930ff0d-6890-4cc1-8638-24884b36ce0f,8c20762d-72fc-4a90-9284-b697f6205faa,0.36188303580973075,1.0,4.0,0.7651353133556418,0.2,0.809327370784988,0.46262162923016714,0.6,2.0,2.0,1
e930ff0d-6890-4cc1-8638-24884b36ce0f,3e875754-69cd-4fee-94a5-57d6da42ef91,0.36188303580973075,1.0,4.0,0.7651353133556418,0.2,0.2450411346868676,0.8598019829721676,0.3,1.0,3.0,1
e930ff0d-6890-4cc1-8638-24884b36ce0f,2270dcd6-f4ba-4acf-b863-271ea249c419,0.36188303580973075,1.0,4.0,0.7651353133556418,0.6,0.888509462672205,0.11768090665028597,0.0,4.0,4.0,1
e930ff0d-6890-4cc1-8638-24884b36ce0f,bc2b645f-2327-4ce9-a2d2-c4dfb4c037a4,0.36188303580973075,1.0,4.0,0.7651353133556418,0.6,0.565732669170513,0.9898859782322003,1.0,1.0,0.0,1
e930ff0d-6890-4cc1-8638-24884b36ce0f,33aa1631-5d42-4228-84c3-639ac72cf903,0.36188303580973075,1.0,4.0,0.7651353133556418,1.0,0.20605411083785363,0.7031088164784068,0.3,1.0,4.0,1
e930ff0d-6890-4cc1-8638-24884b36ce0f,7c817b5c-6572-44b4-8692-fb0a6e6339be,0.36188303580973075,1.0,4.0,0.7651353133556418,1.0,0.5648788196988385,0.6966139096390322,0.6,5.0,6.0,1
e930ff0d-6890-4cc1-8638-24884b36ce0f,e78aa463-4c6f-47dc-a5bb-968ac81532c7,0.36188303580973075,1.0,4.0,0.7651353133556418,0.6,0.961259998425001,0.14413543131777729,0.6,5.0,0.0,0
e930ff0d-6890-4cc1-8638-24884b36ce0f,85a991a1-00c2-4f3b-a2f1-2edd3ed3c13b,0.36188303580973075,1.0,4.0,0.7651353133556418,0.6,0.885115810475927,0.053316349790826556,0.3,1.0,4.0,1
e930ff0d-6890-4cc1-8638-24884b36ce0f,3c045d5e-db0b-42a4-8b36-5a8f0192e0a9,0.36188303580973075,1.0,4.0,0.7651353133556418,0.6,0.9703557392871628,0.4741186336216032,0.3,5.0,6.0,1
e930ff0d-6890-4cc1-8638-24884b36ce0f,10061fb7-f1ca-4d39-a324-536b4bc6d836,0.36188303580973075,1.0,4.0,0.7651353133556418,0.2,0.618739880361464,0.7410470610420968,1.0,0.0,5.0,1
e930ff0d-6890-4cc1-8638-24884b36ce0f,5145c478-0b39-4ab7-a906-e1b9735ba3ce,0.36188303580973075,1.0,4.0,0.7651353133556418,0.6,0.8786936977058606,0.9587100682359623,1.0,3.0,5.0,0
e930ff0d-6890-4cc1-8638-24884b36ce0f,31a8a011-26d9-417f-9acd-2dc1aa620cb1,0.36188303580973075,1.0,4.0,0.7651353133556418,0.6,0.8578772412513512,0.31368145278296056,0.6,0.0,0.0,1
e930ff0d-6890-4cc1-8638-24884b36ce0f,cd43d020-95b3-4fce-8795-f8fd1c5756af,0.36188303580973075,1.0,4.0,0.7651353133556418,0.6,0.5573941486973442,0.11632937988922598,0.3,1.0,4.0,1
e930ff0d-6890-4cc1-8638-24884b36ce0f,84c440d3-55ef-46aa-abeb-ca96e8632be9,0.36188303580973075,1.0,4.0,0.7651353133556418,0.6,0.5539423499120992,0.05768859541460958,0.6,1.0,2.0,1
e930ff0d-6890-4cc1-8638-24884b36ce0f,5e05eec7-1e62-4d54-96f8-a536e832863a,0.36188303580973075,1.0,4.0,0.7651353133556418,0.2,0.99982637880827,0.7415351340320897,0.0,5.0,2.0,1
e930ff0d-6890-4cc1-8638-24884b36ce0f,0d91a5c8-4b22-4198-b963-be98907527f4,0.36188303580973075,1.0,4.0,0.7651353133556418,0.2,0.36811976533001634,0.7445398250927052,0.0,1.0,5.0,1
e930ff0d-6890-4cc1-8638-24884b36ce0f,1e4deb48-10af-482d-89be-a40b3cfa6237,0.36188303580973075,1.0,4.0,0.7651353133556418,0.2,0.45812006017454143,0.5670116153989458,0.0,3.0,4.0,0
e930ff0d-6890-4cc1-8638-24884b36ce0f,35fc8989-8da0-422f-a619-1517d94a5ef1,0.36188303580973075,1.0,4.0,0.7651353133556418,0.6,0.53636942704019,0.22090661672949963,1.0,1.0,2.0,1
e930ff0d-6890-4cc1-8638-24884b36ce0f,3feb240a-54de-4548-9d6d-6b68da72c588,0.36188303580973075,1.0,4.0,0.7651353133556418,0.6,0.3534939575862086,0.46875086538360267,0.6,3.0,1.0,0
e930ff0d-6890-4cc1-8638-24884b36ce0f,9fbecf58-4b47-499b-af70-5be883e292d6,0.36188303580973075,1.0,4.0,0.7651353133556418,1.0,0.6813001709251447,0.40858971174533243,0.0,0.0,2.0,0
e930ff0d-6890-4cc1-8638-24884b36ce0f,a38cc35a-c8b1-493c-ad3e-67dba34f85e7,0.36188303580973075,1.0,4.0,0.7651353133556418,0.6,0.41036269496507194,0.08761541400278205,0.0,3.0,5.0,1
e930ff0d-6890-4cc1-8638-24884b36ce0f,4b297a66-3334-402c-af3b-f9ee2b621b0b,0.36188303580973075,1.0,4.0,0.7651353133556418,0.2,0.16180119098371584,0.2582859429792861,0.0,4.0,3.0,0
e930ff0d-6890-4cc1-8638-24884b36ce0f,f2d9a85b-88a4-4950-96c1-3a460d8c8fab,0.36188303580973075,1.0,4.0,0.7651353133556418,1.0,0.3746902350991088,0.34879260140220214,0.3,4.0,2.0,1
9fab352f-1263-4f11-8f22-ad87150de735,a17bf541-effa-44fe-bb93-e99cb560a113,0.24496019549971465,0.6,10.0,0.6340889124031324,0.6,0.6843407970867683,0.1004271940167254,0.6,2.0,2.0,0
9fab352f-1263-4f11-8f22-ad87150de735,ff0af660-6a5f-4fd7-b2e1-c43344816514,0.24496019549971465,0.6,10.0,0.6340889124031324,1.0,0.5024161230527904,0.7433967816161681,0.3,0.0,2.0,0
9fab352f-1263-4f11-8f22-ad87150de735,4ae5516d-8df6-4ce0-a1a2-7fe96b97c4ed,0.24496019549971465,0.6,10.0,0.6340889124031324,0.6,0.7394686693887754,0.3658730909863124,0.3,5.0,5.0,1
9fab352f-1263-4f11-8f22-ad87150de735,139389de-ef52-4a31-a3a6-711cb26f1f6a,0.24496019549971465,0.6,10.0,0.6340889124031324,0.2,0.6569353768626665,0.927362807810403,1.0,5.0,6.0,1
9fab352f-1263-4f11-8f22-ad87150de735,5145c478-0b39-4ab7-a906-e1b9735ba3ce,0.24496019549971465,0.6,10.0,0.6340889124031324,0.6,0.8786936977058606,0.9587100682359623,1.0,4.0,3.0,0
9fab352f-1263-4f11-8f22-ad87150de735,6670ddb8-85fa-45e6-9af6-91adbac350a8,0.24496019549971465,0.6,10.0,0.6340889124031324,1.0,0.5273671033049591,0.12936862090556023,0.0,4.0,4.0,1
9fab352f-1263-4f11-8f22-ad87150de735,72e21539-04f0-470f-b69d-9a418f7ff37b,0.24496019549971465,0.6,10.0,0.6340889124031324,0.2,0.6144010067276086,0.8682015664155024,0.6,3.0,4.0,1
9fab352f-1263-4f11-8f22-ad87150de735,21197103-286c-4e08-8f2e-e1f0c1aa4b65,0.24496019549971465,0.6,10.0,0.6340889124031324,0.2,0.974231980237957,0.8883695246489081,0.6,1.0,5.0,0
9fab352f-1263-4f11-8f22-ad87150de735,2e56c0c7-a2d4-4606-8362-ead47ba989cf,0.24496019549971465,0.6,10.0,0.6340889124031324,1.0,0.9838404823093492,0.5555768002260758,0.0,2.0,3.0,1
9fab352f-1263-4f11-8f22-ad87150de735,8ed783a1-387d-4717-b5f7-15de4d9164c0,0.24496019549971465,0.6,10.0,0.6340889124031324,1.0,0.6957695377284588,0.9476351583956032,0.0,4.0,6.0,0
9fab352f-1263-4f11-8f22-ad87150de735,84c440d3-55ef-46aa-abeb-ca96e8632be9,0.24496019549971465,0.6,10.0,0.6340889124031324,0.6,0.5539423499120992,0.05768859541460958,0.6,3.0,5.0,0
9fab352f-1263-4f11-8f22-ad87150de735,bc2b645f-2327-4ce9-a2d2-c4dfb4c037a4,0.24496019549971465,0.6,10.0,0.6340889124031324,0.6,0.565732669170513,0.9898859782322003,1.0,0.0,3.0,1
9fab352f-1263-4f11-8f22-ad87150de735,9102dfee-3ffe-4500-abcd-856f5c7ba81a,0.24496019549971465,0.6,10.0,0.6340889124031324,0.2,0.14792713695477017,0.6300659561232757,1.0,3.0,1.0,1
9fab352f-1263-4f11-8f22-ad87150de735,8d5761d4-efd9-4f9b-a561-e385778a1505,0.24496019549971465,0.6,10.0,0.6340889124031324,0.2,0.5667301021003356,0.19240837052962323,0.3,0.0,2.0,1
9fab352f-1263-4f11-8f22-ad87150de735,74148153-f45d-4239-a353-bd87a356743e,0.24496019549971465,0.6,10.0,0.6340889124031324,0.6,0.6999994035333063,0.6902791079691951,0.6,5.0,1.0,0
9fab352f-1263-4f11-8f22-ad87150de735,5ac7df38-e13e-4ddf-ac1d-8bd8825c2903,0.24496019549971465,0.6,10.0,0.6340889124031324,0.2,0.5606417702241059,0.9155246766150124,0.0,5.0,3.0,1
9fab352f-1263-4f11-8f22-ad87150de735,51656879-b9de-4976-b3d5-c8a240739e35,0.24496019549971465,0.6,10.0,0.6340889124031324,0.6,0.12393733137164058,0.5053225155587664,1.0,5.0,1.0,1
9fab352f-1263-4f11-8f22-ad87150de735,f62e1330-1cf0-425f-9f10-6ddf9042abcd,0.24496019549971465,0.6,10.0,0.6340889124031324,1.0,0.9321622696421319,0.2356252848280802,1.0,2.0,4.0,0
9fab352f-1263-4f11-8f22-ad87150de735,97ffd70a-47e9-4398-92a1-d66d4e4e7ac9,0.24496019549971465,0.6,10.0,0.6340889124031324,1.0,0.4738888800802551,0.7582398953411875,1.0,5.0,1.0,1
9fab352f-1263-4f11-8f22-ad87150de735,03be5e2c-49dc-49c9-bf6c-bd633714d57c,0.24496019549971465,0.6,10.0,0.6340889124031324,0.2,0.23003808241798443,0.40233767223870887,0.0,2.0,0.0,0
9fab352f-1263-4f11-8f22-ad87150de735,042f11d0-6ddd-4561-8c2c-5e00545a621e,0.24496019549971465,0.6,10.0,0.6340889124031324,1.0,0.7872798003899497,0.9285445017428434,0.6,0.0,4.0,0
9fab352f-1263-4f11-8f22-ad87150de735,4a47a28f-ebfe-4e2c-b5a5-219b771c2344,0.24496019549971465,0.6,10.0,0.6340889124031324,1.0,0.886582543106834,0.6746693780314743,0.3,1.0,4.0,0
9fab352f-1263-4f11-8f22-ad87150de735,ce563c1b-e3b8-441d-8833-a4b1974ef8ad,0.24496019549971465,0.6,10.0,0.6340889124031324,0.2,0.2484209913313706,0.8711314111441384,0.6,1.0,2.0,1
9fab352f-1263-4f11-8f22-ad87150de735,773cb37f-03e9-462d-9f7c-bb397a470391,0.24496019549971465,0.6,10.0,0.6340889124031324,1.0,0.138085119243381,0.17870489763614517,0.6,5.0,2.0,0
9fab352f-1263-4f11-8f22-ad87150de735,1975da03-cf78-4c90-a916-3660a489f0dc,0.24496019549971465,0.6,10.0,0.6340889124031324,0.6,0.4213481052285838,0.6693330773357604,0.6,5.0,5.0,0
9fab352f-1263-4f11-8f22-ad87150de735,d1505a61-3c3b-4c86-a8ae-c4ab1a296525,0.24496019549971465,0.6,10.0,0.6340889124031324,1.0,0.5383907575441277,0.2096336099684688,0.6,5.0,3.0,0
9fab352f-1263-4f11-8f22-ad87150de735,7c817b5c-6572-44b4-8692-fb0a6e6339be,0.24496019549971465,0.6,10.0,0.6340889124031324,1.0,0.5648788196988385,0.6966139096390322,0.6,3.0,0.0,0
9fab352f-1263-4f11-8f22-ad87150de735,684277da-f62a-49f6-b09e-1b7e786c463b,0.24496019549971465,0.6,10.0,0.6340889124031324,1.0,0.457984105173436,0.7791379129900283,0.6,1.0,0.0,1
9fab352f-1263-4f11-8f22-ad87150de735,2a4e6f6f-8a97-4b0f-8706-b5b5c9a3506e,0.24496019549971465,0.6,10.0,0.6340889124031324,1.0,0.508305717299449,0.5779541132057853,1.0,4.0,0.0,0
9fab352f-1263-4f11-8f22-ad87150de735,a7da2f9e-cfe5-4f9b-a2a9-83b121e1b3a8,0.24496019549971465,0.6,10.0,0.6340889124031324,1.0,0.8629090312240775,0.8986309655053686,0.3,1.0,6.0,0
9fab352f-1263-4f11-8f22-ad87150de735,9ba51c49-9d6a-423a-905e-593237ec3ec2,0.24496019549971465,0.6,10.0,0.6340889124031324,0.2,0.5056427924137512,0.14164644156570538,1.0,3.0,5.0,0
9fab352f-1263-4f11-8f22-ad87150de735,3e8780dc-c7a9-4934-8e6f-110d379812e4,0.24496019549971465,0.6,10.0,0.6340889124031324,1.0,0.5060570262278341,0.2300402347272693,0.6,4.0,1.0,0
9fab352f-1263-4f11-8f22-ad87150de735,5c628898-abde-4c5b-8dc9-253bfab0c323,0.24496019549971465,0.6,10.0,0.6340889124031324,0.6,0.29562602483866546,0.8882279982692427,0.3,0.0,5.0,0
9fab352f-1263-4f11-8f22-ad87150de735,c0831cb8-2671-4f2e-9498-e74d21da6f33,0.24496019549971465,0.6,10.0,0.6340889124031324,0.2,0.678838712580165,0.49622340240440477,1.0,4.0,3.0,0
9fab352f-1263-4f11-8f22-ad87150de735,01fe4a49-c1a0-4cc3-8dc8-8402e6b11064,0.24496019549971465,0.6,10.0,0.6340889124031324,1.0,0.6879754206461195,0.49287097672138225,0.3,1.0,6.0,0
9fab352f-1263-4f11-8f22-ad87150de735,b85c5447-3934-4a5f-a2ea-5cf406ba1386,0.24496019549971465,0.6,10.0,0.6340889124031324,0.2,0.7359215878835874,0.20471404262800852,1.0,5.0,2.0,0
9fab352f-1263-4f11-8f22-ad87150de735,8e97dadb-1a1b-42b9-ab2b-901aa2169415,0.24496019549971465,0.6,10.0,0.6340889124031324,0.6,0.4258214568056816,0.9395878832020562,1.0,5.0,5.0,0
9fab352f-1263-4f11-8f22-ad87150de735,8c822518-d0dc-460d-93c7-d9d033a078ba,0.24496019549971465,0.6,10.0,0.6340889124031324,1.0,0.5475099359609544,0.9553256935848943,1.0,0.0,4.0,0
9fab352f-1263-4f11-8f22-ad87150de735,74148153-f45d-4239-a353-bd87a356743e,0.24496019549971465,0.6,10.0,0.6340889124031324,0.6,0.6999994035333063,0.6902791079691951,0.6,3.0,0.0,1
9fab352f-1263-4f11-8f22-ad87150de735,9f019ca3-6a4d-4f1c-8cfd-4fc983011cd8,0.24496019549971465,0.6,10.0,0.6340889124031324,0.6,0.8592879525285462,0.4771610349793223,0.6,3.0,3.0,1
66668371-2ced-4eac-b5fb-64f400cc2e4b,0764c1e1-84c4-4344-814b-56f447356699,0.49104196387220916,0.2,13.0,0.5115814501335529,0.2,0.36478434898577183,0.31372887152086304,0.3,5.0,3.0,1
66668371-2ced-4eac-b5fb-64f400cc2e4b,86df6ab5-0a91-4c31-ae77-b6a97acaa3b6,0.49104196387220916,0.2,13.0,0.5115814501335529,0.2,0.6626325512293207,0.22621734088053103,1.0,1.0,6.0,1
66668371-2ced-4eac-b5fb-64f400cc2e4b,85f2c72b-1210-493c-bae7-744c4b2353fc,0.49104196387220916,0.2,13.0,0.5115814501335529,0.6,0.5307520434712122,0.17871782093842026,1.0,2.0,4.0,1
66668371-2ced-4eac-b5fb-64f400cc2e4b,8d5761d4-efd9-4f9b-a561-e385778a1505,0.49104196387220916,0.2,13.0,0.5115814501335529,0.2,0.5667301021003356,0.19240837052962323,0.3,5.0,3.0,1
66668371-2ced-4eac-b5fb-64f400cc2e4b,10fa412c-7efe-46f7-89b0-c6aa11d87532,0.49104196387220916,0.2,13.0,0.5115814501335529,1.0,0.911960789245008,0.6298188715387788,0.3,3.0,2.0,1
66668371-2ced-4eac-b5fb-64f400cc2e4b,8ed783a1-387d-4717-b5f7-15de4d9164c0,0.49104196387220916,0.2,13.0,0.5115814501335529,1.0,0.6957695377284588,0.9476351583956032,0.0,3.0,4.0,1
66668371-2ced-4eac-b5fb-64f400cc2e4b,97ffd70a-47e9-4398-92a1-d66d4e4e7ac9,0.49104196387220916,0.2,13.0,0.5115814501335529,1.0,0.4738888800802551,0.7582398953411875,1.0,2.0,6.0,1
66668371-2ced-4eac-b5fb-64f400cc2e4b,9d28a4ed-19ea-45ff-8c87-cd755a39633c,0.49104196387220916,0.2,13.0,0.5115814501335529,1.0,0.9699569764835101,0.3864034459374597,1.0,4.0,1.0,0
66668371-2ced-4eac-b5fb-64f400cc2e4b,e8099b2a-0582-4c26-a562-02489ef37a4d,0.49104196387220916,0.2,13.0,0.5115814501335529,1.0,0.5135230437741315,0.3765636685032894,1.0,0.0,3.0,0
66668371-2ced-4eac-b5fb-64f400cc2e4b,aaf45fe2-a218-49a4-8030-1b040505fcc2,0.49104196387220916,0.2,13.0,0.5115814501335529,0.2,0.36982601339710064,0.6947724975849392,0.3,3.0,2.0,0
66668371-2ced-4eac-b5fb-64f400cc2e4b,4ae5516d-8df6-4ce0-a1a2-7fe96b97c4ed,0.49104196387220916,0.2,13.0,0.5115814501335529,0.6,0.7394686693887754,0.3658730909863124,0.3,0.0,4.0,0
66668371-2ced-4eac-b5fb-64f400cc2e4b,78c12d9f-999b-460d-b319-9bd7627866b0,0.49104196387220916,0.2,13.0,0.5115814501335529,0.2,0.5225456025796394,0.35235373770664025,0.3,3.0,1.0,0
66668371-2ced-4eac-b5fb-64f400cc2e4b,df3f8908-754b-4f66-b4a5-0f54f1bbdef1,0.49104196387220916,0.2,13.0,0.5115814501335529,0.2,0.9006532918063022,0.624832175706485,0.6,5.0,5.0,0
66668371-2ced-4eac-b5fb-64f400cc2e4b,7cae5725-f4a7-4615-ab21-00fad572f2f3,0.49104196387220916,0.2,13.0,0.5115814501335529,1.0,0.8991240703271256,0.15308566915688449,0.3,2.0,4.0,0
66668371-2ced-4eac-b5fb-64f400cc2e4b,16aa6851-6f56-441d-b1e3-84c8e2b58887,0.49104196387220916,0.2,13.0,0.5115814501335529,1.0,0.7017944767412314,0.7875435396564088,0.3,5.0,3.0,0
66668371-2ced-4eac-b5fb-64f400cc2e4b,4b297a66-3334-402c-af3b-f9ee2b621b0b,0.49104196387220916,0.2,13.0,0.5115814501335529,0.2,0.16180119098371584,0.2582859429792861,0.0,2.0,4.0,1
66668371-2ced-4eac-b5fb-64f400cc2e4b,e45bd99d-504e-4e64-83b1-c517b6b084cf,0.49104196387220916,0.2,13.0,0.5115814501335529,1.0,0.2973675063752232,0.26685392748809267,0.0,2.0,0.0,0
66668371-2ced-4eac-b5fb-64f400cc2e4b,7cae5725-f4a7-4615-ab21-00fad572f2f3,0.49104196387220916,0.2,13.0,0.5115814501335529,1.0,0.8991240703271256,0.15308566915688449,0.3,2.0,0.0,0
66668371-2ced-4eac-b5fb-64f400cc2e4b,8155e67e-e6b6-4564-9fbc-a422dfbb4728,0.49104196387220916,0.2,13.0,0.5115814501335529,0.2,0.3282195111753295,0.7588859461800079,0.0,2.0,5.0,1
66668371-2ced-4eac-b5fb-64f400cc2e4b,cd43d020-95b3-4fce-8795-f8fd1c5756af,0.49104196387220916,0.2,13.0,0.5115814501335529,0.6,0.5573941486973442,0.11632937988922598,0.3,1.0,1.0,0
66668371-2ced-4eac-b5fb-64f400cc2e4b,8d8bd000-8a84-4c8b-bdc8-797008544155,0.49104196387220916,0.2,13.0,0.5115814501335529,1.0,0.14606305453676433,0.13377939697072627,0.0,0.0,2.0,1
66668371-2ced-4eac-b5fb-64f400cc2e4b,5e04770f-4a25-48a2-ad93-cef1ed97d455,0.49104196387220916,0.2,13.0,0.5115814501335529,1.0,0.6810890391339975,0.862719881758954,0.3,0.0,2.0,1
66668371-2ced-4eac-b5fb-64f400cc2e4b,d1505a61-3c3b-4c86-a8ae-c4ab1a296525,0.49104196387220916,0.2,13.0,0.5115814501335529,1.0,0.5383907575441277,0.2096336099684688,0.6,2.0,5.0,0
66668371-2ced-4eac-b5fb-64f400cc2e4b,382dc6cd-e931-4c06-8335-e8acc1df4c50,0.49104196387220916,0.2,13.0,0.5115814501335529,0.2,0.558623921637297,0.1308595947819554,1.0,1.0,2.0,1
66668371-2ced-4eac-b5fb-64f400cc2e4b,8d3c9344-6c45-43f7-a583-eb49f1bd7c4b,0.49104196387220916,0.2,13.0,0.5115814501335529,1.0,0.32697303710818776,0.18910296519857916,0.6,4.0,4.0,0
66668371-2ced-4eac-b5fb-64f400cc2e4b,b67ddff0-7385-4797-a300-4a5924cf13c8,0.49104196387220916,0.2,13.0,0.5115814501335529,1.0,0.3295857149138473,0.12338020427621188,1.0,0.0,1.0,1
66668371-2ced-4eac-b5fb-64f400cc2e4b,6a217f2a-6a27-417d-a68f-a01e2a149c82,0.49104196387220916,0.2,13.0,0.5115814501335529,1.0,0.6505590801619944,0.0878064055229939,0.6,4.0,2.0,0
66668371-2ced-4eac-b5fb-64f400cc2e4b,fda140a2-2654-463e-a825-e101e2f7921b,0.49104196387220916,0.2,13.0,0.5115814501335529,0.2,0.3998020556294877,0.9744658783076392,0.0,3.0,0.0,1
66668371-2ced-4eac-b5fb-64f400cc2e4b,eab77546-5660-4b6f-8ed6-d113d4c924cb,0.49104196387220916,0.2,13.0,0.5115814501335529,0.6,0.6257718626796875,0.29583808895330166,0.0,2.0,4.0,1
66668371-2ced-4eac-b5fb-64f400cc2e4b,79cb3b8e-aafa-418e-97aa-f7fdcb3d6c58,0.49104196387220916,0.2,13.0,0.5115814501335529,0.2,0.3730266808058288,0.7752357696427774,0.3,3.0,1.0,1
66668371-2ced-4eac-b5fb-64f400cc2e4b,d879a756-cb6b-4026-a00a-656051801b5f,0.49104196387220916,0.2,13.0,0.5115814501335529,1.0,0.19670829855613808,0.6495454402345533,1.0,2.0,0.0,1
66668371-2ced-4eac-b5fb-64f400cc2e4b,cf67b867-661f-4761-aa9e-bd64b50cabad,0.49104196387220916,0.2,13.0,0.5115814501335529,0.6,0.9775452477834666,0.8291857681957223,0.6,3.0,4.0,0
66668371-2ced-4eac-b5fb-64f400cc2e4b,6a217f2a-6a27-417d-a68f-a01e2a149c82,0.49104196387220916,0.2,13.0,0.5115814501335529,1.0,0.6505590801619944,0.0878064055229939,0.6,3.0,6.0,0
66668371-2ced-4eac-b5fb-64f400cc2e4b,4df46fb7-f407-42f6-a653-9d8438903f61,0.49104196387220916,0.2,13.0,0.5115814501335529,1.0,0.9723558352169928,0.2356344975085155,1.0,0.0,4.0,0
66668371-2ced-4eac-b5fb-64f400cc2e4b,9102dfee-3ffe-4500-abcd-856f5c7ba81a,0.49104196387220916,0.2,13.0,0.5115814501335529,0.2,0.14792713695477017,0.6300659561232757,1.0,3.0,2.0,0
66668371-2ced-4eac-b5fb-64f400cc2e4b,c777c23f-b2f3-4f1d-bbea-1e7286fac786,0.49104196387220916,0.2,13.0,0.5115814501335529,0.2,0.9597491309827612,0.04607692524933382,0.0,3.0,5.0,0
66668371-2ced-4eac-b5fb-64f400cc2e4b,8ab6ed8b-51d4-454f-85f3-3f6b976bb994,0.49104196387220916,0.2,13.0,0.5115814501335529,1.0,0.28732703598303644,0.30524872168293893,0.3,3.0,6.0,1
66668371-2ced-4eac-b5fb-64f400cc2e4b,a26f3aa1-8131-40eb-8610-e57f92d60b1d,0.49104196387220916,0.2,13.0,0.5115814501335529,0.6,0.5405955324673002,0.22788898669340596,0.3,2.0,2.0,0
66668371-2ced-4eac-b5fb-64f400cc2e4b,d05c6a73-7fda-4aba-88c3-900cedb6b9a6,0.49104196387220916,0.2,13.0,0.5115814501335529,0.6,0.37465691625557584,0.04502897108590176,0.0,3.0,0.0,1
66668371-2ced-4eac-b5fb-64f400cc2e4b,61f8b793-eb21-415f-be6a-1dace64c1dab,0.49104196387220916,0.2,13.0,0.5115814501335529,0.2,0.5789373941878594,0.5534783138488689,0.0,4.0,3.0,0
54b1efe8-1e0c-4b5d-b176-6ace180c1289,7cae5725-f4a7-4615-ab21-00fad572f2f3,0.7388570406202641,1.0,0.0,0.8853856258431474,1.0,0.8991240703271256,0.15308566915688449,0.3,5.0,0.0,0
54b1efe8-1e0c-4b5d-b176-6ace180c1289,34df5d01-15ed-49be-beaf-1edba5ce73f3,0.7388570406202641,1.0,0.0,0.8853856258431474,0.2,0.570771685431961,0.8647552667165631,0.3,1.0,2.0,1
54b1efe8-1e0c-4b5d-b176-6ace180c1289,18c8f5c0-62d6-4353-8121-04a82ac26ed8,0.7388570406202641,1.0,0.0,0.8853856258431474,1.0,0.14611128000847454,0.5869443165834576,0.3,0.0,3.0,1
54b1efe8-1e0c-4b5d-b176-6ace180c1289,7b512031-30a6-4d3c-8e53-4acf4b15efd9,0.7388570406202641,1.0,0.0,0.8853856258431474,0.6,0.20961141822392887,0.22555703805048077,1.0,0.0,2.0,0
54b1efe8-1e0c-4b5d-b176-6ace180c1289,21197103-286c-4e08-8f2e-e1f0c1aa4b65,0.7388570406202641,1.0,0.0,0.8853856258431474,0.2,0.974231980237957,0.8883695246489081,0.6,0.0,0.0,1
54b1efe8-1e0c-4b5d-b176-6ace180c1289,122cf437-7436-42ed-ba9f-fd1238cad94f,0.7388570406202641,1.0,0.0,0.8853856258431474,0.6,0.7296624097080157,0.24684751428984442,0.6,1.0,6.0,1
54b1efe8-1e0c-4b5d-b176-6ace180c1289,8bf86bf8-6510-4e3c-a240-21e3b94e264e,0.7388570406202641,1.0,0.0,0.8853856258431474,0.6,0.9444299160166787,0.9759914132168259,0.0,1.0,2.0,0
54b1efe8-1e0c-4b5d-b176-6ace180c1289,84c440d3-55ef-46aa-abeb-ca96e8632be9,0.7388570406202641,1.0,0.0,0.8853856258431474,0.6,0.5539423499120992,0.05768859541460958,0.6,4.0,1.0,1
54b1efe8-1e0c-4b5d-b176-6ace180c1289,042f11d0-6ddd-4561-8c2c-5e00545a621e,0.7388570406202641,1.0,0.0,0.8853856258431474,1.0,0.7872798003899497,0.9285445017428434,0.6,3.0,1.0,1
54b1efe8-1e0c-4b5d-b176-6ace180c1289,0d91a5c8-4b22-4198-b963-be98907527f4,0.7388570406202641,1.0,0.0,0.8853856258431474,0.2,0.36811976533001634,0.7445398250927052,0.0,0.0,0.0,1
54b1efe8-1e0c-4b5d-b176-6ace180c1289,b939da7f-028e-4294-87a9-cae844ef2396,0.7388570406202641,1.0,0.0,0.8853856258431474,1.0,0.28159591151234475,0.3654017291850822,1.0,1.0,1.0,1
54b1efe8-1e0c-4b5d-b176-6ace180c1289,03be5e2c-49dc-49c9-bf6c-bd633714d57c,0.7388570406202641,1.0,0.0,0.8853856258431474,0.2,0.23003808241798443,0.40233767223870887,0.0,2.0,1.0,0
54b1efe8-1e0c-4b5d-b176-6ace180c1289,1f1d5ce2-33eb-44b8-b139-1507fb4718cc,0.7388570406202641,1.0,0.0,0.8853856258431474,1.0,0.5291681488699617,0.6223076451667475,0.0,1.0,1.0,0
54b1efe8-1e0c-4b5d-b176-6ace180c1289,7cae5725-f4a7-4615-ab21-00fad572f2f3,0.7388570406202641,1.0,0.0,0.8853856258431474,1.0,0.8991240703271256,0.15308566915688449,0.3,3.0,5.0,1
54b1efe8-1e0c-4b5d-b176-6ace180c1289,97ffd70a-47e9-4398-92a1-d66d4e4e7ac9,0.7388570406202641,1.0,0.0,0.8853856258431474,1.0,0.4738888800802551,0.7582398953411875,1.0,1.0,4.0,0
54b1efe8-1e0c-4b5d-b176-6ace180c1289,0279e518-1bb2-4b7d-adb3-74104bab7995,0.7388570406202641,1.0,0.0,0.8853856258431474,1.0,0.48298817741352884,0.6867808649438274,0.6,4.0,3.0,1
54b1efe8-1e0c-4b5d-b176-6ace180c1289,6e8ca283-10c7-434c-826a-837f38ec5444,0.7388570406202641,1.0,0.0,0.8853856258431474,0.2,0.6513768543337128,0.6342982912007427,1.0,4.0,4.0,1
54b1efe8-1e0c-4b5d-b176-6ace180c1289,03be5e2c-49dc-49c9-bf6c-bd633714d57c,0.7388570406202641,1.0,0.0,0.8853856258431474,0.2,0.23003808241798443,0.40233767223870887,0.0,5.0,0.0,1
54b1efe8-1e0c-4b5d-b176-6ace180c1289,df3f8908-754b-4f66-b4a5-0f54f1bbdef1,0.7388570406202641,1.0,0.0,0.8853856258431474,0.2,0.9006532918063022,0.624832175706485,0.6,1.0,3.0,1
54b1efe8-1e0c-4b5d-b176-6ace180c1289,8ed783a1-387d-4717-b5f7-15de4d9164c0,0.7388570406202641,1.0,0.0,0.8853856258431474,1.0,0.6957695377284588,0.9476351583956032,0.0,5.0,6.0,1
54b1efe8-1e0c-4b5d-b176-6ace180c1289,8d8bd000-8a84-4c8b-bdc8-797008544155,0.7388570406202641,1.0,0.0,0.8853856258431474,1.0,0.14606305453676433,0.13377939697072627,0.0,4.0,5.0,1
54b1efe8-1e0c-4b5d-b176-6ace180c1289,773cb37f-03e9-462d-9f7c-bb397a470391,0.7388570406202641,1.0,0.0,0.8853856258431474,1.0,0.138085119243381,0.17870489763614517,0.6,1.0,2.0,0
54b1efe8-1e0c-4b5d-b176-6ace180c1289,7cae5725-f4a7-4615-ab21-00fad572f2f3,0.7388570406202641,1.0,0.0,0.8853856258431474,1.0,0.8991240703271256,0.15308566915688449,0.3,5.0,1.0,0
54b1efe8-1e0c-4b5d-b176-6ace180c1289,153d2d46-4437-4840-90a1-e5308394b291,0.7388570406202641,1.0,0.0,0.8853856258431474,0.6,0.8859430875649702,0.004809331333315514,0.6,2.0,6.0,0
54b1efe8-1e0c-4b5d-b176-6ace180c1289,2e56c0c7-a2d4-4606-8362-ead47ba989cf,0.7388570406202641,1.0,0.0,0.8853856258431474,1.0,0.9838404823093492,0.5555768002260758,0.0,3.0,6.0,0
54b1efe8-1e0c-4b5d-b176-6ace180c1289,9f7ae8c9-dc90-4236-adb6-2109245d9021,0.7388570406202641,1.0,0.0,0.8853856258431474,0.6,0.8963101399292399,0.12506351553810924,0.0,1.0,6.0,1
54b1efe8-1e0c-4b5d-b176-6ace180c1289,663e97bc-95a7-41b9-9e8e-0aaa991d7522,0.7388570406202641,1.0,0.0,0.8853856258431474,0.2,0.45979536292483636,0.25030114523410607,1.0,3.0,2.0,1
54b1efe8-1e0c-4b5d-b176-6ace180c1289,9f7ae8c9-dc90-4236-adb6-2109245d9021,0.7388570406202641,1.0,0.0,0.8853856258431474,0.6,0.8963101399292399,0.12506351553810924,0.0,1.0,1.0,0
54b1efe8-1e0c-4b5d-b176-6ace180c1289,9f7ae8c9-dc90-4236-adb6-2109245d9021,0.7388570406202641,1.0,0.0,0.8853856258431474,0.6,0.8963101399292399,0.12506351553810924,0.0,1.0,2.0,0
54b1efe8-1e0c-4b5d-b176-6ace180c1289,8155e67e-e6b6-4564-9fbc-a422dfbb4728,0.7388570406202641,1.0,0.0,0.8853856258431474,0.2,0.3282195111753295,0.7588859461800079,0.0,3.0,3.0,1
54b1efe8-1e0c-4b5d-b176-6ace180c1289,c3ccbfd0-fc33-4b81-bec0-7bb56f47c14f,0.7388570406202641,1.0,0.0,0.8853856258431474,1.0,0.7957102117424933,0.04996005462064468,1.0,1.0,4.0,0
54b1efe8-1e0c-4b5d-b176-6ace180c1289,b1ef27f4-c212-4d80-95b3-1ccfcccee40b,0.7388570406202641,1.0,0.0,0.8853856258431474,1.0,0.273179116013828,0.9075422104826739,1.0,1.0,6.0,0
54b1efe8-1e0c-4b5d-b176-6ace180c1289,1dbb57c0-dbf1-4996-b33e-610ff0e1a4c5,0.7388570406202641,1.0,0.0,0.8853856258431474,0.2,0.6520298599863723,0.91316722678243,1.0,2.0,5.0,1
54b1efe8-1e0c-4b5d-b176-6ace180c1289,3c045d5e-db0b-42a4-8b36-5a8f0192e0a9,0.7388570406202641,1.0,0.0,0.8853856258431474,0.6,0.9703557392871628,0.4741186336216032,0.3,3.0,4.0,1
54b1efe8-1e0c-4b5d-b176-6ace180c1289,bcc862ed-ee8c-4519-bd6f-df3684168181,0.7388570406202641,1.0,0.0,0.8853856258431474,1.0,0.9327717807626915,0.3397410335113047,0.3,0.0,1.0,0
54b1efe8-1e0c-4b5d-b176-6ace180c1289,b7f3f687-720d-4c2e-b765-833d1f628763,0.7388570406202641,1.0,0.0,0.8853856258431474,0.6,0.5040757896213439,0.7654432929579714,0.6,1.0,5.0,0
54b1efe8-1e0c-4b5d-b176-6ace180c1289,160450d5-9356-496d-a71d-78413a2828c7,0.7388570406202641,1.0,0.0,0.8853856258431474,0.2,0.6437789001540966,0.8506322574276396,1.0,2.0,1.0,1
54b1efe8-1e0c-4b5d-b176-6ace180c1289,e45bd99d-504e-4e64-83b1-c517b6b084cf,0.7388570406202641,1.0,0.0,0.8853856258431474,1.0,0.2973675063752232,0.26685392748809267,0.0,2.0,4.0,1
54b1efe8-1e0c-4b5d-b176-6ace180c1289,2f2c32fa-6e32-4764-b476-b6f9b3cc5cd7,0.7388570406202641,1.0,0.0,0.8853856258431474,0.2,0.13396258547827183,0.29306867008666404,0.0,0.0,3.0,1
54b1efe8-1e0c-4b5d-b176-6ace180c1289,4a47a28f-ebfe-4e2c-b5a5-219b771c2344,0.7388570406202641,1.0,0.0,0.8853856258431474,1.0,0.886582543106834,0.6746693780314743,0.3,1.0,2.0,0
75836c1a-c66a-4a20-914d-0a6657fc5fa2,723b0875-2f5c-406d-91ef-1ef6768c21e1,0.7359162032826485,0.6,15.0,0.20471686686719448,0.6,0.5865033881557733,0.9546606431143135,0.6,4.0,4.0,0
75836c1a-c66a-4a20-914d-0a6657fc5fa2,f4511c0e-1907-4564-85be-6208646f9403,0.7359162032826485,0.6,15.0,0.20471686686719448,0.6,0.9737144331912416,0.8489993802384885,0.3,3.0,0.0,1
75836c1a-c66a-4a20-914d-0a6657fc5fa2,e4db18b0-d91a-4fe4-b05f-eda25f38ea0d,0.7359162032826485,0.6,15.0,0.20471686686719448,0.2,0.5776591949487476,0.19019373944895102,0.3,0.0,0.0,0
75836c1a-c66a-4a20-914d-0a6657fc5fa2,6720ccab-682e-40ac-9103-5e1a7cedc597,0.7359162032826485,0.6,15.0,0.20471686686719448,1.0,0.34528416725327743,0.5038671262185984,1.0,5.0,3.0,0
75836c1a-c66a-4a20-914d-0a6657fc5fa2,1c71f507-dfea-4b96-86e6-8a12d5a0d8da,0.7359162032826485,0.6,15.0,0.20471686686719448,1.0,0.9354478790984506,0.6224732640307242,0.0,1.0,3.0,1
75836c1a-c66a-4a20-914d-0a6657fc5fa2,768074f2-fa60-4a87-b7e9-0fe45c042ba8,0.7359162032826485,0.6,15.0,0.20471686686719448,0.6,0.44816631031351084,0.885378023796285,0.0,0.0,0.0,0
75836c1a-c66a-4a20-914d-0a6657fc5fa2,cd43d020-95b3-4fce-8795-f8fd1c5756af,0.7359162032826485,0.6,15.0,0.20471686686719448,0.6,0.5573941486973442,0.11632937988922598,0.3,4.0,5.0,0
75836c1a-c66a-4a20-914d-0a6657fc5fa2,c5beb2bc-7876-4318-b66a-dab1f0815f72,0.7359162032826485,0.6,15.0,0.20471686686719448,0.6,0.40881718791361676,0.5939586390142232,0.0,5.0,2.0,1
75836c1a-c66a-4a20-914d-0a6657fc5fa2,5bccbbea-6061-4c3b-babf-9f5de9889c73,0.7359162032826485,0.6,15.0,0.20471686686719448,0.2,0.4789495794434827,0.42500061980149273,0.3,2.0,3.0,1
75836c1a-c66a-4a20-914d-0a6657fc5fa2,0279e518-1bb2-4b7d-adb3-74104bab7995,0.7359162032826485,0.6,15.0,0.20471686686719448,1.0,0.48298817741352884,0.6867808649438274,0.6,3.0,3.0,0
75836c1a-c66a-4a20-914d-0a6657fc5fa2,8ab6ed8b-51d4-454f-85f3-3f6b976bb994,0.7359162032826485,0.6,15.0,0.20471686686719448,1.0,0.28732703598303644,0.30524872168293893,0.3,5.0,4.0,0
75836c1a-c66a-4a20-914d-0a6657fc5fa2,3c045d5e-db0b-42a4-8b36-5a8f0192e0a9,0.7359162032826485,0.6,15.0,0.20471686686719448,0.6,0.9703557392871628,0.4741186336216032,0.3,5.0,2.0,0
75836c1a-c66a-4a20-914d-0a6657fc5fa2,8a2b6b58-3f67-4179-b80b-643dade73512,0.7359162032826485,0.6,15.0,0.20471686686719448,0.6,0.31611651735255464,0.7525389528715243,1.0,4.0,0.0,0
75836c1a-c66a-4a20-914d-0a6657fc5fa2,5939c634-d641-4ed7-8910-517780e88b75,0.7359162032826485,0.6,15.0,0.20471686686719448,0.6,0.7523652503478826,0.6850593430585846,0.3,4.0,5.0,1
75836c1a-c66a-4a20-914d-0a6657fc5fa2,bf1c16a4-e182-4ecc-8023-e458da60daac,0.7359162032826485,0.6,15.0,0.20471686686719448,1.0,0.24964749169716674,0.6258043806862246,0.6,4.0,2.0,0
75836c1a-c66a-4a20-914d-0a6657fc5fa2,19e80ef1-4224-4720-a093-1f15d029cdae,0.7359162032826485,0.6,15.0,0.20471686686719448,1.0,0.8175424886601043,0.7192671703216541,0.6,1.0,5.0,0
75836c1a-c66a-4a20-914d-0a6657fc5fa2,c192b11f-4447-40a2-80a6-390cd362dfa5,0.7359162032826485,0.6,15.0,0.20471686686719448,1.0,0.7363853294533637,0.9004772949138748,0.6,4.0,3.0,0
75836c1a-c66a-4a20-914d-0a6657fc5fa2,9d28a4ed-19ea-45ff-8c87-cd755a39633c,0.7359162032826485,0.6,15.0,0.20471686686719448,1.0,0.9699569764835101,0.3864034459374597,1.0,3.0,5.0,1
75836c1a-c66a-4a20-914d-0a6657fc5fa2,666c606e-4a7f-4e66-9fac-fbc0339d13f8,0.7359162032826485,0.6,15.0,0.20471686686719448,1.0,0.9652102148867648,0.8330892916579566,0.3,1.0,4.0,1
75836c1a-c66a-4a20-914d-0a6657fc5fa2,3e875754-69cd-4fee-94a5-57d6da42ef91,0.7359162032826485,0.6,15.0,0.20471686686719448,0.2,0.2450411346868676,0.8598019829721676,0.3,0.0,1.0,0
75836c1a-c66a-4a20-914d-0a6657fc5fa2,965ef1a3-f422-4510-af75-d3f89e3642dd,0.7359162032826485,0.6,15.0,0.20471686686719448,1.0,0.4273005359792914,0.6938722867459519,0.6,0.0,3.0,1
75836c1a-c66a-4a20-914d-0a6657fc5fa2,4ba8e189-dadf-4dd5-b53d-7c4e20e6a1b9,0.7359162032826485,0.6,15.0,0.20471686686719448,1.0,0.4261308026245366,0.5885791737632688,0.3,5.0,4.0,0
75836c1a-c66a-4a20-914d-0a6657fc5fa2,059f7915-4179-4fab-ab9a-979f2ce6e218,0.7359162032826485,0.6,15.0,0.20471686686719448,1.0,0.9507761192432672,0.14440395180459542,0.6,1.0,1.0,0
75836c1a-c66a-4a20-914d-0a6657fc5fa2,bcc862ed-ee8c-4519-bd6f-df3684168181,0.7359162032826485,0.6,15.0,0.20471686686719448,1.0,0.9327717807626915,0.3397410335113047,0.3,5.0,3.0,0
75836c1a-c66a-4a20-914d-0a6657fc5fa2,4e038b59-7940-4187-89a4-aa8900eb4584,0.7359162032826485,0.6,15.0,0.20471686686719448,0.6,0.8162686834681103,0.09548613580741361,0.3,5.0,2.0,1
75836c1a-c66a-4a20-914d-0a6657fc5fa2,0d91a5c8-4b22-4198-b963-be98907527f4,0.7359162032826485,0.6,15.0,0.20471686686719448,0.2,0.36811976533001634,0.7445398250927052,0.0,4.0,4.0,1
75836c1a-c66a-4a20-914d-0a6657fc5fa2,7c786351-37ac-47a2-9542-40b90f3efee8,0.7359162032826485,0.6,15.0,0.20471686686719448,0.6,0.6561708102091133,0.18646349182808575,0.3,0.0,6.0,0
75836c1a-c66a-4a20-914d-0a6657fc5fa2,547da744-4911-48fa-9b2f-1b550cf8ac17,0.7359162032826485,0.6,15.0,0.20471686686719448,1.0,0.45632620168229077,0.11858678619598295,1.0,0.0,2.0,1
75836c1a-c66a-4a20-914d-0a6657fc5fa2,5145c478-0b39-4ab7-a906-e1b9735ba3ce,0.7359162032826485,0.6,15.0,0.20471686686719448,0.6,0.8786936977058606,0.9587100682359623,1.0,0.0,2.0,0
75836c1a-c66a-4a20-914d-0a6657fc5fa2,d1505a61-3c3b-4c86-a8ae-c4ab1a296525,0.7359162032826485,0.6,15.0,0.20471686686719448,1.0,0.5383907575441277,0.2096336099684688,0.6,0.0,0.0,0
75836c1a-c66a-4a20-914d-0a6657fc5fa2,684277da-f62a-49f6-b09e-1b7e786c463b,0.7359162032826485,0.6,15.0,0.20471686686719448,1.0,0.457984105173436,0.7791379129900283,0.6,0.0,1.0,0
75836c1a-c66a-4a20-914d-0a6657fc5fa2,663e97bc-95a7-41b9-9e8e-0aaa991d7522,0.7359162032826485,0.6,15.0,0.20471686686719448,0.2,0.45979536292483636,0.25030114523410607,1.0,3.0,0.0,1
75836c1a-c66a-4a20-914d-0a6657fc5fa2,86df6ab5-0a91-4c31-ae77-b6a97acaa3b6,0.7359162032826485,0.6,15.0,0.20471686686719448,0.2,0.6626325512293207,0.22621734088053103,1.0,5.0,0.0,1
75836c1a-c66a-4a20-914d-0a6657fc5fa2,1e9ac78a-0ad3-4758-94d2-679a7c60a672,0.7359162032826485,0.6,15.0,0.20471686686719448,0.6,0.1486437037821284,0.8157193928134632,0.6,2.0,1.0,0
75836c1a-c66a-4a20-914d-0a6657fc5fa2,6bc2f168-7233-41b6-b378-1e91e4060318,0.7359162032826485,0.6,15.0,0.20471686686719448,0.6,0.8903489988595626,0.4493952204847722,0.6,2.0,4.0,0
75836c1a-c66a-4a20-914d-0a6657fc5fa2,6194ece5-783c-4da7-bdc5-d5536c904afd,0.7359162032826485,0.6,15.0,0.20471686686719448,0.6,0.6048572623235224,0.928472011746639,0.3,4.0,2.0,0
75836c1a-c66a-4a20-914d-0a6657fc5fa2,50485b49-6f87-4fbb-a6d8-cc894f5ad343,0.7359162032826485,0.6,15.0,0.20471686686719448,0.2,0.489665412099198,0.42118413108785735,0.3,2.0,1.0,1
75836c1a-c66a-4a20-914d-0a6657fc5fa2,2f70d43e-6f07-4505-9201-cce02cbbe2f9,0.7359162032826485,0.6,15.0,0.20471686686719448,0.2,0.9098855720694773,0.2703699432968346,0.0,4.0,5.0,0
75836c1a-c66a-4a20-914d-0a6657fc5fa2,85a991a1-00c2-4f3b-a2f1-2edd3ed3c13b,0.7359162032826485,0.6,15.0,0.20471686686719448,0.6,0.885115810475927,0.053316349790826556,0.3,1.0,4.0,1
75836c1a-c66a-4a20-914d-0a6657fc5fa2,cd43d020-95b3-4fce-8795-f8fd1c5756af,0.7359162032826485,0.6,15.0,0.20471686686719448,0.6,0.5573941486973442,0.11632937988922598,0.3,0.0,6.0,1
2cb536d9-95ca-49d8-b94a-cc78db1b5954,b9085332-b2b1-4b72-8021-b3b81398ce92,0.4462311618702773,0.6,13.0,0.6305764540881853,0.6,0.33544730729888195,0.5880404702366536,0.6,0.0,1.0,0
2cb536d9-95ca-49d8-b94a-cc78db1b5954,a7da2f9e-cfe5-4f9b-a2a9-83b121e1b3a8,0.4462311618702773,0.6,13.0,0.6305764540881853,1.0,0.8629090312240775,0.8986309655053686,0.3,4.0,5.0,0
2cb536d9-95ca-49d8-b94a-cc78db1b5954,5b598b97-310b-48b1-a31c-086e59102b7b,0.4462311618702773,0.6,13.0,0.6305764540881853,0.2,0.7003193052156396,0.8859898883469448,0.0,1.0,2.0,1
2cb536d9-95ca-49d8-b94a-cc78db1b5954,92da4efc-92e2-4b63-a697-25a464242c2d,0.4462311618702773,0.6,13.0,0.6305764540881853,1.0,0.6595170148426077,0.9265692444764961,1.0,1.0,4.0,0
2cb536d9-95ca-49d8-b94a-cc78db1b5954,18d9fc90-579e-4041-988f-c2fa9da7d9f1,0.4462311618702773,0.6,13.0,0.6305764540881853,0.2,0.611318917479668,0.23509193379958115,0.3,0.0,0.0,1
2cb536d9-95ca-49d8-b94a-cc78db1b5954,be7b953b-bf68-42e7-957e-b6f8f29af69d,0.4462311618702773,0.6,13.0,0.6305764540881853,1.0,0.6945243897343877,0.4669732371344246,1.0,2.0,1.0,0
2cb536d9-95ca-49d8-b94a-cc78db1b5954,b1ecfa5c-68a1-4a8a-846a-dfb97027e1f6,0.4462311618702773,0.6,13.0,0.6305764540881853,0.6,0.47396075244655456,0.7794108057492125,1.0,4.0,1.0,1
2cb536d9-95ca-49d8-b94a-cc78db1b5954,6cef895f-06aa-4942-bedd-72fff31eb379,0.4462311618702773,0.6,13.0,0.6305764540881853,0.2,0.8773089936408774,0.6446474280251517,1.0,2.0,3.0,0
2cb536d9-95ca-49d8-b94a-cc78db1b5954,2e62bb91-bbcc-427c-86f2-60487a06e1ea,0.4462311618702773,0.6,13.0,0.6305764540881853,0.6,0.9970298553106509,0.5346422845071757,0.3,4.0,0.0,0
2cb536d9-95ca-49d8-b94a-cc78db1b5954,bb149053-41e0-46bd-ae04-d392610b827f,0.4462311618702773,0.6,13.0,0.6305764540881853,1.0,0.9892289095536471,0.5376980874726343,0.3,0.0,5.0,0
2cb536d9-95ca-49d8-b94a-cc78db1b5954,19e80ef1-4224-4720-a093-1f15d029cdae,0.4462311618702773,0.6,13.0,0.6305764540881853,1.0,0.8175424886601043,0.7192671703216541,0.6,5.0,3.0,0
2cb536d9-95ca-49d8-b94a-cc78db1b5954,e8df6458-6771-4ac9-9072-87c3e1750d40,0.4462311618702773,0.6,13.0,0.6305764540881853,0.2,0.43364799363262085,0.28863566461256474,0.0,1.0,1.0,1
2cb536d9-95ca-49d8-b94a-cc78db1b5954,65c54c61-8bed-4502-891f-54207581973c,0.4462311618702773,0.6,13.0,0.6305764540881853,0.6,0.5609694251913983,0.4769640187588726,1.0,0.0,0.0,1
2cb536d9-95ca-49d8-b94a-cc78db1b5954,7cae5725-f4a7-4615-ab21-00fad572f2f3,0.4462311618702773,0.6,13.0,0.6305764540881853,1.0,0.8991240703271256,0.15308566915688449,0.3,1.0,2.0,0
2cb536d9-95ca-49d8-b94a-cc78db1b5954,cf67b867-661f-4761-aa9e-bd64b50cabad,0.4462311618702773,0.6,13.0,0.6305764540881853,0.6,0.9775452477834666,0.8291857681957223,0.6,5.0,1.0,1
2cb536d9-95ca-49d8-b94a-cc78db1b5954,0bc32369-5cc1-4c6e-9b9e-a0d6ad643532,0.4462311618702773,0.6,13.0,0.6305764540881853,0.6,0.6337720175795309,0.5219080741476771,1.0,2.0,2.0,1
2cb536d9-95ca-49d8-b94a-cc78db1b5954,1c71f507-dfea-4b96-86e6-8a12d5a0d8da,0.4462311618702773,0.6,13.0,0.6305764540881853,1.0,0.9354478790984506,0.6224732640307242,0.0,5.0,2.0,1
2cb536d9-95ca-49d8-b94a-cc78db1b5954,15b5cdd7-9aed-490f-9cb8-4f9a900eb398,0.4462311618702773,0.6,13.0,0.6305764540881853,0.2,0.17789822129463906,0.6431782959777482,0.0,2.0,3.0,1
2cb536d9-95ca-49d8-b94a-cc78db1b5954,ce563c1b-e3b8-441d-8833-a4b1974ef8ad,0.4462311618702773,0.6,13.0,0.6305764540881853,0.2,0.2484209913313706,0.8711314111441384,0.6,4.0,4.0,1
2cb536d9-95ca-49d8-b94a-cc78db1b5954,ab31027b-1533-4573-87ee-591c4e74f603,0.4462311618702773,0.6,13.0,0.6305764540881853,0.2,0.13414284675556443,0.8188515466757538,1.0,4.0,2.0,0
2cb536d9-95ca-49d8-b94a-cc78db1b5954,897e2fd6-d062-4d6b-8350-be1ff289f7d2,0.4462311618702773,0.6,13.0,0.6305764540881853,1.0,0.27839323550003814,0.5426957391813381,1.0,4.0,4.0,1
2cb536d9-95ca-49d8-b94a-cc78db1b5954,9f7ae8c9-dc90-4236-adb6-2109245d9021,0.4462311618702773,0.6,13.0,0.6305764540881853,0.6,0.8963101399292399,0.12506351553810924,0.0,0.0,4.0,0
2cb536d9-95ca-49d8-b94a-cc78db1b5954,09a8b01c-9886-431b-860f-484d959f9fd8,0.4462311618702773,0.6,13.0,0.6305764540881853,0.2,0.7949409365509817,0.650881327422057,0.0,3.0,3.0,0
2cb536d9-95ca-49d8-b94a-cc78db1b5954,5145c478-0b39-4ab7-a906-e1b9735ba3ce,0.4462311618702773,0.6,13.0,0.6305764540881853,0.6,0.8786936977058606,0.9587100682359623,1.0,1.0,2.0,0
2cb536d9-95ca-49d8-b94a-cc78db1b5954,ef4564ad-37cb-422e-9258-c0dd09e686d8,0.4462311618702773,0.6,13.0,0.6305764540881853,0.6,0.7134305197216956,0.4952020834976343,0.0,1.0,3.0,1
2cb536d9-95ca-49d8-b94a-cc78db1b5954,b02c207c-3d8f-47d1-94d5-ea09db74e5c8,0.4462311618702773,0.6,13.0,0.6305764540881853,0.6,0.3575527172065134,0.7990422256936793,0.3,3.0,3.0,0
2cb536d9-95ca-49d8-b94a-cc78db1b5954,04b630df-e955-44a2-ba81-7807bb8bbf0e,0.4462311618702773,0.6,13.0,0.6305764540881853,0.6,0.26969467315661044,0.7945253868283686,1.0,2.0,0.0,0
2cb536d9-95ca-49d8-b94a-cc78db1b5954,bcc862ed-ee8c-4519-bd6f-df3684168181,0.4462311618702773,0.6,13.0,0.6305764540881853,1.0,0.9327717807626915,0.3397410335113047,0.3,0.0,5.0,0
2cb536d9-95ca-49d8-b94a-cc78db1b5954,b306c2e8-e14e-48ab-ba50-0a1e2c26a1c9,0.4462311618702773,0.6,13.0,0.6305764540881853,0.2,0.3501289126422822,0.7428895955658196,0.3,0.0,6.0,0
2cb536d9-95ca-49d8-b94a-cc78db1b5954,87a7aeb8-bf34-460e-bb3c-fbe35cf1ef81,0.4462311618702773,0.6,13.0,0.6305764540881853,1.0,0.7885085605778664,0.825897641598029,0.6,4.0,5.0,0
2cb536d9-95ca-49d8-b94a-cc78db1b5954,ad90952f-caf0-425d-8039-7263f702df91,0.4462311618702773,0.6,13.0,0.6305764540881853,0.2,0.9254823202465832,0.36840241779614114,0.0,2.0,0.0,1
2cb536d9-95ca-49d8-b94a-cc78db1b5954,b8a59f9c-9152-4e9d-9227-81b450029be0,0.4462311618702773,0.6,13.0,0.6305764540881853,0.2,0.9082416607735994,0.8438860705844703,1.0,0.0,0.0,0
2cb536d9-95ca-49d8-b94a-cc78db1b5954,d72916bd-ef8f-4502-bba8-725c04f85a5f,0.4462311618702773,0.6,13.0,0.6305764540881853,0.2,0.854828063402321,0.2603597878713769,0.0,3.0,4.0,0
2cb536d9-95ca-49d8-b94a-cc78db1b5954,85a991a1-00c2-4f3b-a2f1-2edd3ed3c13b,0.4462311618702773,0.6,13.0,0.6305764540881853,0.6,0.885115810475927,0.053316349790826556,0.3,3.0,1.0,1
2cb536d9-95ca-49d8-b94a-cc78db1b5954,b1ef27f4-c212-4d80-95b3-1ccfcccee40b,0.4462311618702773,0.6,13.0,0.6305764540881853,1.0,0.273179116013828,0.9075422104826739,1.0,1.0,1.0,1
2cb536d9-95ca-49d8-b94a-cc78db1b5954,e8099b2a-0582-4c26-a562-02489ef37a4d,0.4462311618702773,0.6,13.0,0.6305764540881853,1.0,0.5135230437741315,0.3765636685032894,1.0,5.0,1.0,1
2cb536d9-95ca-49d8-b94a-cc78db1b5954,5ac7df38-e13e-4ddf-ac1d-8bd8825c2903,0.4462311618702773,0.6,13.0,0.6305764540881853,0.2,0.5606417702241059,0.9155246766150124,0.0,1.0,1.0,1
2cb536d9-95ca-49d8-b94a-cc78db1b5954,79cb3b8e-aafa-418e-97aa-f7fdcb3d6c58,0.4462311618702773,0.6,13.0,0.6305764540881853,0.2,0.3730266808058288,0.7752357696427774,0.3,2.0,3.0,1
2cb536d9-95ca-49d8-b94a-cc78db1b5954,5c1d0582-adee-41cb-bbe3-230e78acd299,0.4462311618702773,0.6,13.0,0.6305764540881853,0.6,0.13442713841525677,0.8039132575143135,1.0,2.0,4.0,1
2cb536d9-95ca-49d8-b94a-cc78db1b5954,bf54fdb0-6d82-479e-a9d5-78fc64767a17,0.4462311618702773,0.6,13.0,0.6305764540881853,0.2,0.17614837616217327,0.6505421545039386,1.0,2.0,0.0,0
d89d4140-e63d-4ced-b3aa-53e45eff6c94,ae260348-9d86-49fc-b010-b38655f0aa4c,0.7142438425294504,1.0,7.0,0.5905835820402003,0.6,0.6156726777562007,0.7631540220976764,0.3,3.0,4.0,1
d89d4140-e63d-4ced-b3aa-53e45eff6c94,b8a59f9c-9152-4e9d-9227-81b450029be0,0.7142438425294504,1.0,7.0,0.5905835820402003,0.2,0.9082416607735994,0.8438860705844703,1.0,5.0,0.0,1
d89d4140-e63d-4ced-b3aa-53e45eff6c94,c4200dd0-0628-49ac-a3d4-9cafb23a3f7c,0.7142438425294504,1.0,7.0,0.5905835820402003,0.6,0.23204019132352335,0.14567973078804342,0.3,2.0,1.0,0
d89d4140-e63d-4ced-b3aa-53e45eff6c94,cd408280-465f-4896-b05f-85290441236d,0.7142438425294504,1.0,7.0,0.5905835820402003,1.0,0.22129010421141973,0.167964745667194,0.6,1.0,1.0,0
d89d4140-e63d-4ced-b3aa-53e45eff6c94,d8d30dac-fd61-48d1-8bf9-aa602ff08b1b,0.7142438425294504,1.0,7.0,0.5905835820402003,0.6,0.5193853910130869,0.5025270481245171,0.0,0.0,6.0,1
d89d4140-e63d-4ced-b3aa-53e45eff6c94,aaf45fe2-a218-49a4-8030-1b040505fcc2,0.7142438425294504,1.0,7.0,0.5905835820402003,0.2,0.36982601339710064,0.6947724975849392,0.3,3.0,4.0,1
d89d4140-e63d-4ced-b3aa-53e45eff6c94,dba04d24-2e37-4c46-ae54-9c34510dff1f,0.7142438425294504,1.0,7.0,0.5905835820402003,1.0,0.8419986133538263,0.7052929283686935,0.0,4.0,1.0,0
d89d4140-e63d-4ced-b3aa-53e45eff6c94,5b598b97-310b-48b1-a31c-086e59102b7b,0.7142438425294504,1.0,7.0,0.5905835820402003,0.2,0.7003193052156396,0.8859898883469448,0.0,0.0,0.0,1
d89d4140-e63d-4ced-b3aa-53e45eff6c94,5c628898-abde-4c5b-8dc9-253bfab0c323,0.7142438425294504,1.0,7.0,0.5905835820402003,0.6,0.29562602483866546,0.8882279982692427,0.3,5.0,2.0,1
d89d4140-e63d-4ced-b3aa-53e45eff6c94,e78aa463-4c6f-47dc-a5bb-968ac81532c7,0.7142438425294504,1.0,7.0,0.5905835820402003,0.6,0.961259998425001,0.14413543131777729,0.6,1.0,6.0,0
d89d4140-e63d-4ced-b3aa-53e45eff6c94,9913533d-faae-4d19-b26f-7d58e0c13607,0.7142438425294504,1.0,7.0,0.5905835820402003,0.6,0.8682957247821264,0.11927861507246895,0.3,5.0,2.0,0
d89d4140-e63d-4ced-b3aa-53e45eff6c94,06497e85-86a1-47f4-bbdd-a5f778924253,0.7142438425294504,1.0,7.0,0.5905835820402003,0.2,0.19052222599951962,0.20137632619118384,0.3,2.0,5.0,1
d89d4140-e63d-4ced-b3aa-53e45eff6c94,31a8a011-26d9-417f-9acd-2dc1aa620cb1,0.7142438425294504,1.0,7.0,0.5905835820402003,0.6,0.8578772412513512,0.31368145278296056,0.6,1.0,0.0,0
d89d4140-e63d-4ced-b3aa-53e45eff6c94,fc4acfb5-647c-49b2-9c8c-e8b0e4b17239,0.7142438425294504,1.0,7.0,0.5905835820402003,0.6,0.9661698956227394,0.22641288621518874,0.0,0.0,3.0,1
d89d4140-e63d-4ced-b3aa-53e45eff6c94,51656879-b9de-4976-b3d5-c8a240739e35,0.7142438425294504,1.0,7.0,0.5905835820402003,0.6,0.12393733137164058,0.5053225155587664,1.0,5.0,5.0,0
d89d4140-e63d-4ced-b3aa-53e45eff6c94,139389de-ef52-4a31-a3a6-711cb26f1f6a,0.7142438425294504,1.0,7.0,0.5905835820402003,0.2,0.6569353768626665,0.927362807810403,1.0,3.0,4.0,1
d89d4140-e63d-4ced-b3aa-53e45eff6c94,ef4564ad-37cb-422e-9258-c0dd09e686d8,0.7142438425294504,1.0,7.0,0.5905835820402003,0.6,0.7134305197216956,0.4952020834976343,0.0,0.0,1.0,0
d89d4140-e63d-4ced-b3aa-53e45eff6c94,15ffb6f4-0363-4611-afec-93fefe2ffd83,0.7142438425294504,1.0,7.0,0.5905835820402003,0.2,0.9223427256162328,0.7798431272433336,0.3,2.0,1.0,1
d89d4140-e63d-4ced-b3aa-53e45eff6c94,8e97dadb-1a1b-42b9-ab2b-901aa2169415,0.7142438425294504,1.0,7.0,0.5905835820402003,0.6,0.4258214568056816,0.9395878832020562,1.0,0.0,2.0,1
d89d4140-e63d-4ced-b3aa-53e45eff6c94,1975da03-cf78-4c90-a916-3660a489f0dc,0.7142438425294504,1.0,7.0,0.5905835820402003,0.6,0.4213481052285838,0.6693330773357604,0.6,3.0,6.0,0
d89d4140-e63d-4ced-b3aa-53e45eff6c94,85736eaa-5d46-446f-bc37-90664659af7c,0.7142438425294504,1.0,7.0,0.5905835820402003,0.2,0.5071632128531129,0.5363921784426651,0.3,4.0,6.0,1
d89d4140-e63d-4ced-b3aa-53e45eff6c94,bf54fdb0-6d82-479e-a9d5-78fc64767a17,0.7142438425294504,1.0,7.0,0.5905835820402003,0.2,0.17614837616217327,0.6505421545039386,1.0,3.0,4.0,1
d89d4140-e63d-4ced-b3aa-53e45eff6c94,7bf57e1f-8d6e-4525-9822-40fe99cb92db,0.7142438425294504,1.0,7.0,0.5905835820402003,0.6,0.646849787279288,0.8371345930324872,0.6,5.0,2.0,1
d89d4140-e63d-4ced-b3aa-53e45eff6c94,425b9a2c-d3c2-418b-8da0-71ea5c07dd63,0.7142438425294504,1.0,7.0,0.5905835820402003,0.2,0.5351171693089606,0.9651204126148089,0.0,3.0,0.0,0
d89d4140-e63d-4ced-b3aa-53e45eff6c94,3c045d5e-db0b-42a4-8b36-5a8f0192e0a9,0.7142438425294504,1.0,7.0,0.5905835820402003,0.6,0.9703557392871628,0.4741186336216032,0.3,2.0,3.0,1
d89d4140-e63d-4ced-b3aa-53e45eff6c94,4ba8e189-dadf-4dd5-b53d-7c4e20e6a1b9,0.7142438425294504,1.0,7.0,0.5905835820402003,1.0,0.4261308026245366,0.5885791737632688,0.3,2.0,3.0,1
d89d4140-e63d-4ced-b3aa-53e45eff6c94,a38cc35a-c8b1-493c-ad3e-67dba34f85e7,0.7142438425294504,1.0,7.0,0.5905835820402003,0.6,0.41036269496507194,0.08761541400278205,0.0,1.0,3.0,0
d89d4140-e63d-4ced-b3aa-53e45eff6c94,b7f3f687-720d-4c2e-b765-833d1f628763,0.7142438425294504,1.0,7.0,0.5905835820402003,0.6,0.5040757896213439,0.7654432929579714,0.6,5.0,4.0,0
d89d4140-e63d-4ced-b3aa-53e45eff6c94,1dbb57c0-dbf1-4996-b33e-610ff0e1a4c5,0.7142438425294504,1.0,7.0,0.5905835820402003,0.2,0.6520298599863723,0.91316722678243,1.0,0.0,1.0,1
d89d4140-e63d-4ced-b3aa-53e45eff6c94,319d65cc-35fb-4fd2-8d36-0aaeae8c1599,0.7142438425294504,1.0,7.0,0.5905835820402003,0.2,0.3492163442071033,0.6358648613159886,0.3,2.0,1.0,1
d89d4140-e63d-4ced-b3aa-53e45eff6c94,684277da-f62a-49f6-b09e-1b7e786c463b,0.7142438425294504,1.0,7.0,0.5905835820402003,1.0,0.457984105173436,0.7791379129900283,0.6,5.0,4.0,1
d89d4140-e63d-4ced-b3aa-53e45eff6c94,6194ece5-783c-4da7-bdc5-d5536c904afd,0.7142438425294504,1.0,7.0,0.5905835820402003,0.6,0.6048572623235224,0.928472011746639,0.3,3.0,6.0,0
d89d4140-e63d-4ced-b3aa-53e45eff6c94,ad90952f-caf0-425d-8039-7263f702df91,0.7142438425294504,1.0,7.0,0.5905835820402003,0.2,0.9254823202465832,0.36840241779614114,0.0,2.0,6.0,1
d89d4140-e63d-4ced-b3aa-53e45eff6c94,b61ea83c-607e-45d0-8e7b-1b85dc0719bf,0.7142438425294504,1.0,7.0,0.5905835820402003,0.2,0.48020855047645894,0.4947416007255965,1.0,5.0,1.0,1
d89d4140-e63d-4ced-b3aa-53e45eff6c94,b30a4759-4017-4c73-a262-ebb3da889ea2,0.7142438425294504,1.0,7.0,0.5905835820402003,0.2,0.2824565624064378,0.9351062106319883,1.0,1.0,1.0,1
d89d4140-e63d-4ced-b3aa-53e45eff6c94,86df6ab5-0a91-4c31-ae77-b6a97acaa3b6,0.7142438425294504,1.0,7.0,0.5905835820402003,0.2,0.6626325512293207,0.22621734088053103,1.0,2.0,0.0,1
d89d4140-e63d-4ced-b3aa-53e45eff6c94,19e80ef1-4224-4720-a093-1f15d029cdae,0.7142438425294504,1.0,7.0,0.5905835820402003,1.0,0.8175424886601043,0.7192671703216541,0.6,5.0,2.0,0
d89d4140-e63d-4ced-b3aa-53e45eff6c94,61ae4cd0-4feb-4315-9993-55959a8ab125,0.7142438425294504,1.0,7.0,0.5905835820402003,0.6,0.5247340762216478,0.34315624408831924,0.0,4.0,0.0,1
d89d4140-e63d-4ced-b3aa-53e45eff6c94,8d3c9344-6c45-43f7-a583-eb49f1bd7c4b,0.7142438425294504,1.0,7.0,0.5905835820402003,1.0,0.32697303710818776,0.18910296519857916,0.6,2.0,6.0,0
d89d4140-e63d-4ced-b3aa-53e45eff6c94,3ddfda87-b4e3-4c16-8683-a4523f15acf2,0.7142438425294504,1.0,7.0,0.5905835820402003,1.0,0.9807055615364045,0.6381156208224877,0.3,1.0,6.0,0
71ed070a-647d-4d0a-80e9-066050687a6d,6a217f2a-6a27-417d-a68f-a01e2a149c82,0.3910547182342796,0.6,0.0,0.5110857625969025,1.0,0.6505590801619944,0.0878064055229939,0.6,1.0,2.0,0
71ed070a-647d-4d0a-80e9-066050687a6d,27de15b7-4423-4163-9a52-27eba3556133,0.3910547182342796,0.6,0.0,0.5110857625969025,0.2,0.8025233861040034,0.45458734247358457,0.6,1.0,1.0,1
71ed070a-647d-4d0a-80e9-066050687a6d,c3ccbfd0-fc33-4b81-bec0-7bb56f47c14f,0.3910547182342796,0.6,0.0,0.5110857625969025,1.0,0.7957102117424933,0.04996005462064468,1.0,5.0,4.0,1
71ed070a-647d-4d0a-80e9-066050687a6d,f2d9a85b-88a4-4950-96c1-3a460d8c8fab,0.3910547182342796,0.6,0.0,0.5110857625969025,1.0,0.3746902350991088,0.34879260140220214,0.3,0.0,2.0,0
71ed070a-647d-4d0a-80e9-066050687a6d,ca05174e-a4f7-4654-890c-a2d577d622a4,0.3910547182342796,0.6,0.0,0.5110857625969025,0.6,0.2772344656929614,0.3717860192537389,1.0,4.0,3.0,1
71ed070a-647d-4d0a-80e9-066050687a6d,ca05174e-a4f7-4654-890c-a2d577d622a4,0.3910547182342796,0.6,0.0,0.5110857625969025,0.6,0.2772344656929614,0.3717860192537389,1.0,4.0,3.0,0
71ed070a-647d-4d0a-80e9-066050687a6d,34aadaae-a82c-41a6-b6ac-2ab4f11a8047,0.3910547182342796,0.6,0.0,0.5110857625969025,0.2,0.11867463394112543,0.26611592959755015,0.6,3.0,1.0,1
71ed070a-647d-4d0a-80e9-066050687a6d,f02458a6-6ff7-47a1-8e01-b8ff21f7812d,0.3910547182342796,0.6,0.0,0.5110857625969025,0.2,0.336680938116936,0.2620493339390677,0.6,4.0,1.0,1
71ed070a-647d-4d0a-80e9-066050687a6d,29943de0-bf3c-49cd-84da-43ca10216d5a,0.3910547182342796,0.6,0.0,0.5110857625969025,1.0,0.24742902261843305,0.882207830248756,0.0,3.0,3.0,0
71ed070a-647d-4d0a-80e9-066050687a6d,fccbd80d-e8cc-4cf0-adb9-85c0aa640f7f,0.3910547182342796,0.6,0.0,0.5110857625969025,1.0,0.7950919292205237,0.850748587791265,0.0,2.0,5.0,1
71ed070a-647d-4d0a-80e9-066050687a6d,04b630df-e955-44a2-ba81-7807bb8bbf0e,0.3910547182342796,0.6,0.0,0.5110857625969025,0.6,0.26969467315661044,0.7945253868283686,1.0,3.0,4.0,0
71ed070a-647d-4d0a-80e9-066050687a6d,92da4efc-92e2-4b63-a697-25a464242c2d,0.3910547182342796,0.6,0.0,0.5110857625969025,1.0,0.6595170148426077,0.9265692444764961,1.0,3.0,1.0,0
71ed070a-647d-4d0a-80e9-066050687a6d,86df6ab5-0a91-4c31-ae77-b6a97acaa3b6,0.3910547182342796,0.6,0.0,0.5110857625969025,0.2,0.6626325512293207,0.22621734088053103,1.0,1.0,0.0,1
71ed070a-647d-4d0a-80e9-066050687a6d,e4db18b0-d91a-4fe4-b05f-eda25f38ea0d,0.3910547182342796,0.6,0.0,0.5110857625969025,0.2,0.5776591949487476,0.19019373944895102,0.3,0.0,2.0,0
71ed070a-647d-4d0a-80e9-066050687a6d,68ffa0bd-b298-4476-a51a-141035550fd6,0.3910547182342796,0.6,0.0,0.5110857625969025,1.0,0.7873450415195071,0.20198131932556307,0.3,0.0,1.0,0
71ed070a-647d-4d0a-80e9-066050687a6d,5939c634-d641-4ed7-8910-517780e88b75,0.3910547182342796,0.6,0.0,0.5110857625969025,0.6,0.7523652503478826,0.6850593430585846,0.3,0.0,0.0,0
71ed070a-647d-4d0a-80e9-066050687a6d,7e095f22-5248-4ba3-b91c-aefd7470fd6a,0.3910547182342796,0.6,0.0,0.5110857625969025,0.6,0.520298671705361,0.6766771512956176,0.3,2.0,4.0,0
71ed070a-647d-4d0a-80e9-066050687a6d,d879a756-cb6b-4026-a00a-656051801b5f,0.3910547182342796,0.6,0.0,0.5110857625969025,1.0,0.19670829855613808,0.6495454402345533,1.0,4.0,0.0,0
71ed070a-647d-4d0a-80e9-066050687a6d,61f8b793-eb21-415f-be6a-1dace64c1dab,0.3910547182342796,0.6,0.0,0.5110857625969025,0.2,0.5789373941878594,0.5534783138488689,0.0,5.0,4.0,1
71ed070a-647d-4d0a-80e9-066050687a6d,85930d8e-50d0-4f7b-acb8-caaac625dd0e,0.3910547182342796,0.6,0.0,0.5110857625969025,1.0,0.718363556324442,0.8165727833244342,0.6,1.0,1.0,0
71ed070a-647d-4d0a-80e9-066050687a6d,74e91ec2-7e97-4477-a254-e11129eee045,0.3910547182342796,0.6,0.0,0.5110857625969025,1.0,0.4127752338799551,0.9613455666412534,0.3,5.0,3.0,0
71ed070a-647d-4d0a-80e9-066050687a6d,3586835a-4f05-4964-8ca1-2138cebf95a6,0.3910547182342796,0.6,0.0,0.5110857625969025,1.0,0.6521758610516846,0.9475221766685487,0.0,4.0,2.0,0
71ed070a-647d-4d0a-80e9-066050687a6d,8ab6ed8b-51d4-454f-85f3-3f6b976bb994,0.3910547182342796,0.6,0.0,0.5110857625969025,1.0,0.28732703598303644,0.30524872168293893,0.3,1.0,0.0,0
71ed070a-647d-4d0a-80e9-066050687a6d,9fbecf58-4b47-499b-af70-5be883e292d6,0.3910547182342796,0.6,0.0,0.5110857625969025,1.0,0.6813001709251447,0.40858971174533243,0.0,1.0,5.0,0
71ed070a-647d-4d0a-80e9-066050687a6d,dd23fd07-88e1-462e-bc3b-00e51b7428ff,0.3910547182342796,0.6,0.0,0.5110857625969025,0.2,0.9167390499607783,0.453942637731402,1.0,3.0,6.0,1
71ed070a-647d-4d0a-80e9-066050687a6d,2fd06511-a2df-41a4-b9b8-72ad25edbef7,0.3910547182342796,0.6,0.0,0.5110857625969025,1.0,0.8121414643536927,0.9186858244934103,0.3,3.0,2.0,0
71ed070a-647d-4d0a-80e9-066050687a6d,45cea0cf-acbc-4a1c-ae67-7da156ce4e33,0.3910547182342796,0.6,0.0,0.5110857625969025,0.6,0.44790999008794674,0.8240533460888545,0.3,3.0,0.0,1
71ed070a-647d-4d0a-80e9-066050687a6d,786a081e-bed1-4dd5-af8f-b24a2969db27,0.3910547182342796,0.6,0.0,0.5110857625969025,1.0,0.2204606202831086,0.8790686327551894,0.6,2.0,1.0,0
71ed070a-647d-4d0a-80e9-066050687a6d,ff0af660-6a5f-4fd7-b2e1-c43344816514,0.3910547182342796,0.6,0.0,0.5110857625969025,1.0,0.5024161230527904,0.7433967816161681,0.3,0.0,5.0,0
71ed070a-647d-4d0a-80e9-066050687a6d,10fa412c-7efe-46f7-89b0-c6aa11d87532,0.3910547182342796,0.6,0.0,0.5110857625969025,1.0,0.911960789245008,0.6298188715387788,0.3,5.0,3.0,0
71ed070a-647d-4d0a-80e9-066050687a6d,773cb37f-03e9-462d-9f7c-bb397a470391,0.3910547182342796,0.6,0.0,0.5110857625969025,1.0,0.138085119243381,0.17870489763614517,0.6,5.0,6.0,1
71ed070a-647d-4d0a-80e9-066050687a6d,8e97dadb-1a1b-42b9-ab2b-901aa2169415,0.3910547182342796,0.6,0.0,0.5110857625969025,0.6,0.4258214568056816,0.9395878832020562,1.0,1.0,4.0,0
71ed070a-647d-4d0a-80e9-066050687a6d,667e3056-15dd-4db1-8e1b-b615cf4a3827,0.3910547182342796,0.6,0.0,0.5110857625969025,0.6,0.15606825708589728,0.7606037779959967,0.0,3.0,4.0,0
71ed070a-647d-4d0a-80e9-066050687a6d,e2cc89a7-6e52-40e3-8411-87a3295c8a0e,0.3910547182342796,0.6,0.0,0.5110857625969025,0.2,0.3237254478661281,0.030381800897473776,0.3,1.0,1.0,0
71ed070a-647d-4d0a-80e9-066050687a6d,f2b47773-ae1a-4e1a-83d1-6e1190805e45,0.3910547182342796,0.6,0.0,0.5110857625969025,0.2,0.47451581704366996,0.8941437054017293,0.0,3.0,5.0,0
71ed070a-647d-4d0a-80e9-066050687a6d,99eca1c6-c6f2-4d74-a551-b71f85fad723,0.3910547182342796,0.6,0.0,0.5110857625969025,1.0,0.37557872113137425,0.6908530230033296,0.0,3.0,5.0,0
71ed070a-647d-4d0a-80e9-066050687a6d,fe09dd6a-bc95-42e6-bb3c-61d404a20200,0.3910547182342796,0.6,0.0,0.5110857625969025,0.2,0.852490071939042,0.9956463958670673,0.3,2.0,1.0,1
71ed070a-647d-4d0a-80e9-066050687a6d,16aa6851-6f56-441d-b1e3-84c8e2b58887,0.3910547182342796,0.6,0.0,0.5110857625969025,1.0,0.7017944767412314,0.7875435396564088,0.3,0.0,4.0,1
71ed070a-647d-4d0a-80e9-066050687a6d,34df5d01-15ed-49be-beaf-1edba5ce73f3,0.3910547182342796,0.6,0.0,0.5110857625969025,0.2,0.570771685431961,0.8647552667165631,0.3,3.0,6.0,0
71ed070a-647d-4d0a-80e9-066050687a6d,319d65cc-35fb-4fd2-8d36-0aaeae8c1599,0.3910547182342796,0.6,0.0,0.5110857625969025,0.2,0.3492163442071033,0.6358648613159886,0.3,2.0,3.0,1
02dada23-fab1-4ede-a0ef-7fb5cfaaa59d,d1505a61-3c3b-4c86-a8ae-c4ab1a296525,0.668211534436042,0.6,5.0,0.872404530450047,1.0,0.5383907575441277,0.2096336099684688,0.6,2.0,6.0,1
02dada23-fab1-4ede-a0ef-7fb5cfaaa59d,bc2b645f-2327-4ce9-a2d2-c4dfb4c037a4,0.668211534436042,0.6,5.0,0.872404530450047,0.6,0.565732669170513,0.9898859782322003,1.0,0.0,0.0,1
02dada23-fab1-4ede-a0ef-7fb5cfaaa59d,153e892c-7403-48b3-b3e5-7a4444a6af33,0.668211534436042,0.6,5.0,0.872404530450047,1.0,0.268440635924974,0.5517497858340187,0.3,1.0,4.0,0
02dada23-fab1-4ede-a0ef-7fb5cfaaa59d,ad581338-27d8-4935-86c9-5f785bf435c2,0.668211534436042,0.6,5.0,0.872404530450047,1.0,0.3943185155107163,0.2811618959132587,0.3,1.0,5.0,1
02dada23-fab1-4ede-a0ef-7fb5cfaaa59d,4923fb26-e583-4c24-ac52-8838a0ed3a98,0.668211534436042,0.6,5.0,0.872404530450047,1.0,0.553388277838538,0.7019544741283528,1.0,3.0,2.0,0
02dada23-fab1-4ede-a0ef-7fb5cfaaa59d,a32c33b9-2ae0-4565-b4cd-8c363bd2dbb1,0.668211534436042,0.6,5.0,0.872404530450047,0.6,0.4675427346881219,0.5919389716094521,0.3,3.0,4.0,0
02dada23-fab1-4ede-a0ef-7fb5cfaaa59d,79cb3b8e-aafa-418e-97aa-f7fdcb3d6c58,0.668211534436042,0.6,5.0,0.872404530450047,0.2,0.3730266808058288,0.7752357696427774,0.3,5.0,2.0,0
02dada23-fab1-4ede-a0ef-7fb5cfaaa59d,9ef9ff12-8bfc-4d55-ba1e-d4fa03792c95,0.668211534436042,0.6,5.0,0.872404530450047,0.2,0.482599597367356,0.7341152293318791,0.0,5.0,3.0,1
02dada23-fab1-4ede-a0ef-7fb5cfaaa59d,09a8b01c-9886-431b-860f-484d959f9fd8,0.668211534436042,0.6,5.0,0.872404530450047,0.2,0.7949409365509817,0.650881327422057,0.0,1.0,4.0,1
02dada23-fab1-4ede-a0ef-7fb5cfaaa59d,b306c2e8-e14e-48ab-ba50-0a1e2c26a1c9,0.668211534436042,0.6,5.0,0.872404530450047,0.2,0.3501289126422822,0.7428895955658196,0.3,5.0,6.0,1
02dada23-fab1-4ede-a0ef-7fb5cfaaa59d,78815b00-b8cf-4b53-9b5c-0a0cc08481cf,0.668211534436042,0.6,5.0,0.872404530450047,0.6,0.9610158815047943,0.2578843936513069,0.0,1.0,5.0,1
02dada23-fab1-4ede-a0ef-7fb5cfaaa59d,4fdb3305-ba7f-45fd-908f-aee1f36874a7,0.668211534436042,0.6,5.0,0.872404530450047,0.2,0.9186809012161644,0.8525202868433427,1.0,3.0,6.0,1
02dada23-fab1-4ede-a0ef-7fb5cfaaa59d,1f8de1f5-f4a5-410b-85f9-a2177b221fd0,0.668211534436042,0.6,5.0,0.872404530450047,0.2,0.9355406398663405,0.9993664824422813,1.0,0.0,6.0,1
02dada23-fab1-4ede-a0ef-7fb5cfaaa59d,74e91ec2-7e97-4477-a254-e11129eee045,0.668211534436042,0.6,5.0,0.872404530450047,1.0,0.4127752338799551,0.9613455666412534,0.3,2.0,2.0,0
02dada23-fab1-4ede-a0ef-7fb5cfaaa59d,122cf437-7436-42ed-ba9f-fd1238cad94f,0.668211534436042,0.6,5.0,0.872404530450047,0.6,0.7296624097080157,0.24684751428984442,0.6,3.0,6.0,1
02dada23-fab1-4ede-a0ef-7fb5cfaaa59d,c5beb2bc-7876-4318-b66a-dab1f0815f72,0.668211534436042,0.6,5.0,0.872404530450047,0.6,0.40881718791361676,0.5939586390142232,0.0,4.0,3.0,1
02dada23-fab1-4ede-a0ef-7fb5cfaaa59d,d91ea030-edc5-4199-b235-b4f2746330e6,0.668211534436042,0.6,5.0,0.872404530450047,1.0,0.7413528687367448,0.2371548448306322,0.6,4.0,2.0,1
02dada23-fab1-4ede-a0ef-7fb5cfaaa59d,b76881f6-7f27-4c43-8ef9-41162752919f,0.668211534436042,0.6,5.0,0.872404530450047,1.0,0.440401152269174,0.05205596231391263,0.0,4.0,2.0,0
02dada23-fab1-4ede-a0ef-7fb5cfaaa59d,bc2b645f-2327-4ce9-a2d2-c4dfb4c037a4,0.668211534436042,0.6,5.0,0.872404530450047,0.6,0.565732669170513,0.9898859782322003,1.0,2.0,3.0,1
02dada23-fab1-4ede-a0ef-7fb5cfaaa59d,299e9ca4-b5a4-4951-88ff-3985383763f0,0.668211534436042,0.6,5.0,0.872404530450047,0.2,0.7548560181125934,0.465904244394832,0.6,4.0,1.0,1
02dada23-fab1-4ede-a0ef-7fb5cfaaa59d,3ddfda87-b4e3-4c16-8683-a4523f15acf2,0.668211534436042,0.6,5.0,0.872404530450047,1.0,0.9807055615364045,0.6381156208224877,0.3,4.0,2.0,1
02dada23-fab1-4ede-a0ef-7fb5cfaaa59d,c777c23f-b2f3-4f1d-bbea-1e7286fac786,0.668211534436042,0.6,5.0,0.872404530450047,0.2,0.9597491309827612,0.04607692524933382,0.0,3.0,6.0,1
02dada23-fab1-4ede-a0ef-7fb5cfaaa59d,663e97bc-95a7-41b9-9e8e-0aaa991d7522,0.668211534436042,0.6,5.0,0.872404530450047,0.2,0.45979536292483636,0.25030114523410607,1.0,5.0,3.0,0
02dada23-fab1-4ede-a0ef-7fb5cfaaa59d,9102dfee-3ffe-4500-abcd-856f5c7ba81a,0.668211534436042,0.6,5.0,0.872404530450047,0.2,0.14792713695477017,0.6300659561232757,1.0,5.0,0.0,1
02dada23-fab1-4ede-a0ef-7fb5cfaaa59d,bbaf1fa3-f0d2-4cf1-a007-2ff9a73a4732,0.668211534436042,0.6,5.0,0.872404530450047,0.6,0.943547710035929,0.4668619140050845,1.0,2.0,5.0,0
02dada23-fab1-4ede-a0ef-7fb5cfaaa59d,3ceffdd1-05b8-4296-8ead-87aa963b9836,0.668211534436042,0.6,5.0,0.872404530450047,1.0,0.4937077765458606,0.9078087859837904,0.3,1.0,4.0,0
02dada23-fab1-4ede-a0ef-7fb5cfaaa59d,042f11d0-6ddd-4561-8c2c-5e00545a621e,0.668211534436042,0.6,5.0,0.872404530450047,1.0,0.7872798003899497,0.9285445017428434,0.6,0.0,1.0,1
02dada23-fab1-4ede-a0ef-7fb5cfaaa59d,e3e4e158-1e76-4fc3-a85b-e05b8b8a0ccb,0.668211534436042,0.6,5.0,0.872404530450047,0.6,0.639410932283415,0.2933005026004223,0.0,3.0,4.0,0
02dada23-fab1-4ede-a0ef-7fb5cfaaa59d,b8f55e48-9d55-4d28-bc80-497a7d36ac53,0.668211534436042,0.6,5.0,0.872404530450047,0.6,0.5364632049642664,0.9010207096938249,0.6,2.0,2.0,0
02dada23-fab1-4ede-a0ef-7fb5cfaaa59d,dba04d24-2e37-4c46-ae54-9c34510dff1f,0.668211534436042,0.6,5.0,0.872404530450047,1.0,0.8419986133538263,0.7052929283686935,0.0,1.0,2.0,0
02dada23-fab1-4ede-a0ef-7fb5cfaaa59d,4ae5516d-8df6-4ce0-a1a2-7fe96b97c4ed,0.668211534436042,0.6,5.0,0.872404530450047,0.6,0.7394686693887754,0.3658730909863124,0.3,3.0,0.0,0
02dada23-fab1-4ede-a0ef-7fb5cfaaa59d,be9d36c1-5645-43bf-b29e-f59fe75b58fc,0.668211534436042,0.6,5.0,0.872404530450047,0.2,0.9631836571803765,0.9302866275169228,1.0,1.0,0.0,1
02dada23-fab1-4ede-a0ef-7fb5cfaaa59d,8ab6ed8b-51d4-454f-85f3-3f6b976bb994,0.668211534436042,0.6,5.0,0.872404530450047,1.0,0.28732703598303644,0.30524872168293893,0.3,1.0,1.0,0
02dada23-fab1-4ede-a0ef-7fb5cfaaa59d,b02c207c-3d8f-47d1-94d5-ea09db74e5c8,0.668211534436042,0.6,5.0,0.872404530450047,0.6,0.3575527172065134,0.7990422256936793,0.3,5.0,0.0,0
02dada23-fab1-4ede-a0ef-7fb5cfaaa59d,8155e67e-e6b6-4564-9fbc-a422dfbb4728,0.668211534436042,0.6,5.0,0.872404530450047,0.2,0.3282195111753295,0.7588859461800079,0.0,2.0,0.0,1
02dada23-fab1-4ede-a0ef-7fb5cfaaa59d,c0fc8404-31a2-4e51-8d19-2dec5d8f3a52,0.668211534436042,0.6,5.0,0.872404530450047,1.0,0.7233296207802987,0.9797696833559353,1.0,5.0,3.0,1
02dada23-fab1-4ede-a0ef-7fb5cfaaa59d,85f2c72b-1210-493c-bae7-744c4b2353fc,0.668211534436042,0.6,5.0,0.872404530450047,0.6,0.5307520434712122,0.17871782093842026,1.0,5.0,1.0,0
02dada23-fab1-4ede-a0ef-7fb5cfaaa59d,ab31027b-1533-4573-87ee-591c4e74f603,0.668211534436042,0.6,5.0,0.872404530450047,0.2,0.13414284675556443,0.8188515466757538,1.0,3.0,1.0,1
02dada23-fab1-4ede-a0ef-7fb5cfaaa59d,34df5d01-15ed-49be-beaf-1edba5ce73f3,0.668211534436042,0.6,5.0,0.872404530450047,0.2,0.570771685431961,0.8647552667165631,0.3,1.0,0.0,0
02dada23-fab1-4ede-a0ef-7fb5cfaaa59d,c65f2822-55d3-4e67-b0e3-dcb7ed48c4fc,0.668211534436042,0.6,5.0,0.872404530450047,0.2,0.5969201348829377,0.6751594254540361,0.3,2.0,4.0,1
0713be96-dc23-4654-8190-0bd1404b973b,0bc32369-5cc1-4c6e-9b9e-a0d6ad643532,0.843679134468283,1.0,17.0,0.22157316152411016,0.6,0.6337720175795309,0.5219080741476771,1.0,4.0,1.0,0
0713be96-dc23-4654-8190-0bd1404b973b,290546aa-9a27-44b0-96cf-1cbe5de0ac63,0.843679134468283,1.0,17.0,0.22157316152411016,0.2,0.8840031953521331,0.909469052204089,0.3,3.0,5.0,1
0713be96-dc23-4654-8190-0bd1404b973b,0c914be4-9a3f-42b1-9a0d-7b75e4458ea2,0.843679134468283,1.0,17.0,0.22157316152411016,0.2,0.6120270413649967,0.8895054166969376,0.3,1.0,5.0,1
0713be96-dc23-4654-8190-0bd1404b973b,d879a756-cb6b-4026-a00a-656051801b5f,0.843679134468283,1.0,17.0,0.22157316152411016,1.0,0.19670829855613808,0.6495454402345533,1.0,5.0,1.0,0
0713be96-dc23-4654-8190-0bd1404b973b,0bc32369-5cc1-4c6e-9b9e-a0d6ad643532,0.843679134468283,1.0,17.0,0.22157316152411016,0.6,0.6337720175795309,0.5219080741476771,1.0,4.0,2.0,0
0713be96-dc23-4654-8190-0bd1404b973b,10061fb7-f1ca-4d39-a324-536b4bc6d836,0.843679134468283,1.0,17.0,0.22157316152411016,0.2,0.618739880361464,0.7410470610420968,1.0,0.0,4.0,0
0713be96-dc23-4654-8190-0bd1404b973b,74e91ec2-7e97-4477-a254-e11129eee045,0.843679134468283,1.0,17.0,0.22157316152411016,1.0,0.4127752338799551,0.9613455666412534,0.3,4.0,5.0,1
0713be96-dc23-4654-8190-0bd1404b973b,2e62bb91-bbcc-427c-86f2-60487a06e1ea,0.843679134468283,1.0,17.0,0.22157316152411016,0.6,0.9970298553106509,0.5346422845071757,0.3,1.0,2.0,0
0713be96-dc23-4654-8190-0bd1404b973b,4b297a66-3334-402c-af3b-f9ee2b621b0b,0.843679134468283,1.0,17.0,0.22157316152411016,0.2,0.16180119098371584,0.2582859429792861,0.0,4.0,1.0,0
0713be96-dc23-4654-8190-0bd1404b973b,bf54fdb0-6d82-479e-a9d5-78fc64767a17,0.843679134468283,1.0,17.0,0.22157316152411016,0.2,0.17614837616217327,0.6505421545039386,1.0,0.0,0.0,1
0713be96-dc23-4654-8190-0bd1404b973b,19e80ef1-4224-4720-a093-1f15d029cdae,0.843679134468283,1.0,17.0,0.22157316152411016,1.0,0.8175424886601043,0.7192671703216541,0.6,3.0,2.0,0
0713be96-dc23-4654-8190-0bd1404b973b,e2cc89a7-6e52-40e3-8411-87a3295c8a0e,0.843679134468283,1.0,17.0,0.22157316152411016,0.2,0.3237254478661281,0.030381800897473776,0.3,4.0,0.0,1
0713be96-dc23-4654-8190-0bd1404b973b,0c914be4-9a3f-42b1-9a0d-7b75e4458ea2,0.843679134468283,1.0,17.0,0.22157316152411016,0.2,0.6120270413649967,0.8895054166969376,0.3,4.0,5.0,0
0713be96-dc23-4654-8190-0bd1404b973b,e8df6458-6771-4ac9-9072-87c3e1750d40,0.843679134468283,1.0,17.0,0.22157316152411016,0.2,0.43364799363262085,0.28863566461256474,0.0,2.0,5.0,1
0713be96-dc23-4654-8190-0bd1404b973b,4ba8e189-dadf-4dd5-b53d-7c4e20e6a1b9,0.843679134468283,1.0,17.0,0.22157316152411016,1.0,0.4261308026245366,0.5885791737632688,0.3,1.0,0.0,0
0713be96-dc23-4654-8190-0bd1404b973b,0c914be4-9a3f-42b1-9a0d-7b75e4458ea2,0.843679134468283,1.0,17.0,0.22157316152411016,0.2,0.6120270413649967,0.8895054166969376,0.3,2.0,0.0,0
0713be96-dc23-4654-8190-0bd1404b973b,8a2b6b58-3f67-4179-b80b-643dade73512,0.843679134468283,1.0,17.0,0.22157316152411016,0.6,0.31611651735255464,0.7525389528715243,1.0,4.0,5.0,1
0713be96-dc23-4654-8190-0bd1404b973b,9fbecf58-4b47-499b-af70-5be883e292d6,0.843679134468283,1.0,17.0,0.22157316152411016,1.0,0.6813001709251447,0.40858971174533243,0.0,3.0,2.0,0
0713be96-dc23-4654-8190-0bd1404b973b,7bf57e1f-8d6e-4525-9822-40fe99cb92db,0.843679134468283,1.0,17.0,0.22157316152411016,0.6,0.646849787279288,0.8371345930324872,0.6,1.0,0.0,1
0713be96-dc23-4654-8190-0bd1404b973b,153d2d46-4437-4840-90a1-e5308394b291,0.843679134468283,1.0,17.0,0.22157316152411016,0.6,0.8859430875649702,0.004809331333315514,0.6,4.0,2.0,0
0713be96-dc23-4654-8190-0bd1404b973b,3feb240a-54de-4548-9d6d-6b68da72c588,0.843679134468283,1.0,17.0,0.22157316152411016,0.6,0.3534939575862086,0.46875086538360267,0.6,3.0,4.0,1
0713be96-dc23-4654-8190-0bd1404b973b,547da744-4911-48fa-9b2f-1b550cf8ac17,0.843679134468283,1.0,17.0,0.22157316152411016,1.0,0.45632620168229077,0.11858678619598295,1.0,1.0,3.0,0
0713be96-dc23-4654-8190-0bd1404b973b,04b630df-e955-44a2-ba81-7807bb8bbf0e,0.843679134468283,1.0,17.0,0.22157316152411016,0.6,0.26969467315661044,0.7945253868283686,1.0,4.0,4.0,0
0713be96-dc23-4654-8190-0bd1404b973b,fe09dd6a-bc95-42e6-bb3c-61d404a20200,0.843679134468283,1.0,17.0,0.22157316152411016,0.2,0.852490071939042,0.9956463958670673,0.3,3.0,5.0,1
0713be96-dc23-4654-8190-0bd1404b973b,85ca56ac-d00f-4985-9a10-09bdbdcf0764,0.843679134468283,1.0,17.0,0.22157316152411016,1.0,0.7672921606674585,0.4762417440869502,0.3,4.0,3.0,0
0713be96-dc23-4654-8190-0bd1404b973b,290546aa-9a27-44b0-96cf-1cbe5de0ac63,0.843679134468283,1.0,17.0,0.22157316152411016,0.2,0.8840031953521331,0.909469052204089,0.3,0.0,0.0,1
0713be96-dc23-4654-8190-0bd1404b973b,c5beb2bc-7876-4318-b66a-dab1f0815f72,0.843679134468283,1.0,17.0,0.22157316152411016,0.6,0.40881718791361676,0.5939586390142232,0.0,3.0,2.0,0
0713be96-dc23-4654-8190-0bd1404b973b,9ef9ff12-8bfc-4d55-ba1e-d4fa03792c95,0.843679134468283,1.0,17.0,0.22157316152411016,0.2,0.482599597367356,0.7341152293318791,0.0,5.0,1.0,1
0713be96-dc23-4654-8190-0bd1404b973b,6c5eaa38-0652-4762-8f1b-fcb80dbf8936,0.843679134468283,1.0,17.0,0.22157316152411016,0.6,0.23950518641691337,0.7304636636619138,0.6,5.0,2.0,1
0713be96-dc23-4654-8190-0bd1404b973b,79cb3b8e-aafa-418e-97aa-f7fdcb3d6c58,0.843679134468283,1.0,17.0,0.22157316152411016,0.2,0.3730266808058288,0.7752357696427774,0.3,1.0,2.0,1
0713be96-dc23-4654-8190-0bd1404b973b,015a673e-67b9-4560-949f-f0f29ba09691,0.843679134468283,1.0,17.0,0.22157316152411016,0.6,0.772469818793257,0.851704139635052,0.0,0.0,4.0,1
0713be96-dc23-4654-8190-0bd1404b973b,ad581338-27d8-4935-86c9-5f785bf435c2,0.843679134468283,1.0,17.0,0.22157316152411016,1.0,0.3943185155107163,0.2811618959132587,0.3,4.0,2.0,0
0713be96-dc23-4654-8190-0bd1404b973b,1e9ac78a-0ad3-4758-94d2-679a7c60a672,0.843679134468283,1.0,17.0,0.22157316152411016,0.6,0.1486437037821284,0.8157193928134632,0.6,4.0,5.0,0
0713be96-dc23-4654-8190-0bd1404b973b,a8daf424-06ed-42c5-99ea-74a1e01591a9,0.843679134468283,1.0,17.0,0.22157316152411016,0.6,0.6995840419204985,0.5852213104701965,0.0,2.0,1.0,0
0713be96-dc23-4654-8190-0bd1404b973b,9913533d-faae-4d19-b26f-7d58e0c13607,0.843679134468283,1.0,17.0,0.22157316152411016,0.6,0.8682957247821264,0.11927861507246895,0.3,3.0,6.0,1
0713be96-dc23-4654-8190-0bd1404b973b,a17bf541-effa-44fe-bb93-e99cb560a113,0.843679134468283,1.0,17.0,0.22157316152411016,0.6,0.6843407970867683,0.1004271940167254,0.6,0.0,5.0,0
0713be96-dc23-4654-8190-0bd1404b973b,b85c5447-3934-4a5f-a2ea-5cf406ba1386,0.843679134468283,1.0,17.0,0.22157316152411016,0.2,0.7359215878835874,0.20471404262800852,1.0,3.0,4.0,0
0713be96-dc23-4654-8190-0bd1404b973b,92da4efc-92e2-4b63-a697-25a464242c2d,0.843679134468283,1.0,17.0,0.22157316152411016,1.0,0.6595170148426077,0.9265692444764961,1.0,1.0,0.0,0
0713be96-dc23-4654-8190-0bd1404b973b,fe09dd6a-bc95-42e6-bb3c-61d404a20200,0.843679134468283,1.0,17.0,0.22157316152411016,0.2,0.852490071939042,0.9956463958670673,0.3,1.0,6.0,1
0713be96-dc23-4654-8190-0bd1404b973b,3ddfda87-b4e3-4c16-8683-a4523f15acf2,0.843679134468283,1.0,17.0,0.22157316152411016,1.0,0.9807055615364045,0.6381156208224877,0.3,3.0,4.0,0
604eb8eb-ddf3-4e69-80e8-fd076d0314c8,3e8780dc-c7a9-4934-8e6f-110d379812e4,0.4758141794377933,1.0,0.0,0.2671579697296002,1.0,0.5060570262278341,0.2300402347272693,0.6,2.0,0.0,0
604eb8eb-ddf3-4e69-80e8-fd076d0314c8,7c786351-37ac-47a2-9542-40b90f3efee8,0.4758141794377933,1.0,0.0,0.2671579697296002,0.6,0.6561708102091133,0.18646349182808575,0.3,1.0,2.0,0
604eb8eb-ddf3-4e69-80e8-fd076d0314c8,be7b953b-bf68-42e7-957e-b6f8f29af69d,0.4758141794377933,1.0,0.0,0.2671579697296002,1.0,0.6945243897343877,0.4669732371344246,1.0,3.0,0.0,1
604eb8eb-ddf3-4e69-80e8-fd076d0314c8,425b9a2c-d3c2-418b-8da0-71ea5c07dd63,0.4758141794377933,1.0,0.0,0.2671579697296002,0.2,0.5351171693089606,0.9651204126148089,0.0,3.0,6.0,0
604eb8eb-ddf3-4e69-80e8-fd076d0314c8,79cb3b8e-aafa-418e-97aa-f7fdcb3d6c58,0.4758141794377933,1.0,0.0,0.2671579697296002,0.2,0.3730266808058288,0.7752357696427774,0.3,4.0,3.0,0
604eb8eb-ddf3-4e69-80e8-fd076d0314c8,b972f906-99a3-4c64-8a3c-52215d80d34b,0.4758141794377933,1.0,0.0,0.2671579697296002,0.2,0.7557609477960204,0.33890958121625947,0.3,5.0,3.0,1
604eb8eb-ddf3-4e69-80e8-fd076d0314c8,768074f2-fa60-4a87-b7e9-0fe45c042ba8,0.4758141794377933,1.0,0.0,0.2671579697296002,0.6,0.44816631031351084,0.885378023796285,0.0,3.0,6.0,0
604eb8eb-ddf3-4e69-80e8-fd076d0314c8,1f1d5ce2-33eb-44b8-b139-1507fb4718cc,0.4758141794377933,1.0,0.0,0.2671579697296002,1.0,0.5291681488699617,0.6223076451667475,0.0,0.0,6.0,1
604eb8eb-ddf3-4e69-80e8-fd076d0314c8,78c12d9f-999b-460d-b319-9bd7627866b0,0.4758141794377933,1.0,0.0,0.2671579697296002,0.2,0.5225456025796394,0.35235373770664025,0.3,5.0,5.0,1
604eb8eb-ddf3-4e69-80e8-fd076d0314c8,3e875754-69cd-4fee-94a5-57d6da42ef91,0.4758141794377933,1.0,0.0,0.2671579697296002,0.2,0.2450411346868676,0.8598019829721676,0.3,1.0,0.0,1
604eb8eb-ddf3-4e69-80e8-fd076d0314c8,cd408280-465f-4896-b05f-85290441236d,0.4758141794377933,1.0,0.0,0.2671579697296002,1.0,0.22129010421141973,0.167964745667194,0.6,0.0,1.0,0
604eb8eb-ddf3-4e69-80e8-fd076d0314c8,b76881f6-7f27-4c43-8ef9-41162752919f,0.4758141794377933,1.0,0.0,0.2671579697296002,1.0,0.440401152269174,0.05205596231391263,0.0,1.0,1.0,0
604eb8eb-ddf3-4e69-80e8-fd076d0314c8,bbaf1fa3-f0d2-4cf1-a007-2ff9a73a4732,0.4758141794377933,1.0,0.0,0.2671579697296002,0.6,0.943547710035929,0.4668619140050845,1.0,5.0,0.0,0
604eb8eb-ddf3-4e69-80e8-fd076d0314c8,b20bab7d-8fe1-4291-9511-746d551c6381,0.4758141794377933,1.0,0.0,0.2671579697296002,1.0,0.30803403606513613,0.290684856511908,0.0,3.0,0.0,0
604eb8eb-ddf3-4e69-80e8-fd076d0314c8,89df2650-7e95-4104-8f42-5cb62ffb481a,0.4758141794377933,1.0,0.0,0.2671579697296002,0.2,0.29630278019401196,0.3424606722909498,0.0,0.0,5.0,1
604eb8eb-ddf3-4e69-80e8-fd076d0314c8,d96815d9-4db7-48f0-85a0-eddc3b7b916f,0.4758141794377933,1.0,0.0,0.2671579697296002,0.6,0.4536278778772145,0.0754688004112799,1.0,3.0,2.0,1
604eb8eb-ddf3-4e69-80e8-fd076d0314c8,c0fc8404-31a2-4e51-8d19-2dec5d8f3a52,0.4758141794377933,1.0,0.0,0.2671579697296002,1.0,0.7233296207802987,0.9797696833559353,1.0,3.0,6.0,0
604eb8eb-ddf3-4e69-80e8-fd076d0314c8,87a7aeb8-bf34-460e-bb3c-fbe35cf1ef81,0.4758141794377933,1.0,0.0,0.2671579697296002,1.0,0.7885085605778664,0.825897641598029,0.6,4.0,6.0,0
604eb8eb-ddf3-4e69-80e8-fd076d0314c8,2e56c0c7-a2d4-4606-8362-ead47ba989cf,0.4758141794377933,1.0,0.0,0.2671579697296002,1.0,0.9838404823093492,0.5555768002260758,0.0,0.0,0.0,0
604eb8eb-ddf3-4e69-80e8-fd076d0314c8,684277da-f62a-49f6-b09e-1b7e786c463b,0.4758141794377933,1.0,0.0,0.2671579697296002,1.0,0.457984105173436,0.7791379129900283,0.6,2.0,1.0,0
604eb8eb-ddf3-4e69-80e8-fd076d0314c8,15b5cdd7-9aed-490f-9cb8-4f9a900eb398,0.4758141794377933,1.0,0.0,0.2671579697296002,0.2,0.17789822129463906,0.6431782959777482,0.0,1.0,6.0,1
604eb8eb-ddf3-4e69-80e8-fd076d0314c8,b7c1594e-c23f-4a6c-b842-737b0c93b147,0.4758141794377933,1.0,0.0,0.2671579697296002,1.0,0.3323463750225212,0.10510906779710338,0.3,1.0,6.0,1
604eb8eb-ddf3-4e69-80e8-fd076d0314c8,4923fb26-e583-4c24-ac52-8838a0ed3a98,0.4758141794377933,1.0,0.0,0.2671579697296002,1.0,0.553388277838538,0.7019544741283528,1.0,1.0,4.0,0
604eb8eb-ddf3-4e69-80e8-fd076d0314c8,7d8ed681-553e-4f86-8328-93bdf476bee2,0.4758141794377933,1.0,0.0,0.2671579697296002,0.6,0.8243337011258274,0.4855544869796419,1.0,5.0,2.0,1
604eb8eb-ddf3-4e69-80e8-fd076d0314c8,7bf57e1f-8d6e-4525-9822-40fe99cb92db,0.4758141794377933,1.0,0.0,0.2671579697296002,0.6,0.646849787279288,0.8371345930324872,0.6,0.0,2.0,0
604eb8eb-ddf3-4e69-80e8-fd076d0314c8,7c817b5c-6572-44b4-8692-fb0a6e6339be,0.4758141794377933,1.0,0.0,0.2671579697296002,1.0,0.5648788196988385,0.6966139096390322,0.6,0.0,2.0,0
604eb8eb-ddf3-4e69-80e8-fd076d0314c8,a17bf541-effa-44fe-bb93-e99cb560a113,0.4758141794377933,1.0,0.0,0.2671579697296002,0.6,0.6843407970867683,0.1004271940167254,0.6,0.0,3.0,0
604eb8eb-ddf3-4e69-80e8-fd076d0314c8,b7f3f687-720d-4c2e-b765-833d1f628763,0.4758141794377933,1.0,0.0,0.2671579697296002,0.6,0.5040757896213439,0.7654432929579714,0.6,0.0,0.0,1
604eb8eb-ddf3-4e69-80e8-fd076d0314c8,b9638733-3416-47d7-b548-7e0af0dbe65f,0.4758141794377933,1.0,0.0,0.2671579697296002,0.2,0.7200468573060492,0.4981514611185579,0.6,4.0,4.0,0
604eb8eb-ddf3-4e69-80e8-fd076d0314c8,dd23fd07-88e1-462e-bc3b-00e51b7428ff,0.4758141794377933,1.0,0.0,0.2671579697296002,0.2,0.9167390499607783,0.453942637731402,1.0,2.0,4.0,1
604eb8eb-ddf3-4e69-80e8-fd076d0314c8,fe09dd6a-bc95-42e6-bb3c-61d404a20200,0.4758141794377933,1.0,0.0,0.2671579697296002,0.2,0.852490071939042,0.9956463958670673,0.3,1.0,2.0,1
604eb8eb-ddf3-4e69-80e8-fd076d0314c8,4e038b59-7940-4187-89a4-aa8900eb4584,0.4758141794377933,1.0,0.0,0.2671579697296002,0.6,0.8162686834681103,0.09548613580741361,0.3,2.0,3.0,0
604eb8eb-ddf3-4e69-80e8-fd076d0314c8,d96815d9-4db7-48f0-85a0-eddc3b7b916f,0.4758141794377933,1.0,0.0,0.2671579697296002,0.6,0.4536278778772145,0.0754688004112799,1.0,2.0,4.0,0
604eb8eb-ddf3-4e69-80e8-fd076d0314c8,0bc32369-5cc1-4c6e-9b9e-a0d6ad643532,0.4758141794377933,1.0,0.0,0.2671579697296002,0.6,0.6337720175795309,0.5219080741476771,1.0,3.0,1.0,0
604eb8eb-ddf3-4e69-80e8-fd076d0314c8,299e9ca4-b5a4-4951-88ff-3985383763f0,0.4758141794377933,1.0,0.0,0.2671579697296002,0.2,0.7548560181125934,0.465904244394832,0.6,5.0,3.0,0
604eb8eb-ddf3-4e69-80e8-fd076d0314c8,27de15b7-4423-4163-9a52-27eba3556133,0.4758141794377933,1.0,0.0,0.2671579697296002,0.2,0.8025233861040034,0.45458734247358457,0.6,1.0,0.0,1
604eb8eb-ddf3-4e69-80e8-fd076d0314c8,b9085332-b2b1-4b72-8021-b3b81398ce92,0.4758141794377933,1.0,0.0,0.2671579697296002,0.6,0.33544730729888195,0.5880404702366536,0.6,5.0,1.0,1
604eb8eb-ddf3-4e69-80e8-fd076d0314c8,15b5cdd7-9aed-490f-9cb8-4f9a900eb398,0.4758141794377933,1.0,0.0,0.2671579697296002,0.2,0.17789822129463906,0.6431782959777482,0.0,1.0,6.0,1
604eb8eb-ddf3-4e69-80e8-fd076d0314c8,4a47a28f-ebfe-4e2c-b5a5-219b771c2344,0.4758141794377933,1.0,0.0,0.2671579697296002,1.0,0.886582543106834,0.6746693780314743,0.3,2.0,2.0,0
604eb8eb-ddf3-4e69-80e8-fd076d0314c8,768074f2-fa60-4a87-b7e9-0fe45c042ba8,0.4758141794377933,1.0,0.0,0.2671579697296002,0.6,0.44816631031351084,0.885378023796285,0.0,5.0,3.0,1
a6c85baf-0077-451a-85fc-0a9c99828dea,06f5b296-916f-4c42-aec7-d6f62bba9d9b,0.5000289387627663,0.6,5.0,0.24022770679090205,0.2,0.3223108679637023,0.4183220717622109,1.0,0.0,5.0,1
a6c85baf-0077-451a-85fc-0a9c99828dea,21197103-286c-4e08-8f2e-e1f0c1aa4b65,0.5000289387627663,0.6,5.0,0.24022770679090205,0.2,0.974231980237957,0.8883695246489081,0.6,0.0,4.0,1
a6c85baf-0077-451a-85fc-0a9c99828dea,97ffd70a-47e9-4398-92a1-d66d4e4e7ac9,0.5000289387627663,0.6,5.0,0.24022770679090205,1.0,0.4738888800802551,0.7582398953411875,1.0,5.0,5.0,1
a6c85baf-0077-451a-85fc-0a9c99828dea,29943de0-bf3c-49cd-84da-43ca10216d5a,0.5000289387627663,0.6,5.0,0.24022770679090205,1.0,0.24742902261843305,0.882207830248756,0.0,4.0,0.0,0
a6c85baf-0077-451a-85fc-0a9c99828dea,8d5761d4-efd9-4f9b-a561-e385778a1505,0.5000289387627663,0.6,5.0,0.24022770679090205,0.2,0.5667301021003356,0.19240837052962323,0.3,1.0,3.0,1
a6c85baf-0077-451a-85fc-0a9c99828dea,9ef9ff12-8bfc-4d55-ba1e-d4fa03792c95,0.5000289387627663,0.6,5.0,0.24022770679090205,0.2,0.482599597367356,0.7341152293318791,0.0,5.0,0.0,0
a6c85baf-0077-451a-85fc-0a9c99828dea,382dc6cd-e931-4c06-8335-e8acc1df4c50,0.5000289387627663,0.6,5.0,0.24022770679090205,0.2,0.558623921637297,0.1308595947819554,1.0,1.0,2.0,0
a6c85baf-0077-451a-85fc-0a9c99828dea,9fbecf58-4b47-499b-af70-5be883e292d6,0.5000289387627663,0.6,5.0,0.24022770679090205,1.0,0.6813001709251447,0.40858971174533243,0.0,3.0,4.0,0
a6c85baf-0077-451a-85fc-0a9c99828dea,6bc2f168-7233-41b6-b378-1e91e4060318,0.5000289387627663,0.6,5.0,0.24022770679090205,0.6,0.8903489988595626,0.4493952204847722,0.6,0.0,0.0,1
a6c85baf-0077-451a-85fc-0a9c99828dea,547da744-4911-48fa-9b2f-1b550cf8ac17,0.5000289387627663,0.6,5.0,0.24022770679090205,1.0,0.45632620168229077,0.11858678619598295,1.0,4.0,0.0,0
a6c85baf-0077-451a-85fc-0a9c99828dea,230352f2-770a-46c0-abe4-d7625139ab5e,0.5000289387627663,0.6,5.0,0.24022770679090205,0.2,0.6004574087726475,0.5930492421524886,0.0,0.0,4.0,1
a6c85baf-0077-451a-85fc-0a9c99828dea,19d3638b-3623-485e-a7a3-bed4ec53eb28,0.5000289387627663,0.6,5.0,0.24022770679090205,0.2,0.22255292506683805,0.2999183439789205,0.0,2.0,6.0,0
a6c85baf-0077-451a-85fc-0a9c99828dea,b008e459-aec4-4940-b0b0-b9521473a99b,0.5000289387627663,0.6,5.0,0.24022770679090205,0.2,0.8465976222683373,0.22635650862391665,1.0,4.0,5.0,1
a6c85baf-0077-451a-85fc-0a9c99828dea,b76881f6-7f27-4c43-8ef9-41162752919f,0.5000289387627663,0.6,5.0,0.24022770679090205,1.0,0.440401152269174,0.05205596231391263,0.0,0.0,2.0,0
a6c85baf-0077-451a-85fc-0a9c99828dea,ad90952f-caf0-425d-8039-7263f702df91,0.5000289387627663,0.6,5.0,0.24022770679090205,0.2,0.9254823202465832,0.36840241779614114,0.0,4.0,5.0,0
a6c85baf-0077-451a-85fc-0a9c99828dea,7bf57e1f-8d6e-4525-9822-40fe99cb92db,0.5000289387627663,0.6,5.0,0.24022770679090205,0.6,0.646849787279288,0.8371345930324872,0.6,2.0,5.0,0
a6c85baf-0077-451a-85fc-0a9c99828dea,b85c5447-3934-4a5f-a2ea-5cf406ba1386,0.5000289387627663,0.6,5.0,0.24022770679090205,0.2,0.7359215878835874,0.20471404262800852,1.0,0.0,1.0,1
a6c85baf-0077-451a-85fc-0a9c99828dea,42438319-d9cd-4491-91c4-7e8df4051b62,0.5000289387627663,0.6,5.0,0.24022770679090205,0.2,0.6023180626659986,0.9806347370894578,0.0,5.0,0.0,0
a6c85baf-0077-451a-85fc-0a9c99828dea,ca05174e-a4f7-4654-890c-a2d577d622a4,0.5000289387627663,0.6,5.0,0.24022770679090205,0.6,0.2772344656929614,0.3717860192537389,1.0,1.0,5.0,0
a6c85baf-0077-451a-85fc-0a9c99828dea,b9638733-3416-47d7-b548-7e0af0dbe65f,0.5000289387627663,0.6,5.0,0.24022770679090205,0.2,0.7200468573060492,0.4981514611185579,0.6,4.0,2.0,0
a6c85baf-0077-451a-85fc-0a9c99828dea,7d674302-c495-4faa-b60b-2f991e7f10b1,0.5000289387627663,0.6,5.0,0.24022770679090205,0.6,0.6945598719886059,0.6688730857607941,1.0,3.0,6.0,0
a6c85baf-0077-451a-85fc-0a9c99828dea,85f2c72b-1210-493c-bae7-744c4b2353fc,0.5000289387627663,0.6,5.0,0.24022770679090205,0.6,0.5307520434712122,0.17871782093842026,1.0,0.0,6.0,1
a6c85baf-0077-451a-85fc-0a9c99828dea,b9638733-3416-47d7-b548-7e0af0dbe65f,0.5000289387627663,0.6,5.0,0.24022770679090205,0.2,0.7200468573060492,0.4981514611185579,0.6,5.0,4.0,0
a6c85baf-0077-451a-85fc-0a9c99828dea,45cea0cf-acbc-4a1c-ae67-7da156ce4e33,0.5000289387627663,0.6,5.0,0.24022770679090205,0.6,0.44790999008794674,0.8240533460888545,0.3,0.0,6.0,0
a6c85baf-0077-451a-85fc-0a9c99828dea,9ef9ff12-8bfc-4d55-ba1e-d4fa03792c95,0.5000289387627663,0.6,5.0,0.24022770679090205,0.2,0.482599597367356,0.7341152293318791,0.0,4.0,3.0,1
a6c85baf-0077-451a-85fc-0a9c99828dea,ca05174e-a4f7-4654-890c-a2d577d622a4,0.5000289387627663,0.6,5.0,0.24022770679090205,0.6,0.2772344656929614,0.3717860192537389,1.0,0.0,4.0,1
a6c85baf-0077-451a-85fc-0a9c99828dea,b939da7f-028e-4294-87a9-cae844ef2396,0.5000289387627663,0.6,5.0,0.24022770679090205,1.0,0.28159591151234475,0.3654017291850822,1.0,1.0,5.0,1
a6c85baf-0077-451a-85fc-0a9c99828dea,b1ef27f4-c212-4d80-95b3-1ccfcccee40b,0.5000289387627663,0.6,5.0,0.24022770679090205,1.0,0.273179116013828,0.9075422104826739,1.0,5.0,6.0,1
a6c85baf-0077-451a-85fc-0a9c99828dea,ff0af660-6a5f-4fd7-b2e1-c43344816514,0.5000289387627663,0.6,5.0,0.24022770679090205,1.0,0.5024161230527904,0.7433967816161681,0.3,3.0,6.0,0
a6c85baf-0077-451a-85fc-0a9c99828dea,a7da2f9e-cfe5-4f9b-a2a9-83b121e1b3a8,0.5000289387627663,0.6,5.0,0.24022770679090205,1.0,0.8629090312240775,0.8986309655053686,0.3,4.0,3.0,0
a6c85baf-0077-451a-85fc-0a9c99828dea,c0831cb8-2671-4f2e-9498-e74d21da6f33,0.5000289387627663,0.6,5.0,0.24022770679090205,0.2,0.678838712580165,0.49622340240440477,1.0,5.0,4.0,0
a6c85baf-0077-451a-85fc-0a9c99828dea,1e0eed17-c905-405d-992d-8f226b5d3e6b,0.5000289387627663,0.6,5.0,0.24022770679090205,0.6,0.4397816989523534,0.9351795022685058,0.0,1.0,3.0,0
a6c85baf-0077-451a-85fc-0a9c99828dea,68ffa0bd-b298-4476-a51a-141035550fd6,0.5000289387627663,0.6,5.0,0.24022770679090205,1.0,0.7873450415195071,0.20198131932556307,0.3,0.0,0.0,0
a6c85baf-0077-451a-85fc-0a9c99828dea,684277da-f62a-49f6-b09e-1b7e786c463b,0.5000289387627663,0.6,5.0,0.24022770679090205,1.0,0.457984105173436,0.7791379129900283,0.6,3.0,3.0,1
a6c85baf-0077-451a-85fc-0a9c99828dea,b85c5447-3934-4a5f-a2ea-5cf406ba1386,0.5000289387627663,0.6,5.0,0.24022770679090205,0.2,0.7359215878835874,0.20471404262800852,1.0,3.0,3.0,0
a6c85baf-0077-451a-85fc-0a9c99828dea,2fcb1115-b785-4e53-aef6-79c4dbe42cda,0.5000289387627663,0.6,5.0,0.24022770679090205,0.2,0.9505514578919633,0.7971802886027384,0.6,0.0,4.0,1
a6c85baf-0077-451a-85fc-0a9c99828dea,61ae4cd0-4feb-4315-9993-55959a8ab125,0.5000289387627663,0.6,5.0,0.24022770679090205,0.6,0.5247340762216478,0.34315624408831924,0.0,0.0,3.0,1
a6c85baf-0077-451a-85fc-0a9c99828dea,8c822518-d0dc-460d-93c7-d9d033a078ba,0.5000289387627663,0.6,5.0,0.24022770679090205,1.0,0.5475099359609544,0.9553256935848943,1.0,4.0,5.0,0
a6c85baf-0077-451a-85fc-0a9c99828dea,4a47a28f-ebfe-4e2c-b5a5-219b771c2344,0.5000289387627663,0.6,5.0,0.24022770679090205,1.0,0.886582543106834,0.6746693780314743,0.3,4.0,0.0,0
a6c85baf-0077-451a-85fc-0a9c99828dea,01fe4a49-c1a0-4cc3-8dc8-8402e6b11064,0.5000289387627663,0.6,5.0,0.24022770679090205,1.0,0.6879754206461195,0.49287097672138225,0.3,2.0,4.0,1
1af8fdb0-cb8e-45a8-9c17-e691da52b1d5,09a8b01c-9886-431b-860f-484d959f9fd8,0.4653727049316977,0.2,14.0,0.46147664390504683,0.2,0.7949409365509817,0.650881327422057,0.0,4.0,3.0,1
1af8fdb0-cb8e-45a8-9c17-e691da52b1d5,160450d5-9356-496d-a71d-78413a2828c7,0.4653727049316977,0.2,14.0,0.46147664390504683,0.2,0.6437789001540966,0.8506322574276396,1.0,4.0,6.0,1
1af8fdb0-cb8e-45a8-9c17-e691da52b1d5,f99793e2-bf1f-4652-b717-b380cf1b82d9,0.4653727049316977,0.2,14.0,0.46147664390504683,1.0,0.3478973552809047,0.15349034844890785,0.0,1.0,4.0,0
1af8fdb0-cb8e-45a8-9c17-e691da52b1d5,99eca1c6-c6f2-4d74-a551-b71f85fad723,0.4653727049316977,0.2,14.0,0.46147664390504683,1.0,0.37557872113137425,0.6908530230033296,0.0,2.0,0.0,0
1af8fdb0-cb8e-45a8-9c17-e691da52b1d5,18d9fc90-579e-4041-988f-c2fa9da7d9f1,0.4653727049316977,0.2,14.0,0.46147664390504683,0.2,0.611318917479668,0.23509193379958115,0.3,0.0,6.0,0
1af8fdb0-cb8e-45a8-9c17-e691da52b1d5,3c045d5e-db0b-42a4-8b36-5a8f0192e0a9,0.4653727049316977,0.2,14.0,0.46147664390504683,0.6,0.9703557392871628,0.4741186336216032,0.3,2.0,3.0,1
1af8fdb0-cb8e-45a8-9c17-e691da52b1d5,e4e6b795-9ea2-4e67-a482-101b379e3dd3,0.4653727049316977,0.2,14.0,0.46147664390504683,0.6,0.7178715876853263,0.49460864618565403,0.0,1.0,4.0,0
1af8fdb0-cb8e-45a8-9c17-e691da52b1d5,bf1c16a4-e182-4ecc-8023-e458da60daac,0.4653727049316977,0.2,14.0,0.46147664390504683,1.0,0.24964749169716674,0.6258043806862246,0.6,2.0,6.0,0
1af8fdb0-cb8e-45a8-9c17-e691da52b1d5,6a40cbad-655b-4606-9b92-d053c779e9a1,0.4653727049316977,0.2,14.0,0.46147664390504683,0.2,0.7251468800412657,0.941344002350994,0.0,5.0,0.0,1
1af8fdb0-cb8e-45a8-9c17-e691da52b1d5,4eda28e3-9d9e-4f06-badb-0cb04245ce38,0.4653727049316977,0.2,14.0,0.46147664390504683,0.6,0.2524816678776829,0.7419096525240588,0.6,0.0,0.0,1
1af8fdb0-cb8e-45a8-9c17-e691da52b1d5,a17bf541-effa-44fe-bb93-e99cb560a113,0.4653727049316977,0.2,14.0,0.46147664390504683,0.6,0.6843407970867683,0.1004271940167254,0.6,0.0,5.0,1
1af8fdb0-cb8e-45a8-9c17-e691da52b1d5,ad90952f-caf0-425d-8039-7263f702df91,0.4653727049316977,0.2,14.0,0.46147664390504683,0.2,0.9254823202465832,0.36840241779614114,0.0,4.0,3.0,0
1af8fdb0-cb8e-45a8-9c17-e691da52b1d5,b9638733-3416-47d7-b548-7e0af0dbe65f,0.4653727049316977,0.2,14.0,0.46147664390504683,0.2,0.7200468573060492,0.4981514611185579,0.6,5.0,3.0,1
1af8fdb0-cb8e-45a8-9c17-e691da52b1d5,5b598b97-310b-48b1-a31c-086e59102b7b,0.4653727049316977,0.2,14.0,0.46147664390504683,0.2,0.7003193052156396,0.8859898883469448,0.0,1.0,4.0,1
1af8fdb0-cb8e-45a8-9c17-e691da52b1d5,ad581338-27d8-4935-86c9-5f785bf435c2,0.4653727049316977,0.2,14.0,0.46147664390504683,1.0,0.3943185155107163,0.2811618959132587,0.3,2.0,5.0,0
1af8fdb0-cb8e-45a8-9c17-e691da52b1d5,f2b47773-ae1a-4e1a-83d1-6e1190805e45,0.4653727049316977,0.2,14.0,0.46147664390504683,0.2,0.47451581704366996,0.8941437054017293,0.0,5.0,0.0,1
1af8fdb0-cb8e-45a8-9c17-e691da52b1d5,bc2b645f-2327-4ce9-a2d2-c4dfb4c037a4,0.4653727049316977,0.2,14.0,0.46147664390504683,0.6,0.565732669170513,0.9898859782322003,1.0,3.0,5.0,1
1af8fdb0-cb8e-45a8-9c17-e691da52b1d5,ad90952f-caf0-425d-8039-7263f702df91,0.4653727049316977,0.2,14.0,0.46147664390504683,0.2,0.9254823202465832,0.36840241779614114,0.0,1.0,1.0,1
1af8fdb0-cb8e-45a8-9c17-e691da52b1d5,50485b49-6f87-4fbb-a6d8-cc894f5ad343,0.4653727049316977,0.2,14.0,0.46147664390504683,0.2,0.489665412099198,0.42118413108785735,0.3,0.0,5.0,1
1af8fdb0-cb8e-45a8-9c17-e691da52b1d5,6c5eaa38-0652-4762-8f1b-fcb80dbf8936,0.4653727049316977,0.2,14.0,0.46147664390504683,0.6,0.23950518641691337,0.7304636636619138,0.6,0.0,6.0,0
1af8fdb0-cb8e-45a8-9c17-e691da52b1d5,85736eaa-5d46-446f-bc37-90664659af7c,0.4653727049316977,0.2,14.0,0.46147664390504683,0.2,0.5071632128531129,0.5363921784426651,0.3,1.0,6.0,1
1af8fdb0-cb8e-45a8-9c17-e691da52b1d5,c5beb2bc-7876-4318-b66a-dab1f0815f72,0.4653727049316977,0.2,14.0,0.46147664390504683,0.6,0.40881718791361676,0.5939586390142232,0.0,5.0,5.0,1
1af8fdb0-cb8e-45a8-9c17-e691da52b1d5,8d8bd000-8a84-4c8b-bdc8-797008544155,0.4653727049316977,0.2,14.0,0.46147664390504683,1.0,0.14606305453676433,0.13377939697072627,0.0,3.0,2.0,0
1af8fdb0-cb8e-45a8-9c17-e691da52b1d5,5c628898-abde-4c5b-8dc9-253bfab0c323,0.4653727049316977,0.2,14.0,0.46147664390504683,0.6,0.29562602483866546,0.8882279982692427,0.3,0.0,5.0,1
1af8fdb0-cb8e-45a8-9c17-e691da52b1d5,4b297a66-3334-402c-af3b-f9ee2b621b0b,0.4653727049316977,0.2,14.0,0.46147664390504683,0.2,0.16180119098371584,0.2582859429792861,0.0,5.0,6.0,1
1af8fdb0-cb8e-45a8-9c17-e691da52b1d5,1f8de1f5-f4a5-410b-85f9-a2177b221fd0,0.4653727049316977,0.2,14.0,0.46147664390504683,0.2,0.9355406398663405,0.9993664824422813,1.0,3.0,5.0,1
1af8fdb0-cb8e-45a8-9c17-e691da52b1d5,7bf57e1f-8d6e-4525-9822-40fe99cb92db,0.4653727049316977,0.2,14.0,0.46147664390504683,0.6,0.646849787279288,0.8371345930324872,0.6,5.0,3.0,0
1af8fdb0-cb8e-45a8-9c17-e691da52b1d5,8d5761d4-efd9-4f9b-a561-e385778a1505,0.4653727049316977,0.2,14.0,0.46147664390504683,0.2,0.5667301021003356,0.19240837052962323,0.3,2.0,5.0,0
1af8fdb0-cb8e-45a8-9c17-e691da52b1d5,85f2c72b-1210-493c-bae7-744c4b2353fc,0.4653727049316977,0.2,14.0,0.46147664390504683,0.6,0.5307520434712122,0.17871782093842026,1.0,2.0,2.0,1
1af8fdb0-cb8e-45a8-9c17-e691da52b1d5,4eda28e3-9d9e-4f06-badb-0cb04245ce38,0.4653727049316977,0.2,14.0,0.46147664390504683,0.6,0.2524816678776829,0.7419096525240588,0.6,4.0,4.0,1
1af8fdb0-cb8e-45a8-9c17-e691da52b1d5,2fcb1115-b785-4e53-aef6-79c4dbe42cda,0.4653727049316977,0.2,14.0,0.46147664390504683,0.2,0.9505514578919633,0.7971802886027384,0.6,1.0,5.0,1
1af8fdb0-cb8e-45a8-9c17-e691da52b1d5,382dc6cd-e931-4c06-8335-e8acc1df4c50,0.4653727049316977,0.2,14.0,0.46147664390504683,0.2,0.558623921637297,0.1308595947819554,1.0,2.0,4.0,1
1af8fdb0-cb8e-45a8-9c17-e691da52b1d5,78815b00-b8cf-4b53-9b5c-0a0cc08481cf,0.4653727049316977,0.2,14.0,0.46147664390504683,0.6,0.9610158815047943,0.2578843936513069,0.0,5.0,4.0,0
1af8fdb0-cb8e-45a8-9c17-e691da52b1d5,663e97bc-95a7-41b9-9e8e-0aaa991d7522,0.4653727049316977,0.2,14.0,0.46147664390504683,0.2,0.45979536292483636,0.25030114523410607,1.0,3.0,1.0,1
1af8fdb0-cb8e-45a8-9c17-e691da52b1d5,be7b953b-bf68-42e7-957e-b6f8f29af69d,0.4653727049316977,0.2,14.0,0.46147664390504683,1.0,0.6945243897343877,0.4669732371344246,1.0,4.0,2.0,1
1af8fdb0-cb8e-45a8-9c17-e691da52b1d5,fb36e3d1-7446-45e0-9d41-48f394b60fa9,0.4653727049316977,0.2,14.0,0.46147664390504683,0.6,0.6937735815060089,0.32932384475875576,0.0,3.0,2.0,1
1af8fdb0-cb8e-45a8-9c17-e691da52b1d5,0c914be4-9a3f-42b1-9a0d-7b75e4458ea2,0.4653727049316977,0.2,14.0,0.46147664390504683,0.2,0.6120270413649967,0.8895054166969376,0.3,4.0,2.0,0
1af8fdb0-cb8e-45a8-9c17-e691da52b1d5,1e0eed17-c905-405d-992d-8f226b5d3e6b,0.4653727049316977,0.2,14.0,0.46147664390504683,0.6,0.4397816989523534,0.9351795022685058,0.0,4.0,4.0,0
1af8fdb0-cb8e-45a8-9c17-e691da52b1d5,b30a4759-4017-4c73-a262-ebb3da889ea2,0.4653727049316977,0.2,14.0,0.46147664390504683,0.2,0.2824565624064378,0.9351062106319883,1.0,2.0,1.0,0
1af8fdb0-cb8e-45a8-9c17-e691da52b1d5,153e892c-7403-48b3-b3e5-7a4444a6af33,0.4653727049316977,0.2,14.0,0.46147664390504683,1.0,0.268440635924974,0.5517497858340187,0.3,4.0,0.0,0
cf61a104-75a5-4d46-afc9-812704420de1,b7334163-6b0b-4be1-b584-94370f17d451,0.7328607955258188,0.6,8.0,0.801607858843828,1.0,0.6214743123780008,0.24793030815786732,0.6,2.0,6.0,0
cf61a104-75a5-4d46-afc9-812704420de1,86df6ab5-0a91-4c31-ae77-b6a97acaa3b6,0.7328607955258188,0.6,8.0,0.801607858843828,0.2,0.6626325512293207,0.22621734088053103,1.0,4.0,1.0,1
cf61a104-75a5-4d46-afc9-812704420de1,686e3aa2-fafa-49b8-ae04-90315babb1d4,0.7328607955258188,0.6,8.0,0.801607858843828,0.2,0.2485402182633587,0.3567460645487345,1.0,5.0,6.0,1
cf61a104-75a5-4d46-afc9-812704420de1,74e91ec2-7e97-4477-a254-e11129eee045,0.7328607955258188,0.6,8.0,0.801607858843828,1.0,0.4127752338799551,0.9613455666412534,0.3,1.0,6.0,1
cf61a104-75a5-4d46-afc9-812704420de1,0d91a5c8-4b22-4198-b963-be98907527f4,0.7328607955258188,0.6,8.0,0.801607858843828,0.2,0.36811976533001634,0.7445398250927052,0.0,5.0,3.0,0
cf61a104-75a5-4d46-afc9-812704420de1,90b5993b-1b5d-4363-8738-1f1566b34091,0.7328607955258188,0.6,8.0,0.801607858843828,0.2,0.20193175818065728,0.8491249460757495,1.0,1.0,6.0,1
cf61a104-75a5-4d46-afc9-812704420de1,1975da03-cf78-4c90-a916-3660a489f0dc,0.7328607955258188,0.6,8.0,0.801607858843828,0.6,0.4213481052285838,0.6693330773357604,0.6,5.0,5.0,1
cf61a104-75a5-4d46-afc9-812704420de1,b08e025f-b00e-487d-9769-6e771d335fcd,0.7328607955258188,0.6,8.0,0.801607858843828,0.6,0.35587631985892465,0.5051778789164922,0.3,0.0,0.0,1
cf61a104-75a5-4d46-afc9-812704420de1,e8099b2a-0582-4c26-a562-02489ef37a4d,0.7328607955258188,0.6,8.0,0.801607858843828,1.0,0.5135230437741315,0.3765636685032894,1.0,0.0,2.0,1
cf61a104-75a5-4d46-afc9-812704420de1,92da4efc-92e2-4b63-a697-25a464242c2d,0.7328607955258188,0.6,8.0,0.801607858843828,1.0,0.6595170148426077,0.9265692444764961,1.0,2.0,2.0,1
cf61a104-75a5-4d46-afc9-812704420de1,b08e025f-b00e-487d-9769-6e771d335fcd,0.7328607955258188,0.6,8.0,0.801607858843828,0.6,0.35587631985892465,0.5051778789164922,0.3,0.0,2.0,1
cf61a104-75a5-4d46-afc9-812704420de1,94f447d1-ce40-4abc-9492-1b4fa652cdf8,0.7328607955258188,0.6,8.0,0.801607858843828,0.2,0.7747992350688047,0.24068147068829215,1.0,1.0,3.0,0
cf61a104-75a5-4d46-afc9-812704420de1,5e04770f-4a25-48a2-ad93-cef1ed97d455,0.7328607955258188,0.6,8.0,0.801607858843828,1.0,0.6810890391339975,0.862719881758954,0.3,1.0,6.0,0
cf61a104-75a5-4d46-afc9-812704420de1,2fd06511-a2df-41a4-b9b8-72ad25edbef7,0.7328607955258188,0.6,8.0,0.801607858843828,1.0,0.8121414643536927,0.9186858244934103,0.3,1.0,0.0,0
cf61a104-75a5-4d46-afc9-812704420de1,85a991a1-00c2-4f3b-a2f1-2edd3ed3c13b,0.7328607955258188,0.6,8.0,0.801607858843828,0.6,0.885115810475927,0.053316349790826556,0.3,0.0,1.0,1
cf61a104-75a5-4d46-afc9-812704420de1,965ef1a3-f422-4510-af75-d3f89e3642dd,0.7328607955258188,0.6,8.0,0.801607858843828,1.0,0.4273005359792914,0.6938722867459519,0.6,2.0,6.0,1
cf61a104-75a5-4d46-afc9-812704420de1,fb36e3d1-7446-45e0-9d41-48f394b60fa9,0.7328607955258188,0.6,8.0,0.801607858843828,0.6,0.6937735815060089,0.32932384475875576,0.0,2.0,1.0,0
cf61a104-75a5-4d46-afc9-812704420de1,a32c33b9-2ae0-4565-b4cd-8c363bd2dbb1,0.7328607955258188,0.6,8.0,0.801607858843828,0.6,0.4675427346881219,0.5919389716094521,0.3,1.0,6.0,1
cf61a104-75a5-4d46-afc9-812704420de1,4ae5516d-8df6-4ce0-a1a2-7fe96b97c4ed,0.7328607955258188,0.6,8.0,0.801607858843828,0.6,0.7394686693887754,0.3658730909863124,0.3,4.0,2.0,1
cf61a104-75a5-4d46-afc9-812704420de1,cfaac6f7-b976-4661-8cd2-98f3a4e3a281,0.7328607955258188,0.6,8.0,0.801607858843828,0.2,0.17993656314318568,0.2972789514204549,0.3,5.0,5.0,1
cf61a104-75a5-4d46-afc9-812704420de1,6a40cbad-655b-4606-9b92-d053c779e9a1,0.7328607955258188,0.6,8.0,0.801607858843828,0.2,0.7251468800412657,0.941344002350994,0.0,2.0,5.0,0
cf61a104-75a5-4d46-afc9-812704420de1,6a40cbad-655b-4606-9b92-d053c779e9a1,0.7328607955258188,0.6,8.0,0.801607858843828,0.2,0.7251468800412657,0.941344002350994,0.0,4.0,1.0,1
cf61a104-75a5-4d46-afc9-812704420de1,97ffd70a-47e9-4398-92a1-d66d4e4e7ac9,0.7328607955258188,0.6,8.0,0.801607858843828,1.0,0.4738888800802551,0.7582398953411875,1.0,2.0,6.0,0
cf61a104-75a5-4d46-afc9-812704420de1,85f2c72b-1210-493c-bae7-744c4b2353fc,0.7328607955258188,0.6,8.0,0.801607858843828,0.6,0.5307520434712122,0.17871782093842026,1.0,5.0,3.0,0
cf61a104-75a5-4d46-afc9-812704420de1,663e97bc-95a7-41b9-9e8e-0aaa991d7522,0.7328607955258188,0.6,8.0,0.801607858843828,0.2,0.45979536292483636,0.25030114523410607,1.0,1.0,3.0,0
cf61a104-75a5-4d46-afc9-812704420de1,9f019ca3-6a4d-4f1c-8cfd-4fc983011cd8,0.7328607955258188,0.6,8.0,0.801607858843828,0.6,0.8592879525285462,0.4771610349793223,0.6,3.0,1.0,1
cf61a104-75a5-4d46-afc9-812704420de1,9913533d-faae-4d19-b26f-7d58e0c13607,0.7328607955258188,0.6,8.0,0.801607858843828,0.6,0.8682957247821264,0.11927861507246895,0.3,1.0,6.0,1
cf61a104-75a5-4d46-afc9-812704420de1,bcc862ed-ee8c-4519-bd6f-df3684168181,0.7328607955258188,0.6,8.0,0.801607858843828,1.0,0.9327717807626915,0.3397410335113047,0.3,2.0,3.0,0
cf61a104-75a5-4d46-afc9-812704420de1,768074f2-fa60-4a87-b7e9-0fe45c042ba8,0.7328607955258188,0.6,8.0,0.801607858843828,0.6,0.44816631031351084,0.885378023796285,0.0,3.0,2.0,1
cf61a104-75a5-4d46-afc9-812704420de1,b85c5447-3934-4a5f-a2ea-5cf406ba1386,0.7328607955258188,0.6,8.0,0.801607858843828,0.2,0.7359215878835874,0.20471404262800852,1.0,0.0,4.0,1
cf61a104-75a5-4d46-afc9-812704420de1,cd408280-465f-4896-b05f-85290441236d,0.7328607955258188,0.6,8.0,0.801607858843828,1.0,0.22129010421141973,0.167964745667194,0.6,3.0,1.0,0
cf61a104-75a5-4d46-afc9-812704420de1,e2cc89a7-6e52-40e3-8411-87a3295c8a0e,0.7328607955258188,0.6,8.0,0.801607858843828,0.2,0.3237254478661281,0.030381800897473776,0.3,3.0,4.0,1
cf61a104-75a5-4d46-afc9-812704420de1,4fdb3305-ba7f-45fd-908f-aee1f36874a7,0.7328607955258188,0.6,8.0,0.801607858843828,0.2,0.9186809012161644,0.8525202868433427,1.0,1.0,0.0,1
cf61a104-75a5-4d46-afc9-812704420de1,153e892c-7403-48b3-b3e5-7a4444a6af33,0.7328607955258188,0.6,8.0,0.801607858843828,1.0,0.268440635924974,0.5517497858340187,0.3,0.0,3.0,0
cf61a104-75a5-4d46-afc9-812704420de1,5a34f357-525c-4e8c-9761-fca6c5ef4a54,0.7328607955258188,0.6,8.0,0.801607858843828,1.0,0.32612342892093527,0.37000647225331373,0.3,2.0,0.0,0
cf61a104-75a5-4d46-afc9-812704420de1,015a673e-67b9-4560-949f-f0f29ba09691,0.7328607955258188,0.6,8.0,0.801607858843828,0.6,0.772469818793257,0.851704139635052,0.0,1.0,6.0,0
cf61a104-75a5-4d46-afc9-812704420de1,b7f3f687-720d-4c2e-b765-833d1f628763,0.7328607955258188,0.6,8.0,0.801607858843828,0.6,0.5040757896213439,0.7654432929579714,0.6,3.0,1.0,1
cf61a104-75a5-4d46-afc9-812704420de1,b008e459-aec4-4940-b0b0-b9521473a99b,0.7328607955258188,0.6,8.0,0.801607858843828,0.2,0.8465976222683373,0.22635650862391665,1.0,1.0,2.0,0
cf61a104-75a5-4d46-afc9-812704420de1,be9d36c1-5645-43bf-b29e-f59fe75b58fc,0.7328607955258188,0.6,8.0,0.801607858843828,0.2,0.9631836571803765,0.9302866275169228,1.0,4.0,4.0,1
cf61a104-75a5-4d46-afc9-812704420de1,1975da03-cf78-4c90-a916-3660a489f0dc,0.7328607955258188,0.6,8.0,0.801607858843828,0.6,0.4213481052285838,0.6693330773357604,0.6,0.0,5.0,1
54308a91-b9ca-4465-801d-488d8b306133,ef4564ad-37cb-422e-9258-c0dd09e686d8,0.7823469996086907,0.6,2.0,0.5762454689704375,0.6,0.7134305197216956,0.4952020834976343,0.0,2.0,4.0,1
54308a91-b9ca-4465-801d-488d8b306133,85ca56ac-d00f-4985-9a10-09bdbdcf0764,0.7823469996086907,0.6,2.0,0.5762454689704375,1.0,0.7672921606674585,0.4762417440869502,0.3,0.0,6.0,0
54308a91-b9ca-4465-801d-488d8b306133,723b0875-2f5c-406d-91ef-1ef6768c21e1,0.7823469996086907,0.6,2.0,0.5762454689704375,0.6,0.5865033881557733,0.9546606431143135,0.6,0.0,1.0,1
54308a91-b9ca-4465-801d-488d8b306133,9f7ae8c9-dc90-4236-adb6-2109245d9021,0.7823469996086907,0.6,2.0,0.5762454689704375,0.6,0.8963101399292399,0.12506351553810924,0.0,3.0,3.0,0
54308a91-b9ca-4465-801d-488d8b306133,6a24fb3d-8584-44db-80ec-a8943d9d4953,0.7823469996086907,0.6,2.0,0.5762454689704375,0.2,0.7990830790974275,0.6468922285040184,0.6,0.0,5.0,1
54308a91-b9ca-4465-801d-488d8b306133,e8df6458-6771-4ac9-9072-87c3e1750d40,0.7823469996086907,0.6,2.0,0.5762454689704375,0.2,0.43364799363262085,0.28863566461256474,0.0,5.0,2.0,1
54308a91-b9ca-4465-801d-488d8b306133,9ef9ff12-8bfc-4d55-ba1e-d4fa03792c95,0.7823469996086907,0.6,2.0,0.5762454689704375,0.2,0.482599597367356,0.7341152293318791,0.0,5.0,2.0,0
54308a91-b9ca-4465-801d-488d8b306133,042f11d0-6ddd-4561-8c2c-5e00545a621e,0.7823469996086907,0.6,2.0,0.5762454689704375,1.0,0.7872798003899497,0.9285445017428434,0.6,1.0,6.0,1
54308a91-b9ca-4465-801d-488d8b306133,f02458a6-6ff7-47a1-8e01-b8ff21f7812d,0.7823469996086907,0.6,2.0,0.5762454689704375,0.2,0.336680938116936,0.2620493339390677,0.6,5.0,4.0,1
54308a91-b9ca-4465-801d-488d8b306133,fe560b2d-9461-419f-952d-3526d1d58cc6,0.7823469996086907,0.6,2.0,0.5762454689704375,1.0,0.582611192457266,0.5549319795003286,0.0,2.0,0.0,0
54308a91-b9ca-4465-801d-488d8b306133,7c817b5c-6572-44b4-8692-fb0a6e6339be,0.7823469996086907,0.6,2.0,0.5762454689704375,1.0,0.5648788196988385,0.6966139096390322,0.6,5.0,3.0,0
54308a91-b9ca-4465-801d-488d8b306133,c3ccbfd0-fc33-4b81-bec0-7bb56f47c14f,0.7823469996086907,0.6,2.0,0.5762454689704375,1.0,0.7957102117424933,0.04996005462064468,1.0,0.0,3.0,1
54308a91-b9ca-4465-801d-488d8b306133,dfb0809f-a08c-4519-85d0-1f790e6cd5d9,0.7823469996086907,0.6,2.0,0.5762454689704375,1.0,0.12996439027292325,0.8581884567519729,1.0,3.0,1.0,1
54308a91-b9ca-4465-801d-488d8b306133,c777c23f-b2f3-4f1d-bbea-1e7286fac786,0.7823469996086907,0.6,2.0,0.5762454689704375,0.2,0.9597491309827612,0.04607692524933382,0.0,5.0,4.0,0
54308a91-b9ca-4465-801d-488d8b306133,b02c207c-3d8f-47d1-94d5-ea09db74e5c8,0.7823469996086907,0.6,2.0,0.5762454689704375,0.6,0.3575527172065134,0.7990422256936793,0.3,1.0,0.0,1
54308a91-b9ca-4465-801d-488d8b306133,06deada8-30c5-413b-9c3c-714dac3f16dc,0.7823469996086907,0.6,2.0,0.5762454689704375,1.0,0.35763710304451657,0.8208832504363414,1.0,0.0,6.0,1
54308a91-b9ca-4465-801d-488d8b306133,fb36e3d1-7446-45e0-9d41-48f394b60fa9,0.7823469996086907,0.6,2.0,0.5762454689704375,0.6,0.6937735815060089,0.32932384475875576,0.0,3.0,6.0,0
54308a91-b9ca-4465-801d-488d8b306133,68ffa0bd-b298-4476-a51a-141035550fd6,0.7823469996086907,0.6,2.0,0.5762454689704375,1.0,0.7873450415195071,0.20198131932556307,0.3,1.0,4.0,0
54308a91-b9ca-4465-801d-488d8b306133,bf54fdb0-6d82-479e-a9d5-78fc64767a17,0.7823469996086907,0.6,2.0,0.5762454689704375,0.2,0.17614837616217327,0.6505421545039386,1.0,3.0,5.0,0
54308a91-b9ca-4465-801d-488d8b306133,6a40cbad-655b-4606-9b92-d053c779e9a1,0.7823469996086907,0.6,2.0,0.5762454689704375,0.2,0.7251468800412657,0.941344002350994,0.0,2.0,6.0,1
54308a91-b9ca-4465-801d-488d8b306133,a38cc35a-c8b1-493c-ad3e-67dba34f85e7,0.7823469996086907,0.6,2.0,0.5762454689704375,0.6,0.41036269496507194,0.08761541400278205,0.0,0.0,0.0,1
54308a91-b9ca-4465-801d-488d8b306133,d8d30dac-fd61-48d1-8bf9-aa602ff08b1b,0.7823469996086907,0.6,2.0,0.5762454689704375,0.6,0.5193853910130869,0.5025270481245171,0.0,5.0,3.0,1
54308a91-b9ca-4465-801d-488d8b306133,51656879-b9de-4976-b3d5-c8a240739e35,0.7823469996086907,0.6,2.0,0.5762454689704375,0.6,0.12393733137164058,0.5053225155587664,1.0,3.0,4.0,0
54308a91-b9ca-4465-801d-488d8b306133,020ff159-4271-4aa5-87f3-9295346f6563,0.7823469996086907,0.6,2.0,0.5762454689704375,0.6,0.31530071999913584,0.1616253953204818,0.0,5.0,2.0,1
54308a91-b9ca-4465-801d-488d8b306133,7b512031-30a6-4d3c-8e53-4acf4b15efd9,0.7823469996086907,0.6,2.0,0.5762454689704375,0.6,0.20961141822392887,0.22555703805048077,1.0,4.0,3.0,1
54308a91-b9ca-4465-801d-488d8b306133,723b0875-2f5c-406d-91ef-1ef6768c21e1,0.7823469996086907,0.6,2.0,0.5762454689704375,0.6,0.5865033881557733,0.9546606431143135,0.6,5.0,6.0,1
54308a91-b9ca-4465-801d-488d8b306133,4e038b59-7940-4187-89a4-aa8900eb4584,0.7823469996086907,0.6,2.0,0.5762454689704375,0.6,0.8162686834681103,0.09548613580741361,0.3,2.0,3.0,1
54308a91-b9ca-4465-801d-488d8b306133,b9638733-3416-47d7-b548-7e0af0dbe65f,0.7823469996086907,0.6,2.0,0.5762454689704375,0.2,0.7200468573060492,0.4981514611185579,0.6,2.0,5.0,0
54308a91-b9ca-4465-801d-488d8b306133,ef4564ad-37cb-422e-9258-c0dd09e686d8,0.7823469996086907,0.6,2.0,0.5762454689704375,0.6,0.7134305197216956,0.4952020834976343,0.0,1.0,6.0,1
54308a91-b9ca-4465-801d-488d8b306133,a17bf541-effa-44fe-bb93-e99cb560a113,0.7823469996086907,0.6,2.0,0.5762454689704375,0.6,0.6843407970867683,0.1004271940167254,0.6,0.0,1.0,0
54308a91-b9ca-4465-801d-488d8b306133,b20bab7d-8fe1-4291-9511-746d551c6381,0.7823469996086907,0.6,2.0,0.5762454689704375,1.0,0.30803403606513613,0.290684856511908,0.0,1.0,0.0,0
54308a91-b9ca-4465-801d-488d8b306133,85a991a1-00c2-4f3b-a2f1-2edd3ed3c13b,0.7823469996086907,0.6,2.0,0.5762454689704375,0.6,0.885115810475927,0.053316349790826556,0.3,1.0,1.0,1
54308a91-b9ca-4465-801d-488d8b306133,4df06409-5880-4fd2-840e-02e90385cc4e,0.7823469996086907,0.6,2.0,0.5762454689704375,1.0,0.19470747542775022,0.6843276576228667,0.0,2.0,1.0,1
54308a91-b9ca-4465-801d-488d8b306133,79cb3b8e-aafa-418e-97aa-f7fdcb3d6c58,0.7823469996086907,0.6,2.0,0.5762454689704375,0.2,0.3730266808058288,0.7752357696427774,0.3,5.0,4.0,0
54308a91-b9ca-4465-801d-488d8b306133,b008e459-aec4-4940-b0b0-b9521473a99b,0.7823469996086907,0.6,2.0,0.5762454689704375,0.2,0.8465976222683373,0.22635650862391665,1.0,0.0,6.0,1
54308a91-b9ca-4465-801d-488d8b306133,f4511c0e-1907-4564-85be-6208646f9403,0.7823469996086907,0.6,2.0,0.5762454689704375,0.6,0.9737144331912416,0.8489993802384885,0.3,5.0,3.0,0
54308a91-b9ca-4465-801d-488d8b306133,d72916bd-ef8f-4502-bba8-725c04f85a5f,0.7823469996086907,0.6,2.0,0.5762454689704375,0.2,0.854828063402321,0.2603597878713769,0.0,1.0,3.0,1
54308a91-b9ca-4465-801d-488d8b306133,2a4e6f6f-8a97-4b0f-8706-b5b5c9a3506e,0.7823469996086907,0.6,2.0,0.5762454689704375,1.0,0.508305717299449,0.5779541132057853,1.0,5.0,5.0,0
54308a91-b9ca-4465-801d-488d8b306133,9ba51c49-9d6a-423a-905e-593237ec3ec2,0.7823469996086907,0.6,2.0,0.5762454689704375,0.2,0.5056427924137512,0.14164644156570538,1.0,1.0,5.0,1
54308a91-b9ca-4465-801d-488d8b306133,6cef895f-06aa-4942-bedd-72fff31eb379,0.7823469996086907,0.6,2.0,0.5762454689704375,0.2,0.8773089936408774,0.6446474280251517,1.0,4.0,5.0,1
f5b38bd4-5ffc-4667-a032-748c82fa8851,cd43d020-95b3-4fce-8795-f8fd1c5756af,0.7243169827579954,0.2,11.0,0.37937773257579854,0.6,0.5573941486973442,0.11632937988922598,0.3,1.0,0.0,1
f5b38bd4-5ffc-4667-a032-748c82fa8851,6a40cbad-655b-4606-9b92-d053c779e9a1,0.7243169827579954,0.2,11.0,0.37937773257579854,0.2,0.7251468800412657,0.941344002350994,0.0,2.0,5.0,0
f5b38bd4-5ffc-4667-a032-748c82fa8851,8ed783a1-387d-4717-b5f7-15de4d9164c0,0.7243169827579954,0.2,11.0,0.37937773257579854,1.0,0.6957695377284588,0.9476351583956032,0.0,0.0,3.0,1
f5b38bd4-5ffc-4667-a032-748c82fa8851,b08e025f-b00e-487d-9769-6e771d335fcd,0.7243169827579954,0.2,11.0,0.37937773257579854,0.6,0.35587631985892465,0.5051778789164922,0.3,2.0,6.0,0
f5b38bd4-5ffc-4667-a032-748c82fa8851,88e79e28-8590-4873-baf3-158ade3d3e32,0.7243169827579954,0.2,11.0,0.37937773257579854,1.0,0.9148647291612199,0.12864998776038128,0.0,4.0,2.0,1
f5b38bd4-5ffc-4667-a032-748c82fa8851,b8f55e48-9d55-4d28-bc80-497a7d36ac53,0.7243169827579954,0.2,11.0,0.37937773257579854,0.6,0.5364632049642664,0.9010207096938249,0.6,4.0,2.0,1
f5b38bd4-5ffc-4667-a032-748c82fa8851,5939c634-d641-4ed7-8910-517780e88b75,0.7243169827579954,0.2,11.0,0.37937773257579854,0.6,0.7523652503478826,0.6850593430585846,0.3,0.0,4.0,0
f5b38bd4-5ffc-4667-a032-748c82fa8851,7d8ed681-553e-4f86-8328-93bdf476bee2,0.7243169827579954,0.2,11.0,0.37937773257579854,0.6,0.8243337011258274,0.4855544869796419,1.0,2.0,2.0,0
f5b38bd4-5ffc-4667-a032-748c82fa8851,bf1c16a4-e182-4ecc-8023-e458da60daac,0.7243169827579954,0.2,11.0,0.37937773257579854,1.0,0.24964749169716674,0.6258043806862246,0.6,2.0,2.0,1
f5b38bd4-5ffc-4667-a032-748c82fa8851,8c822518-d0dc-460d-93c7-d9d033a078ba,0.7243169827579954,0.2,11.0,0.37937773257579854,1.0,0.5475099359609544,0.9553256935848943,1.0,3.0,3.0,1
f5b38bd4-5ffc-4667-a032-748c82fa8851,b20bab7d-8fe1-4291-9511-746d551c6381,0.7243169827579954,0.2,11.0,0.37937773257579854,1.0,0.30803403606513613,0.290684856511908,0.0,5.0,5.0,0
f5b38bd4-5ffc-4667-a032-748c82fa8851,e4db18b0-d91a-4fe4-b05f-eda25f38ea0d,0.7243169827579954,0.2,11.0,0.37937773257579854,0.2,0.5776591949487476,0.19019373944895102,0.3,4.0,3.0,0
f5b38bd4-5ffc-4667-a032-748c82fa8851,01fe4a49-c1a0-4cc3-8dc8-8402e6b11064,0.7243169827579954,0.2,11.0,0.37937773257579854,1.0,0.6879754206461195,0.49287097672138225,0.3,4.0,2.0,1
f5b38bd4-5ffc-4667-a032-748c82fa8851,5145c478-0b39-4ab7-a906-e1b9735ba3ce,0.7243169827579954,0.2,11.0,0.37937773257579854,0.6,0.8786936977058606,0.9587100682359623,1.0,3.0,6.0,1
f5b38bd4-5ffc-4667-a032-748c82fa8851,99eca1c6-c6f2-4d74-a551-b71f85fad723,0.7243169827579954,0.2,11.0,0.37937773257579854,1.0,0.37557872113137425,0.6908530230033296,0.0,2.0,2.0,0
f5b38bd4-5ffc-4667-a032-748c82fa8851,6720ccab-682e-40ac-9103-5e1a7cedc597,0.7243169827579954,0.2,11.0,0.37937773257579854,1.0,0.34528416725327743,0.5038671262185984,1.0,4.0,6.0,0
f5b38bd4-5ffc-4667-a032-748c82fa8851,e8df6458-6771-4ac9-9072-87c3e1750d40,0.7243169827579954,0.2,11.0,0.37937773257579854,0.2,0.43364799363262085,0.28863566461256474,0.0,0.0,1.0,1
f5b38bd4-5ffc-4667-a032-748c82fa8851,5c628898-abde-4c5b-8dc9-253bfab0c323,0.7243169827579954,0.2,11.0,0.37937773257579854,0.6,0.29562602483866546,0.8882279982692427,0.3,5.0,3.0,1
f5b38bd4-5ffc-4667-a032-748c82fa8851,f2b47773-ae1a-4e1a-83d1-6e1190805e45,0.7243169827579954,0.2,11.0,0.37937773257579854,0.2,0.47451581704366996,0.8941437054017293,0.0,3.0,1.0,1
f5b38bd4-5ffc-4667-a032-748c82fa8851,9fbecf58-4b47-499b-af70-5be883e292d6,0.7243169827579954,0.2,11.0,0.37937773257579854,1.0,0.6813001709251447,0.40858971174533243,0.0,0.0,2.0,1
f5b38bd4-5ffc-4667-a032-748c82fa8851,8d3c9344-6c45-43f7-a583-eb49f1bd7c4b,0.7243169827579954,0.2,11.0,0.37937773257579854,1.0,0.32697303710818776,0.18910296519857916,0.6,3.0,6.0,0
f5b38bd4-5ffc-4667-a032-748c82fa8851,b8a59f9c-9152-4e9d-9227-81b450029be0,0.7243169827579954,0.2,11.0,0.37937773257579854,0.2,0.9082416607735994,0.8438860705844703,1.0,2.0,1.0,1
f5b38bd4-5ffc-4667-a032-748c82fa8851,61ae4cd0-4feb-4315-9993-55959a8ab125,0.7243169827579954,0.2,11.0,0.37937773257579854,0.6,0.5247340762216478,0.34315624408831924,0.0,4.0,5.0,0
f5b38bd4-5ffc-4667-a032-748c82fa8851,9f019ca3-6a4d-4f1c-8cfd-4fc983011cd8,0.7243169827579954,0.2,11.0,0.37937773257579854,0.6,0.8592879525285462,0.4771610349793223,0.6,2.0,3.0,1
f5b38bd4-5ffc-4667-a032-748c82fa8851,0764c1e1-84c4-4344-814b-56f447356699,0.7243169827579954,0.2,11.0,0.37937773257579854,0.2,0.36478434898577183,0.31372887152086304,0.3,3.0,4.0,1
f5b38bd4-5ffc-4667-a032-748c82fa8851,6cef895f-06aa-4942-bedd-72fff31eb379,0.7243169827579954,0.2,11.0,0.37937773257579854,0.2,0.8773089936408774,0.6446474280251517,1.0,3.0,0.0,1
f5b38bd4-5ffc-4667-a032-748c82fa8851,84c440d3-55ef-46aa-abeb-ca96e8632be9,0.7243169827579954,0.2,11.0,0.37937773257579854,0.6,0.5539423499120992,0.05768859541460958,0.6,0.0,0.0,1
f5b38bd4-5ffc-4667-a032-748c82fa8851,139389de-ef52-4a31-a3a6-711cb26f1f6a,0.7243169827579954,0.2,11.0,0.37937773257579854,0.2,0.6569353768626665,0.927362807810403,1.0,3.0,5.0,0
f5b38bd4-5ffc-4667-a032-748c82fa8851,1975da03-cf78-4c90-a916-3660a489f0dc,0.7243169827579954,0.2,11.0,0.37937773257579854,0.6,0.4213481052285838,0.6693330773357604,0.6,4.0,1.0,1
f5b38bd4-5ffc-4667-a032-748c82fa8851,7c817b5c-6572-44b4-8692-fb0a6e6339be,0.7243169827579954,0.2,11.0,0.37937773257579854,1.0,0.5648788196988385,0.6966139096390322,0.6,5.0,5.0,0
f5b38bd4-5ffc-4667-a032-748c82fa8851,3ddfda87-b4e3-4c16-8683-a4523f15acf2,0.7243169827579954,0.2,11.0,0.37937773257579854,1.0,0.9807055615364045,0.6381156208224877,0.3,2.0,4.0,1
f5b38bd4-5ffc-4667-a032-748c82fa8851,6e8ca283-10c7-434c-826a-837f38ec5444,0.7243169827579954,0.2,11.0,0.37937773257579854,0.2,0.6513768543337128,0.6342982912007427,1.0,0.0,3.0,1
f5b38bd4-5ffc-4667-a032-748c82fa8851,b5455ff3-4469-4b08-b2d0-3b4b8a9faa28,0.7243169827579954,0.2,11.0,0.37937773257579854,0.2,0.8168045396107254,0.12498281746751883,0.3,0.0,0.0,1
f5b38bd4-5ffc-4667-a032-748c82fa8851,319d65cc-35fb-4fd2-8d36-0aaeae8c1599,0.7243169827579954,0.2,11.0,0.37937773257579854,0.2,0.3492163442071033,0.6358648613159886,0.3,1.0,2.0,1
f5b38bd4-5ffc-4667-a032-748c82fa8851,85736eaa-5d46-446f-bc37-90664659af7c,0.7243169827579954,0.2,11.0,0.37937773257579854,0.2,0.5071632128531129,0.5363921784426651,0.3,0.0,4.0,0
f5b38bd4-5ffc-4667-a032-748c82fa8851,5145c478-0b39-4ab7-a906-e1b9735ba3ce,0.7243169827579954,0.2,11.0,0.37937773257579854,0.6,0.8786936977058606,0.9587100682359623,1.0,5.0,0.0,1
f5b38bd4-5ffc-4667-a032-748c82fa8851,d62328c7-3c09-4bff-896a-238934dcedc8,0.7243169827579954,0.2,11.0,0.37937773257579854,0.2,0.5544033125310288,0.572254789610878,1.0,4.0,4.0,0
f5b38bd4-5ffc-4667-a032-748c82fa8851,ab31027b-1533-4573-87ee-591c4e74f603,0.7243169827579954,0.2,11.0,0.37937773257579854,0.2,0.13414284675556443,0.8188515466757538,1.0,5.0,2.0,1
f5b38bd4-5ffc-4667-a032-748c82fa8851,65c54c61-8bed-4502-891f-54207581973c,0.7243169827579954,0.2,11.0,0.37937773257579854,0.6,0.5609694251913983,0.4769640187588726,1.0,4.0,4.0,0
f5b38bd4-5ffc-4667-a032-748c82fa8851,7b512031-30a6-4d3c-8e53-4acf4b15efd9,0.7243169827579954,0.2,11.0,0.37937773257579854,0.6,0.20961141822392887,0.22555703805048077,1.0,1.0,6.0,0
7d2f0657-5a09-45cc-879d-42bd1e391030,19e80ef1-4224-4720-a093-1f15d029cdae,0.2480328593169386,1.0,1.0,0.8033865632476209,1.0,0.8175424886601043,0.7192671703216541,0.6,2.0,4.0,0
7d2f0657-5a09-45cc-879d-42bd1e391030,663e97bc-95a7-41b9-9e8e-0aaa991d7522,0.2480328593169386,1.0,1.0,0.8033865632476209,0.2,0.45979536292483636,0.25030114523410607,1.0,2.0,4.0,1
7d2f0657-5a09-45cc-879d-42bd1e391030,42438319-d9cd-4491-91c4-7e8df4051b62,0.2480328593169386,1.0,1.0,0.8033865632476209,0.2,0.6023180626659986,0.9806347370894578,0.0,5.0,0.0,0
7d2f0657-5a09-45cc-879d-42bd1e391030,b972f906-99a3-4c64-8a3c-52215d80d34b,0.2480328593169386,1.0,1.0,0.8033865632476209,0.2,0.7557609477960204,0.33890958121625947,0.3,3.0,0.0,0
7d2f0657-5a09-45cc-879d-42bd1e391030,0764c1e1-84c4-4344-814b-56f447356699,0.2480328593169386,1.0,1.0,0.8033865632476209,0.2,0.36478434898577183,0.31372887152086304,0.3,3.0,6.0,0
7d2f0657-5a09-45cc-879d-42bd1e391030,6bc2f168-7233-41b6-b378-1e91e4060318,0.2480328593169386,1.0,1.0,0.8033865632476209,0.6,0.8903489988595626,0.4493952204847722,0.6,0.0,1.0,0
7d2f0657-5a09-45cc-879d-42bd1e391030,85ca56ac-d00f-4985-9a10-09bdbdcf0764,0.2480328593169386,1.0,1.0,0.8033865632476209,1.0,0.7672921606674585,0.4762417440869502,0.3,2.0,3.0,0
7d2f0657-5a09-45cc-879d-42bd1e391030,9f019ca3-6a4d-4f1c-8cfd-4fc983011cd8,0.2480328593169386,1.0,1.0,0.8033865632476209,0.6,0.8592879525285462,0.4771610349793223,0.6,0.0,3.0,0
7d2f0657-5a09-45cc-879d-42bd1e391030,9fbecf58-4b47-499b-af70-5be883e292d6,0.2480328593169386,1.0,1.0,0.8033865632476209,1.0,0.6813001709251447,0.40858971174533243,0.0,3.0,4.0,1
7d2f0657-5a09-45cc-879d-42bd1e391030,7e095f22-5248-4ba3-b91c-aefd7470fd6a,0.2480328593169386,1.0,1.0,0.8033865632476209,0.6,0.520298671705361,0.6766771512956176,0.3,4.0,6.0,0
7d2f0657-5a09-45cc-879d-42bd1e391030,8c20762d-72fc-4a90-9284-b697f6205faa,0.2480328593169386,1.0,1.0,0.8033865632476209,0.2,0.809327370784988,0.46262162923016714,0.6,4.0,0.0,0
7d2f0657-5a09-45cc-879d-42bd1e391030,768074f2-fa60-4a87-b7e9-0fe45c042ba8,0.2480328593169386,1.0,1.0,0.8033865632476209,0.6,0.44816631031351084,0.885378023796285,0.0,5.0,0.0,1
7d2f0657-5a09-45cc-879d-42bd1e391030,d05c6a73-7fda-4aba-88c3-900cedb6b9a6,0.2480328593169386,1.0,1.0,0.8033865632476209,0.6,0.37465691625557584,0.04502897108590176,0.0,3.0,0.0,0
7d2f0657-5a09-45cc-879d-42bd1e391030,2e62bb91-bbcc-427c-86f2-60487a06e1ea,0.2480328593169386,1.0,1.0,0.8033865632476209,0.6,0.9970298553106509,0.5346422845071757,0.3,5.0,5.0,1
7d2f0657-5a09-45cc-879d-42bd1e391030,059f7915-4179-4fab-ab9a-979f2ce6e218,0.2480328593169386,1.0,1.0,0.8033865632476209,1.0,0.9507761192432672,0.14440395180459542,0.6,3.0,0.0,1
7d2f0657-5a09-45cc-879d-42bd1e391030,b08c5e45-1706-4711-993f-50cbf58e2335,0.2480328593169386,1.0,1.0,0.8033865632476209,0.6,0.7901117853804409,0.22604311984039915,0.0,4.0,6.0,1
7d2f0657-5a09-45cc-879d-42bd1e391030,31a8a011-26d9-417f-9acd-2dc1aa620cb1,0.2480328593169386,1.0,1.0,0.8033865632476209,0.6,0.8578772412513512,0.31368145278296056,0.6,0.0,2.0,0
7d2f0657-5a09-45cc-879d-42bd1e391030,effc8e6d-3fa0-4ad0-84e0-49ceb18ecfdf,0.2480328593169386,1.0,1.0,0.8033865632476209,1.0,0.1753861576369154,0.018304751217713022,0.6,3.0,5.0,0
7d2f0657-5a09-45cc-879d-42bd1e391030,786a081e-bed1-4dd5-af8f-b24a2969db27,0.2480328593169386,1.0,1.0,0.8033865632476209,1.0,0.2204606202831086,0.8790686327551894,0.6,2.0,4.0,0
7d2f0657-5a09-45cc-879d-42bd1e391030,09a8b01c-9886-431b-860f-484d959f9fd8,0.2480328593169386,1.0,1.0,0.8033865632476209,0.2,0.7949409365509817,0.650881327422057,0.0,5.0,3.0,0
7d2f0657-5a09-45cc-879d-42bd1e391030,230352f2-770a-46c0-abe4-d7625139ab5e,0.2480328593169386,1.0,1.0,0.8033865632476209,0.2,0.6004574087726475,0.5930492421524886,0.0,5.0,4.0,1
7d2f0657-5a09-45cc-879d-42bd1e391030,1448df8a-d98e-4341-b986-a8f8b8a384c2,0.2480328593169386,1.0,1.0,0.8033865632476209,1.0,0.1288249955168966,0.3673497152563451,0.6,1.0,3.0,0
7d2f0657-5a09-45cc-879d-42bd1e391030,9fbecf58-4b47-499b-af70-5be883e292d6,0.2480328593169386,1.0,1.0,0.8033865632476209,1.0,0.6813001709251447,0.40858971174533243,0.0,4.0,5.0,0
7d2f0657-5a09-45cc-879d-42bd1e391030,e44b9013-f4a8-49bf-9379-87dcbb2e8e53,0.2480328593169386,1.0,1.0,0.8033865632476209,1.0,0.36258242224859283,0.32306846386650134,0.3,0.0,3.0,1
7d2f0657-5a09-45cc-879d-42bd1e391030,61f8b793-eb21-415f-be6a-1dace64c1dab,0.2480328593169386,1.0,1.0,0.8033865632476209,0.2,0.5789373941878594,0.5534783138488689,0.0,2.0,4.0,1
7d2f0657-5a09-45cc-879d-42bd1e391030,3e8780dc-c7a9-4934-8e6f-110d379812e4,0.2480328593169386,1.0,1.0,0.8033865632476209,1.0,0.5060570262278341,0.2300402347272693,0.6,3.0,6.0,1
7d2f0657-5a09-45cc-879d-42bd1e391030,fe560b2d-9461-419f-952d-3526d1d58cc6,0.2480328593169386,1.0,1.0,0.8033865632476209,1.0,0.582611192457266,0.5549319795003286,0.0,5.0,1.0,0
7d2f0657-5a09-45cc-879d-42bd1e391030,547da744-4911-48fa-9b2f-1b550cf8ac17,0.2480328593169386,1.0,1.0,0.8033865632476209,1.0,0.45632620168229077,0.11858678619598295,1.0,0.0,5.0,1
7d2f0657-5a09-45cc-879d-42bd1e391030,3a71361b-e3e1-4223-b68a-ad50ca4dbe62,0.2480328593169386,1.0,1.0,0.8033865632476209,1.0,0.6047778022342388,0.49194088405803205,0.6,2.0,2.0,1
7d2f0657-5a09-45cc-879d-42bd1e391030,1e7d8873-b56a-4886-a1ad-5de73c350f8e,0.2480328593169386,1.0,1.0,0.8033865632476209,0.6,0.39376459292746124,0.062329554128436215,0.6,2.0,2.0,1
7d2f0657-5a09-45cc-879d-42bd1e391030,9fbecf58-4b47-499b-af70-5be883e292d6,0.2480328593169386,1.0,1.0,0.8033865632476209,1.0,0.6813001709251447,0.40858971174533243,0.0,0.0,4.0,0
7d2f0657-5a09-45cc-879d-42bd1e391030,b08c5e45-1706-4711-993f-50cbf58e2335,0.2480328593169386,1.0,1.0,0.8033865632476209,0.6,0.7901117853804409,0.22604311984039915,0.0,4.0,3.0,0
7d2f0657-5a09-45cc-879d-42bd1e391030,0d91a5c8-4b22-4198-b963-be98907527f4,0.2480328593169386,1.0,1.0,0.8033865632476209,0.2,0.36811976533001634,0.7445398250927052,0.0,5.0,4.0,0
7d2f0657-5a09-45cc-879d-42bd1e391030,7d8ed681-553e-4f86-8328-93bdf476bee2,0.2480328593169386,1.0,1.0,0.8033865632476209,0.6,0.8243337011258274,0.4855544869796419,1.0,4.0,4.0,0
7d2f0657-5a09-45cc-879d-42bd1e391030,86df6ab5-0a91-4c31-ae77-b6a97acaa3b6,0.2480328593169386,1.0,1.0,0.8033865632476209,0.2,0.6626325512293207,0.22621734088053103,1.0,4.0,5.0,0
7d2f0657-5a09-45cc-879d-42bd1e391030,d96815d9-4db7-48f0-85a0-eddc3b7b916f,0.2480328593169386,1.0,1.0,0.8033865632476209,0.6,0.4536278778772145,0.0754688004112799,1.0,3.0,3.0,0
7d2f0657-5a09-45cc-879d-42bd1e391030,666c606e-4a7f-4e66-9fac-fbc0339d13f8,0.2480328593169386,1.0,1.0,0.8033865632476209,1.0,0.9652102148867648,0.8330892916579566,0.3,5.0,6.0,0
7d2f0657-5a09-45cc-879d-42bd1e391030,0c914be4-9a3f-42b1-9a0d-7b75e4458ea2,0.2480328593169386,1.0,1.0,0.8033865632476209,0.2,0.6120270413649967,0.8895054166969376,0.3,0.0,0.0,1
7d2f0657-5a09-45cc-879d-42bd1e391030,b08c5e45-1706-4711-993f-50cbf58e2335,0.2480328593169386,1.0,1.0,0.8033865632476209,0.6,0.7901117853804409,0.22604311984039915,0.0,1.0,3.0,1
7d2f0657-5a09-45cc-879d-42bd1e391030,8bf86bf8-6510-4e3c-a240-21e3b94e264e,0.2480328593169386,1.0,1.0,0.8033865632476209,0.6,0.9444299160166787,0.9759914132168259,0.0,0.0,3.0,0
76b8b070-b010-4d0d-9dbe-a56d2f8e3f02,1b648ad6-0817-4f80-a7aa-9a94a583454e,0.8647282129011922,0.2,0.0,0.6970685252689264,1.0,0.9167464792916038,0.10114468166917334,0.0,5.0,1.0,0
76b8b070-b010-4d0d-9dbe-a56d2f8e3f02,f9e2c26a-8651-45e9-95ac-020bf84e5d87,0.8647282129011922,0.2,0.0,0.6970685252689264,1.0,0.5925107460897749,0.3638178643767461,0.6,5.0,6.0,1
76b8b070-b010-4d0d-9dbe-a56d2f8e3f02,172d7aba-b1e9-40bf-b1cb-cf4e91d5184a,0.8647282129011922,0.2,0.0,0.6970685252689264,1.0,0.8526659690466724,0.6328103281975677,0.6,5.0,1.0,1
76b8b070-b010-4d0d-9dbe-a56d2f8e3f02,45cea0cf-acbc-4a1c-ae67-7da156ce4e33,0.8647282129011922,0.2,0.0,0.6970685252689264,0.6,0.44790999008794674,0.8240533460888545,0.3,1.0,5.0,1
76b8b070-b010-4d0d-9dbe-a56d2f8e3f02,6a217f2a-6a27-417d-a68f-a01e2a149c82,0.8647282129011922,0.2,0.0,0.6970685252689264,1.0,0.6505590801619944,0.0878064055229939,0.6,0.0,4.0,0
76b8b070-b010-4d0d-9dbe-a56d2f8e3f02,18d9fc90-579e-4041-988f-c2fa9da7d9f1,0.8647282129011922,0.2,0.0,0.6970685252689264,0.2,0.611318917479668,0.23509193379958115,0.3,2.0,1.0,0
76b8b070-b010-4d0d-9dbe-a56d2f8e3f02,8155e67e-e6b6-4564-9fbc-a422dfbb4728,0.8647282129011922,0.2,0.0,0.6970685252689264,0.2,0.3282195111753295,0.7588859461800079,0.0,1.0,5.0,1
76b8b070-b010-4d0d-9dbe-a56d2f8e3f02,74e91ec2-7e97-4477-a254-e11129eee045,0.8647282129011922,0.2,0.0,0.6970685252689264,1.0,0.4127752338799551,0.9613455666412534,0.3,1.0,6.0,1
76b8b070-b010-4d0d-9dbe-a56d2f8e3f02,b939da7f-028e-4294-87a9-cae844ef2396,0.8647282129011922,0.2,0.0,0.6970685252689264,1.0,0.28159591151234475,0.3654017291850822,1.0,3.0,3.0,0
76b8b070-b010-4d0d-9dbe-a56d2f8e3f02,34aadaae-a82c-41a6-b6ac-2ab4f11a8047,0.8647282129011922,0.2,0.0,0.6970685252689264,0.2,0.11867463394112543,0.26611592959755015,0.6,0.0,5.0,1
76b8b070-b010-4d0d-9dbe-a56d2f8e3f02,94f447d1-ce40-4abc-9492-1b4fa652cdf8,0.8647282129011922,0.2,0.0,0.6970685252689264,0.2,0.7747992350688047,0.24068147068829215,1.0,2.0,3.0,1
76b8b070-b010-4d0d-9dbe-a56d2f8e3f02,8e97dadb-1a1b-42b9-ab2b-901aa2169415,0.8647282129011922,0.2,0.0,0.6970685252689264,0.6,0.4258214568056816,0.9395878832020562,1.0,2.0,0.0,1
76b8b070-b010-4d0d-9dbe-a56d2f8e3f02,015a673e-67b9-4560-949f-f0f29ba09691,0.8647282129011922,0.2,0.0,0.6970685252689264,0.6,0.772469818793257,0.851704139635052,0.0,4.0,5.0,1
76b8b070-b010-4d0d-9dbe-a56d2f8e3f02,547da744-4911-48fa-9b2f-1b550cf8ac17,0.8647282129011922,0.2,0.0,0.6970685252689264,1.0,0.45632620168229077,0.11858678619598295,1.0,2.0,2.0,1
76b8b070-b010-4d0d-9dbe-a56d2f8e3f02,4590aaee-b789-46de-a082-c6807a962ec2,0.8647282129011922,0.2,0.0,0.6970685252689264,1.0,0.9792453221449127,0.1694110619506124,1.0,0.0,5.0,1
76b8b070-b010-4d0d-9dbe-a56d2f8e3f02,225af4bb-7dea-491a-b6ce-984e91ad99bf,0.8647282129011922,0.2,0.0,0.6970685252689264,0.2,0.954287099322196,0.3931698082459284,0.3,3.0,6.0,0
76b8b070-b010-4d0d-9dbe-a56d2f8e3f02,a26f3aa1-8131-40eb-8610-e57f92d60b1d,0.8647282129011922,0.2,0.0,0.6970685252689264,0.6,0.5405955324673002,0.22788898669340596,0.3,0.0,5.0,1
76b8b070-b010-4d0d-9dbe-a56d2f8e3f02,2e56c0c7-a2d4-4606-8362-ead47ba989cf,0.8647282129011922,0.2,0.0,0.6970685252689264,1.0,0.9838404823093492,0.5555768002260758,0.0,1.0,5.0,0
76b8b070-b010-4d0d-9dbe-a56d2f8e3f02,31a8a011-26d9-417f-9acd-2dc1aa620cb1,0.8647282129011922,0.2,0.0,0.6970685252689264,0.6,0.8578772412513512,0.31368145278296056,0.6,5.0,1.0,1
76b8b070-b010-4d0d-9dbe-a56d2f8e3f02,e33220eb-1aa5-4702-8b7f-82096cbf244c,0.8647282129011922,0.2,0.0,0.6970685252689264,0.2,0.8045091416614435,0.9303962480539164,0.0,3.0,4.0,0
76b8b070-b010-4d0d-9dbe-a56d2f8e3f02,b008e459-aec4-4940-b0b0-b9521473a99b,0.8647282129011922,0.2,0.0,0.6970685252689264,0.2,0.8465976222683373,0.22635650862391665,1.0,1.0,4.0,1
76b8b070-b010-4d0d-9dbe-a56d2f8e3f02,3ddfda87-b4e3-4c16-8683-a4523f15acf2,0.8647282129011922,0.2,0.0,0.6970685252689264,1.0,0.9807055615364045,0.6381156208224877,0.3,0.0,4.0,0
76b8b070-b010-4d0d-9dbe-a56d2f8e3f02,69f0bb17-25d2-40ca-9934-1d66d65b38ec,0.8647282129011922,0.2,0.0,0.6970685252689264,1.0,0.5123580186270776,0.31857910523425825,0.6,1.0,4.0,0
76b8b070-b010-4d0d-9dbe-a56d2f8e3f02,84c440d3-55ef-46aa-abeb-ca96e8632be9,0.8647282129011922,0.2,0.0,0.6970685252689264,0.6,0.5539423499120992,0.05768859541460958,0.6,2.0,1.0,0
76b8b070-b010-4d0d-9dbe-a56d2f8e3f02,ad581338-27d8-4935-86c9-5f785bf435c2,0.8647282129011922,0.2,0.0,0.6970685252689264,1.0,0.3943185155107163,0.2811618959132587,0.3,2.0,0.0,0
76b8b070-b010-4d0d-9dbe-a56d2f8e3f02,319d65cc-35fb-4fd2-8d36-0aaeae8c1599,0.8647282129011922,0.2,0.0,0.6970685252689264,0.2,0.3492163442071033,0.6358648613159886,0.3,5.0,1.0,1
76b8b070-b010-4d0d-9dbe-a56d2f8e3f02,be7b953b-bf68-42e7-957e-b6f8f29af69d,0.8647282129011922,0.2,0.0,0.6970685252689264,1.0,0.6945243897343877,0.4669732371344246,1.0,5.0,4.0,1
76b8b070-b010-4d0d-9dbe-a56d2f8e3f02,723b0875-2f5c-406d-91ef-1ef6768c21e1,0.8647282129011922,0.2,0.0,0.6970685252689264,0.6,0.5865033881557733,0.9546606431143135,0.6,2.0,1.0,1
76b8b070-b010-4d0d-9dbe-a56d2f8e3f02,c1dad211-ef14-4930-9fde-65d8d01eb8a2,0.8647282129011922,0.2,0.0,0.6970685252689264,1.0,0.2775989588417923,0.19963019650413683,0.3,3.0,3.0,1
76b8b070-b010-4d0d-9dbe-a56d2f8e3f02,547da744-4911-48fa-9b2f-1b550cf8ac17,0.8647282129011922,0.2,0.0,0.6970685252689264,1.0,0.45632620168229077,0.11858678619598295,1.0,4.0,3.0,1
76b8b070-b010-4d0d-9dbe-a56d2f8e3f02,5c628898-abde-4c5b-8dc9-253bfab0c323,0.8647282129011922,0.2,0.0,0.6970685252689264,0.6,0.29562602483866546,0.8882279982692427,0.3,1.0,2.0,0
76b8b070-b010-4d0d-9dbe-a56d2f8e3f02,3ddfda87-b4e3-4c16-8683-a4523f15acf2,0.8647282129011922,0.2,0.0,0.6970685252689264,1.0,0.9807055615364045,0.6381156208224877,0.3,4.0,1.0,1
76b8b070-b010-4d0d-9dbe-a56d2f8e3f02,0b680785-5c4e-4ff3-90da-a95bdb6ddea3,0.8647282129011922,0.2,0.0,0.6970685252689264,1.0,0.9476882864447816,0.37902629176285674,0.0,2.0,1.0,0
76b8b070-b010-4d0d-9dbe-a56d2f8e3f02,2f2c32fa-6e32-4764-b476-b6f9b3cc5cd7,0.8647282129011922,0.2,0.0,0.6970685252689264,0.2,0.13396258547827183,0.29306867008666404,0.0,2.0,1.0,0
76b8b070-b010-4d0d-9dbe-a56d2f8e3f02,90e0e36e-2a3f-4349-b92f-d283a363e309,0.8647282129011922,0.2,0.0,0.6970685252689264,0.6,0.37903438078382046,0.7659731746919894,0.6,4.0,2.0,0
76b8b070-b010-4d0d-9dbe-a56d2f8e3f02,9ba51c49-9d6a-423a-905e-593237ec3ec2,0.8647282129011922,0.2,0.0,0.6970685252689264,0.2,0.5056427924137512,0.14164644156570538,1.0,5.0,6.0,1
76b8b070-b010-4d0d-9dbe-a56d2f8e3f02,290546aa-9a27-44b0-96cf-1cbe5de0ac63,0.8647282129011922,0.2,0.0,0.6970685252689264,0.2,0.8840031953521331,0.909469052204089,0.3,2.0,2.0,1
76b8b070-b010-4d0d-9dbe-a56d2f8e3f02,b08c5e45-1706-4711-993f-50cbf58e2335,0.8647282129011922,0.2,0.0,0.6970685252689264,0.6,0.7901117853804409,0.22604311984039915,0.0,3.0,2.0,1
76b8b070-b010-4d0d-9dbe-a56d2f8e3f02,f99793e2-bf1f-4652-b717-b380cf1b82d9,0.8647282129011922,0.2,0.0,0.6970685252689264,1.0,0.3478973552809047,0.15349034844890785,0.0,4.0,1.0,0
76b8b070-b010-4d0d-9dbe-a56d2f8e3f02,09a8b01c-9886-431b-860f-484d959f9fd8,0.8647282129011922,0.2,0.0,0.6970685252689264,0.2,0.7949409365509817,0.650881327422057,0.0,2.0,1.0,0
8511f14a-b5c5-4711-8bf4-62dec7b0771f,7e095f22-5248-4ba3-b91c-aefd7470fd6a,0.3669814593222341,0.6,3.0,0.6511756655440153,0.6,0.520298671705361,0.6766771512956176,0.3,2.0,2.0,0
8511f14a-b5c5-4711-8bf4-62dec7b0771f,5145c478-0b39-4ab7-a906-e1b9735ba3ce,0.3669814593222341,0.6,3.0,0.6511756655440153,0.6,0.8786936977058606,0.9587100682359623,1.0,5.0,3.0,1
8511f14a-b5c5-4711-8bf4-62dec7b0771f,0b680785-5c4e-4ff3-90da-a95bdb6ddea3,0.3669814593222341,0.6,3.0,0.6511756655440153,1.0,0.9476882864447816,0.37902629176285674,0.0,4.0,4.0,1
8511f14a-b5c5-4711-8bf4-62dec7b0771f,5b598b97-310b-48b1-a31c-086e59102b7b,0.3669814593222341,0.6,3.0,0.6511756655440153,0.2,0.7003193052156396,0.8859898883469448,0.0,3.0,5.0,0
8511f14a-b5c5-4711-8bf4-62dec7b0771f,bc2b645f-2327-4ce9-a2d2-c4dfb4c037a4,0.3669814593222341,0.6,3.0,0.6511756655440153,0.6,0.565732669170513,0.9898859782322003,1.0,3.0,4.0,0
8511f14a-b5c5-4711-8bf4-62dec7b0771f,d91ea030-edc5-4199-b235-b4f2746330e6,0.3669814593222341,0.6,3.0,0.6511756655440153,1.0,0.7413528687367448,0.2371548448306322,0.6,0.0,0.0,0
8511f14a-b5c5-4711-8bf4-62dec7b0771f,172d7aba-b1e9-40bf-b1cb-cf4e91d5184a,0.3669814593222341,0.6,3.0,0.6511756655440153,1.0,0.8526659690466724,0.6328103281975677,0.6,2.0,6.0,0
8511f14a-b5c5-4711-8bf4-62dec7b0771f,d62328c7-3c09-4bff-896a-238934dcedc8,0.3669814593222341,0.6,3.0,0.6511756655440153,0.2,0.5544033125310288,0.572254789610878,1.0,0.0,2.0,0
8511f14a-b5c5-4711-8bf4-62dec7b0771f,b7f3f687-720d-4c2e-b765-833d1f628763,0.3669814593222341,0.6,3.0,0.6511756655440153,0.6,0.5040757896213439,0.7654432929579714,0.6,3.0,5.0,0
8511f14a-b5c5-4711-8bf4-62dec7b0771f,f4511c0e-1907-4564-85be-6208646f9403,0.3669814593222341,0.6,3.0,0.6511756655440153,0.6,0.9737144331912416,0.8489993802384885,0.3,4.0,5.0,0
8511f14a-b5c5-4711-8bf4-62dec7b0771f,4df46fb7-f407-42f6-a653-9d8438903f61,0.3669814593222341,0.6,3.0,0.6511756655440153,1.0,0.9723558352169928,0.2356344975085155,1.0,3.0,3.0,1
8511f14a-b5c5-4711-8bf4-62dec7b0771f,ad90952f-caf0-425d-8039-7263f702df91,0.3669814593222341,0.6,3.0,0.6511756655440153,0.2,0.9254823202465832,0.36840241779614114,0.0,1.0,2.0,0
8511f14a-b5c5-4711-8bf4-62dec7b0771f,1f8de1f5-f4a5-410b-85f9-a2177b221fd0,0.3669814593222341,0.6,3.0,0.6511756655440153,0.2,0.9355406398663405,0.9993664824422813,1.0,4.0,5.0,1
8511f14a-b5c5-4711-8bf4-62dec7b0771f,1e4deb48-10af-482d-89be-a40b3cfa6237,0.3669814593222341,0.6,3.0,0.6511756655440153,0.2,0.45812006017454143,0.5670116153989458,0.0,0.0,2.0,0
8511f14a-b5c5-4711-8bf4-62dec7b0771f,7cae5725-f4a7-4615-ab21-00fad572f2f3,0.3669814593222341,0.6,3.0,0.6511756655440153,1.0,0.8991240703271256,0.15308566915688449,0.3,3.0,3.0,0
8511f14a-b5c5-4711-8bf4-62dec7b0771f,2ab0f7b1-b672-4fd3-bf9d-b9435c307791,0.3669814593222341,0.6,3.0,0.6511756655440153,0.6,0.4930337984475558,0.8483250712740258,0.6,3.0,2.0,1
8511f14a-b5c5-4711-8bf4-62dec7b0771f,6e8ca283-10c7-434c-826a-837f38ec5444,0.3669814593222341,0.6,3.0,0.6511756655440153,0.2,0.6513768543337128,0.6342982912007427,1.0,1.0,6.0,1
8511f14a-b5c5-4711-8bf4-62dec7b0771f,79cb3b8e-aafa-418e-97aa-f7fdcb3d6c58,0.3669814593222341,0.6,3.0,0.6511756655440153,0.2,0.3730266808058288,0.7752357696427774,0.3,4.0,1.0,0
8511f14a-b5c5-4711-8bf4-62dec7b0771f,1448df8a-d98e-4341-b986-a8f8b8a384c2,0.3669814593222341,0.6,3.0,0.6511756655440153,1.0,0.1288249955168966,0.3673497152563451,0.6,2.0,0.0,1
8511f14a-b5c5-4711-8bf4-62dec7b0771f,01fe4a49-c1a0-4cc3-8dc8-8402e6b11064,0.3669814593222341,0.6,3.0,0.6511756655440153,1.0,0.6879754206461195,0.49287097672138225,0.3,4.0,2.0,0
8511f14a-b5c5-4711-8bf4-62dec7b0771f,4eda28e3-9d9e-4f06-badb-0cb04245ce38,0.3669814593222341,0.6,3.0,0.6511756655440153,0.6,0.2524816678776829,0.7419096525240588,0.6,5.0,1.0,0
8511f14a-b5c5-4711-8bf4-62dec7b0771f,6194ece5-783c-4da7-bdc5-d5536c904afd,0.3669814593222341,0.6,3.0,0.6511756655440153,0.6,0.6048572623235224,0.928472011746639,0.3,4.0,6.0,0
8511f14a-b5c5-4711-8bf4-62dec7b0771f,122cf437-7436-42ed-ba9f-fd1238cad94f,0.3669814593222341,0.6,3.0,0.6511756655440153,0.6,0.7296624097080157,0.24684751428984442,0.6,4.0,5.0,1
8511f14a-b5c5-4711-8bf4-62dec7b0771f,b1ef27f4-c212-4d80-95b3-1ccfcccee40b,0.3669814593222341,0.6,3.0,0.6511756655440153,1.0,0.273179116013828,0.9075422104826739,1.0,4.0,6.0,0
8511f14a-b5c5-4711-8bf4-62dec7b0771f,160450d5-9356-496d-a71d-78413a2828c7,0.3669814593222341,0.6,3.0,0.6511756655440153,0.2,0.6437789001540966,0.8506322574276396,1.0,4.0,2.0,0
8511f14a-b5c5-4711-8bf4-62dec7b0771f,d879a756-cb6b-4026-a00a-656051801b5f,0.3669814593222341,0.6,3.0,0.6511756655440153,1.0,0.19670829855613808,0.6495454402345533,1.0,0.0,6.0,0
8511f14a-b5c5-4711-8bf4-62dec7b0771f,72e21539-04f0-470f-b69d-9a418f7ff37b,0.3669814593222341,0.6,3.0,0.6511756655440153,0.2,0.6144010067276086,0.8682015664155024,0.6,4.0,4.0,1
8511f14a-b5c5-4711-8bf4-62dec7b0771f,8d5761d4-efd9-4f9b-a561-e385778a1505,0.3669814593222341,0.6,3.0,0.6511756655440153,0.2,0.5667301021003356,0.19240837052962323,0.3,0.0,6.0,0
8511f14a-b5c5-4711-8bf4-62dec7b0771f,1f8de1f5-f4a5-410b-85f9-a2177b221fd0,0.3669814593222341,0.6,3.0,0.6511756655440153,0.2,0.9355406398663405,0.9993664824422813,1.0,1.0,6.0,1
8511f14a-b5c5-4711-8bf4-62dec7b0771f,e8099b2a-0582-4c26-a562-02489ef37a4d,0.3669814593222341,0.6,3.0,0.6511756655440153,1.0,0.5135230437741315,0.3765636685032894,1.0,4.0,3.0,1
8511f14a-b5c5-4711-8bf4-62dec7b0771f,bbaf1fa3-f0d2-4cf1-a007-2ff9a73a4732,0.3669814593222341,0.6,3.0,0.6511756655440153,0.6,0.943547710035929,0.4668619140050845,1.0,3.0,2.0,1
8511f14a-b5c5-4711-8bf4-62dec7b0771f,059f7915-4179-4fab-ab9a-979f2ce6e218,0.3669814593222341,0.6,3.0,0.6511756655440153,1.0,0.9507761192432672,0.14440395180459542,0.6,5.0,3.0,0
8511f14a-b5c5-4711-8bf4-62dec7b0771f,b61ea83c-607e-45d0-8e7b-1b85dc0719bf,0.3669814593222341,0.6,3.0,0.6511756655440153,0.2,0.48020855047645894,0.4947416007255965,1.0,1.0,5.0,1
8511f14a-b5c5-4711-8bf4-62dec7b0771f,87a7aeb8-bf34-460e-bb3c-fbe35cf1ef81,0.3669814593222341,0.6,3.0,0.6511756655440153,1.0,0.7885085605778664,0.825897641598029,0.6,5.0,5.0,1
8511f14a-b5c5-4711-8bf4-62dec7b0771f,4a47a28f-ebfe-4e2c-b5a5-219b771c2344,0.3669814593222341,0.6,3.0,0.6511756655440153,1.0,0.886582543106834,0.6746693780314743,0.3,0.0,5.0,1
8511f14a-b5c5-4711-8bf4-62dec7b0771f,9f7ae8c9-dc90-4236-adb6-2109245d9021,0.3669814593222341,0.6,3.0,0.6511756655440153,0.6,0.8963101399292399,0.12506351553810924,0.0,3.0,5.0,0
8511f14a-b5c5-4711-8bf4-62dec7b0771f,b404278c-bd4e-43f3-b805-2473f7c0eb3d,0.3669814593222341,0.6,3.0,0.6511756655440153,0.6,0.2463507248368063,0.8830515088702483,0.3,3.0,1.0,0
8511f14a-b5c5-4711-8bf4-62dec7b0771f,6194ece5-783c-4da7-bdc5-d5536c904afd,0.3669814593222341,0.6,3.0,0.6511756655440153,0.6,0.6048572623235224,0.928472011746639,0.3,2.0,6.0,1
8511f14a-b5c5-4711-8bf4-62dec7b0771f,4eda28e3-9d9e-4f06-badb-0cb04245ce38,0.3669814593222341,0.6,3.0,0.6511756655440153,0.6,0.2524816678776829,0.7419096525240588,0.6,1.0,5.0,1
8511f14a-b5c5-4711-8bf4-62dec7b0771f,45cea0cf-acbc-4a1c-ae67-7da156ce4e33,0.3669814593222341,0.6,3.0,0.6511756655440153,0.6,0.44790999008794674,0.8240533460888545,0.3,3.0,3.0,0
ac0f1065-d7e0-4ec9-b301-0cc0e20966b5,0c914be4-9a3f-42b1-9a0d-7b75e4458ea2,0.35257517863455257,1.0,8.0,0.8135184786849927,0.2,0.6120270413649967,0.8895054166969376,0.3,4.0,4.0,1
ac0f1065-d7e0-4ec9-b301-0cc0e20966b5,b9085332-b2b1-4b72-8021-b3b81398ce92,0.35257517863455257,1.0,8.0,0.8135184786849927,0.6,0.33544730729888195,0.5880404702366536,0.6,2.0,6.0,0
ac0f1065-d7e0-4ec9-b301-0cc0e20966b5,e02821d5-6c11-48d3-9e5a-ab797cf10dfd,0.35257517863455257,1.0,8.0,0.8135184786849927,0.2,0.30278131508958317,0.8518530351666224,0.6,4.0,2.0,1
ac0f1065-d7e0-4ec9-b301-0cc0e20966b5,e8df6458-6771-4ac9-9072-87c3e1750d40,0.35257517863455257,1.0,8.0,0.8135184786849927,0.2,0.43364799363262085,0.28863566461256474,0.0,4.0,5.0,1
ac0f1065-d7e0-4ec9-b301-0cc0e20966b5,8a2b6b58-3f67-4179-b80b-643dade73512,0.35257517863455257,1.0,8.0,0.8135184786849927,0.6,0.31611651735255464,0.7525389528715243,1.0,3.0,5.0,1
ac0f1065-d7e0-4ec9-b301-0cc0e20966b5,965ef1a3-f422-4510-af75-d3f89e3642dd,0.35257517863455257,1.0,8.0,0.8135184786849927,1.0,0.4273005359792914,0.6938722867459519,0.6,1.0,3.0,0
ac0f1065-d7e0-4ec9-b301-0cc0e20966b5,bcc862ed-ee8c-4519-bd6f-df3684168181,0.35257517863455257,1.0,8.0,0.8135184786849927,1.0,0.9327717807626915,0.3397410335113047,0.3,2.0,0.0,1
ac0f1065-d7e0-4ec9-b301-0cc0e20966b5,9ba51c49-9d6a-423a-905e-593237ec3ec2,0.35257517863455257,1.0,8.0,0.8135184786849927,0.2,0.5056427924137512,0.14164644156570538,1.0,3.0,3.0,1
ac0f1065-d7e0-4ec9-b301-0cc0e20966b5,15ffb6f4-0363-4611-afec-93fefe2ffd83,0.35257517863455257,1.0,8.0,0.8135184786849927,0.2,0.9223427256162328,0.7798431272433336,0.3,2.0,1.0,1
ac0f1065-d7e0-4ec9-b301-0cc0e20966b5,773cb37f-03e9-462d-9f7c-bb397a470391,0.35257517863455257,1.0,8.0,0.8135184786849927,1.0,0.138085119243381,0.17870489763614517,0.6,1.0,5.0,1
ac0f1065-d7e0-4ec9-b301-0cc0e20966b5,4c734813-4a8a-4ce6-81e5-fc4a2a5db3a2,0.35257517863455257,1.0,8.0,0.8135184786849927,0.6,0.10056769438917118,0.5730262898413426,0.3,0.0,5.0,1
ac0f1065-d7e0-4ec9-b301-0cc0e20966b5,b76881f6-7f27-4c43-8ef9-41162752919f,0.35257517863455257,1.0,8.0,0.8135184786849927,1.0,0.440401152269174,0.05205596231391263,0.0,5.0,0.0,0
ac0f1065-d7e0-4ec9-b301-0cc0e20966b5,df3f8908-754b-4f66-b4a5-0f54f1bbdef1,0.35257517863455257,1.0,8.0,0.8135184786849927,0.2,0.9006532918063022,0.624832175706485,0.6,5.0,4.0,0
ac0f1065-d7e0-4ec9-b301-0cc0e20966b5,2270dcd6-f4ba-4acf-b863-271ea249c419,0.35257517863455257,1.0,8.0,0.8135184786849927,0.6,0.888509462672205,0.11768090665028597,0.0,2.0,1.0,0
ac0f1065-d7e0-4ec9-b301-0cc0e20966b5,e78aa463-4c6f-47dc-a5bb-968ac81532c7,0.35257517863455257,1.0,8.0,0.8135184786849927,0.6,0.961259998425001,0.14413543131777729,0.6,5.0,5.0,1
ac0f1065-d7e0-4ec9-b301-0cc0e20966b5,ad90952f-caf0-425d-8039-7263f702df91,0.35257517863455257,1.0,8.0,0.8135184786849927,0.2,0.9254823202465832,0.36840241779614114,0.0,1.0,6.0,0
ac0f1065-d7e0-4ec9-b301-0cc0e20966b5,4fdb3305-ba7f-45fd-908f-aee1f36874a7,0.35257517863455257,1.0,8.0,0.8135184786849927,0.2,0.9186809012161644,0.8525202868433427,1.0,0.0,5.0,0
ac0f1065-d7e0-4ec9-b301-0cc0e20966b5,d05c6a73-7fda-4aba-88c3-900cedb6b9a6,0.35257517863455257,1.0,8.0,0.8135184786849927,0.6,0.37465691625557584,0.04502897108590176,0.0,0.0,2.0,0
ac0f1065-d7e0-4ec9-b301-0cc0e20966b5,8618c927-9c33-4057-8bfe-9828bd93601a,0.35257517863455257,1.0,8.0,0.8135184786849927,0.6,0.22804722680585615,0.021203888490483047,0.6,5.0,0.0,0
ac0f1065-d7e0-4ec9-b301-0cc0e20966b5,b939da7f-028e-4294-87a9-cae844ef2396,0.35257517863455257,1.0,8.0,0.8135184786849927,1.0,0.28159591151234475,0.3654017291850822,1.0,4.0,6.0,0
ac0f1065-d7e0-4ec9-b301-0cc0e20966b5,f4511c0e-1907-4564-85be-6208646f9403,0.35257517863455257,1.0,8.0,0.8135184786849927,0.6,0.9737144331912416,0.8489993802384885,0.3,0.0,4.0,0
ac0f1065-d7e0-4ec9-b301-0cc0e20966b5,06deada8-30c5-413b-9c3c-714dac3f16dc,0.35257517863455257,1.0,8.0,0.8135184786849927,1.0,0.35763710304451657,0.8208832504363414,1.0,4.0,5.0,1
ac0f1065-d7e0-4ec9-b301-0cc0e20966b5,6a40cbad-655b-4606-9b92-d053c779e9a1,0.35257517863455257,1.0,8.0,0.8135184786849927,0.2,0.7251468800412657,0.941344002350994,0.0,0.0,4.0,0
ac0f1065-d7e0-4ec9-b301-0cc0e20966b5,3fb0a35d-d0bf-4534-9f63-995064c4e8af,0.35257517863455257,1.0,8.0,0.8135184786849927,0.2,0.4877773325800844,0.17627426660923395,0.3,1.0,5.0,0
ac0f1065-d7e0-4ec9-b301-0cc0e20966b5,775861d5-545e-4ddf-b332-3aabb9bd0e76,0.35257517863455257,1.0,8.0,0.8135184786849927,1.0,0.8513642364331833,0.05300666587800451,0.6,3.0,3.0,0
ac0f1065-d7e0-4ec9-b301-0cc0e20966b5,b08c5e45-1706-4711-993f-50cbf58e2335,0.35257517863455257,1.0,8.0,0.8135184786849927,0.6,0.7901117853804409,0.22604311984039915,0.0,3.0,3.0,1
ac0f1065-d7e0-4ec9-b301-0cc0e20966b5,1e0eed17-c905-405d-992d-8f226b5d3e6b,0.35257517863455257,1.0,8.0,0.8135184786849927,0.6,0.4397816989523534,0.9351795022685058,0.0,4.0,3.0,1
ac0f1065-d7e0-4ec9-b301-0cc0e20966b5,c2aa2f4b-31d0-4751-b78b-9bc94a917dd3,0.35257517863455257,1.0,8.0,0.8135184786849927,0.2,0.9632839642542039,0.47862263242291936,0.3,5.0,4.0,0
ac0f1065-d7e0-4ec9-b301-0cc0e20966b5,3ddfda87-b4e3-4c16-8683-a4523f15acf2,0.35257517863455257,1.0,8.0,0.8135184786849927,1.0,0.9807055615364045,0.6381156208224877,0.3,4.0,1.0,1
ac0f1065-d7e0-4ec9-b301-0cc0e20966b5,042f11d0-6ddd-4561-8c2c-5e00545a621e,0.35257517863455257,1.0,8.0,0.8135184786849927,1.0,0.7872798003899497,0.9285445017428434,0.6,5.0,1.0,0
ac0f1065-d7e0-4ec9-b301-0cc0e20966b5,e02821d5-6c11-48d3-9e5a-ab797cf10dfd,0.35257517863455257,1.0,8.0,0.8135184786849927,0.2,0.30278131508958317,0.8518530351666224,0.6,0.0,4.0,1
ac0f1065-d7e0-4ec9-b301-0cc0e20966b5,686e3aa2-fafa-49b8-ae04-90315babb1d4,0.35257517863455257,1.0,8.0,0.8135184786849927,0.2,0.2485402182633587,0.3567460645487345,1.0,5.0,1.0,1
ac0f1065-d7e0-4ec9-b301-0cc0e20966b5,ad90952f-caf0-425d-8039-7263f702df91,0.35257517863455257,1.0,8.0,0.8135184786849927,0.2,0.9254823202465832,0.36840241779614114,0.0,4.0,5.0,1
ac0f1065-d7e0-4ec9-b301-0cc0e20966b5,e8df6458-6771-4ac9-9072-87c3e1750d40,0.35257517863455257,1.0,8.0,0.8135184786849927,0.2,0.43364799363262085,0.28863566461256474,0.0,0.0,2.0,1
ac0f1065-d7e0-4ec9-b301-0cc0e20966b5,01fe4a49-c1a0-4cc3-8dc8-8402e6b11064,0.35257517863455257,1.0,8.0,0.8135184786849927,1.0,0.6879754206461195,0.49287097672138225,0.3,4.0,4.0,0
ac0f1065-d7e0-4ec9-b301-0cc0e20966b5,f32bd05f-f328-4f1a-be52-e7eeae8d75e8,0.35257517863455257,1.0,8.0,0.8135184786849927,1.0,0.7522989076063284,0.09818661644669102,0.3,2.0,0.0,1
ac0f1065-d7e0-4ec9-b301-0cc0e20966b5,f62e1330-1cf0-425f-9f10-6ddf9042abcd,0.35257517863455257,1.0,8.0,0.8135184786849927,1.0,0.9321622696421319,0.2356252848280802,1.0,4.0,3.0,0
ac0f1065-d7e0-4ec9-b301-0cc0e20966b5,b939da7f-028e-4294-87a9-cae844ef2396,0.35257517863455257,1.0,8.0,0.8135184786849927,1.0,0.28159591151234475,0.3654017291850822,1.0,3.0,6.0,0
ac0f1065-d7e0-4ec9-b301-0cc0e20966b5,34aadaae-a82c-41a6-b6ac-2ab4f11a8047,0.35257517863455257,1.0,8.0,0.8135184786849927,0.2,0.11867463394112543,0.26611592959755015,0.6,2.0,3.0,1
ac0f1065-d7e0-4ec9-b301-0cc0e20966b5,768074f2-fa60-4a87-b7e9-0fe45c042ba8,0.35257517863455257,1.0,8.0,0.8135184786849927,0.6,0.44816631031351084,0.885378023796285,0.0,2.0,3.0,1
3044b9a1-ab82-40e0-8583-b073f54b40ab,78c12d9f-999b-460d-b319-9bd7627866b0,0.3174524003574616,1.0,3.0,0.8222335089403461,0.2,0.5225456025796394,0.35235373770664025,0.3,0.0,1.0,1
3044b9a1-ab82-40e0-8583-b073f54b40ab,b8a59f9c-9152-4e9d-9227-81b450029be0,0.3174524003574616,1.0,3.0,0.8222335089403461,0.2,0.9082416607735994,0.8438860705844703,1.0,0.0,5.0,1
3044b9a1-ab82-40e0-8583-b073f54b40ab,35fc8989-8da0-422f-a619-1517d94a5ef1,0.3174524003574616,1.0,3.0,0.8222335089403461,0.6,0.53636942704019,0.22090661672949963,1.0,4.0,3.0,0
3044b9a1-ab82-40e0-8583-b073f54b40ab,d1505a61-3c3b-4c86-a8ae-c4ab1a296525,0.3174524003574616,1.0,3.0,0.8222335089403461,1.0,0.5383907575441277,0.2096336099684688,0.6,4.0,5.0,0
3044b9a1-ab82-40e0-8583-b073f54b40ab,b1ef27f4-c212-4d80-95b3-1ccfcccee40b,0.3174524003574616,1.0,3.0,0.8222335089403461,1.0,0.273179116013828,0.9075422104826739,1.0,3.0,2.0,0
3044b9a1-ab82-40e0-8583-b073f54b40ab,9ba51c49-9d6a-423a-905e-593237ec3ec2,0.3174524003574616,1.0,3.0,0.8222335089403461,0.2,0.5056427924137512,0.14164644156570538,1.0,2.0,0.0,0
3044b9a1-ab82-40e0-8583-b073f54b40ab,85ca56ac-d00f-4985-9a10-09bdbdcf0764,0.3174524003574616,1.0,3.0,0.8222335089403461,1.0,0.7672921606674585,0.4762417440869502,0.3,0.0,4.0,1
3044b9a1-ab82-40e0-8583-b073f54b40ab,3586835a-4f05-4964-8ca1-2138cebf95a6,0.3174524003574616,1.0,3.0,0.8222335089403461,1.0,0.6521758610516846,0.9475221766685487,0.0,4.0,2.0,0
3044b9a1-ab82-40e0-8583-b073f54b40ab,b7f3f687-720d-4c2e-b765-833d1f628763,0.3174524003574616,1.0,3.0,0.8222335089403461,0.6,0.5040757896213439,0.7654432929579714,0.6,2.0,4.0,1
3044b9a1-ab82-40e0-8583-b073f54b40ab,c1dad211-ef14-4930-9fde-65d8d01eb8a2,0.3174524003574616,1.0,3.0,0.8222335089403461,1.0,0.2775989588417923,0.19963019650413683,0.3,4.0,2.0,0
3044b9a1-ab82-40e0-8583-b073f54b40ab,90b5993b-1b5d-4363-8738-1f1566b34091,0.3174524003574616,1.0,3.0,0.8222335089403461,0.2,0.20193175818065728,0.8491249460757495,1.0,4.0,4.0,0
3044b9a1-ab82-40e0-8583-b073f54b40ab,4c734813-4a8a-4ce6-81e5-fc4a2a5db3a2,0.3174524003574616,1.0,3.0,0.8222335089403461,0.6,0.10056769438917118,0.5730262898413426,0.3,4.0,4.0,0
3044b9a1-ab82-40e0-8583-b073f54b40ab,b1ecfa5c-68a1-4a8a-846a-dfb97027e1f6,0.3174524003574616,1.0,3.0,0.8222335089403461,0.6,0.47396075244655456,0.7794108057492125,1.0,1.0,4.0,1
3044b9a1-ab82-40e0-8583-b073f54b40ab,c65f2822-55d3-4e67-b0e3-dcb7ed48c4fc,0.3174524003574616,1.0,3.0,0.8222335089403461,0.2,0.5969201348829377,0.6751594254540361,0.3,0.0,3.0,0
3044b9a1-ab82-40e0-8583-b073f54b40ab,225af4bb-7dea-491a-b6ce-984e91ad99bf,0.3174524003574616,1.0,3.0,0.8222335089403461,0.2,0.954287099322196,0.3931698082459284,0.3,1.0,4.0,0
3044b9a1-ab82-40e0-8583-b073f54b40ab,85f2c72b-1210-493c-bae7-744c4b2353fc,0.3174524003574616,1.0,3.0,0.8222335089403461,0.6,0.5307520434712122,0.17871782093842026,1.0,2.0,4.0,0
3044b9a1-ab82-40e0-8583-b073f54b40ab,e45bd99d-504e-4e64-83b1-c517b6b084cf,0.3174524003574616,1.0,3.0,0.8222335089403461,1.0,0.2973675063752232,0.26685392748809267,0.0,5.0,6.0,1
3044b9a1-ab82-40e0-8583-b073f54b40ab,6720ccab-682e-40ac-9103-5e1a7cedc597,0.3174524003574616,1.0,3.0,0.8222335089403461,1.0,0.34528416725327743,0.5038671262185984,1.0,4.0,0.0,0
3044b9a1-ab82-40e0-8583-b073f54b40ab,2e62bb91-bbcc-427c-86f2-60487a06e1ea,0.3174524003574616,1.0,3.0,0.8222335089403461,0.6,0.9970298553106509,0.5346422845071757,0.3,2.0,1.0,0
3044b9a1-ab82-40e0-8583-b073f54b40ab,b008e459-aec4-4940-b0b0-b9521473a99b,0.3174524003574616,1.0,3.0,0.8222335089403461,0.2,0.8465976222683373,0.22635650862391665,1.0,2.0,1.0,0
3044b9a1-ab82-40e0-8583-b073f54b40ab,9f7ae8c9-dc90-4236-adb6-2109245d9021,0.3174524003574616,1.0,3.0,0.8222335089403461,0.6,0.8963101399292399,0.12506351553810924,0.0,4.0,3.0,1
3044b9a1-ab82-40e0-8583-b073f54b40ab,4ae5516d-8df6-4ce0-a1a2-7fe96b97c4ed,0.3174524003574616,1.0,3.0,0.8222335089403461,0.6,0.7394686693887754,0.3658730909863124,0.3,4.0,5.0,1
3044b9a1-ab82-40e0-8583-b073f54b40ab,2fcb1115-b785-4e53-aef6-79c4dbe42cda,0.3174524003574616,1.0,3.0,0.8222335089403461,0.2,0.9505514578919633,0.7971802886027384,0.6,2.0,1.0,1
3044b9a1-ab82-40e0-8583-b073f54b40ab,34aadaae-a82c-41a6-b6ac-2ab4f11a8047,0.3174524003574616,1.0,3.0,0.8222335089403461,0.2,0.11867463394112543,0.26611592959755015,0.6,0.0,2.0,1
3044b9a1-ab82-40e0-8583-b073f54b40ab,122cf437-7436-42ed-ba9f-fd1238cad94f,0.3174524003574616,1.0,3.0,0.8222335089403461,0.6,0.7296624097080157,0.24684751428984442,0.6,0.0,2.0,1
3044b9a1-ab82-40e0-8583-b073f54b40ab,6720ccab-682e-40ac-9103-5e1a7cedc597,0.3174524003574616,1.0,3.0,0.8222335089403461,1.0,0.34528416725327743,0.5038671262185984,1.0,0.0,0.0,1
3044b9a1-ab82-40e0-8583-b073f54b40ab,e2cc89a7-6e52-40e3-8411-87a3295c8a0e,0.3174524003574616,1.0,3.0,0.8222335089403461,0.2,0.3237254478661281,0.030381800897473776,0.3,2.0,2.0,1
3044b9a1-ab82-40e0-8583-b073f54b40ab,f62e1330-1cf0-425f-9f10-6ddf9042abcd,0.3174524003574616,1.0,3.0,0.8222335089403461,1.0,0.9321622696421319,0.2356252848280802,1.0,5.0,5.0,1
3044b9a1-ab82-40e0-8583-b073f54b40ab,b1ef27f4-c212-4d80-95b3-1ccfcccee40b,0.3174524003574616,1.0,3.0,0.8222335089403461,1.0,0.273179116013828,0.9075422104826739,1.0,2.0,4.0,0
3044b9a1-ab82-40e0-8583-b073f54b40ab,0764c1e1-84c4-4344-814b-56f447356699,0.3174524003574616,1.0,3.0,0.8222335089403461,0.2,0.36478434898577183,0.31372887152086304,0.3,2.0,3.0,0
3044b9a1-ab82-40e0-8583-b073f54b40ab,cf67b867-661f-4761-aa9e-bd64b50cabad,0.3174524003574616,1.0,3.0,0.8222335089403461,0.6,0.9775452477834666,0.8291857681957223,0.6,1.0,5.0,1
3044b9a1-ab82-40e0-8583-b073f54b40ab,97ffd70a-47e9-4398-92a1-d66d4e4e7ac9,0.3174524003574616,1.0,3.0,0.8222335089403461,1.0,0.4738888800802551,0.7582398953411875,1.0,0.0,6.0,0
3044b9a1-ab82-40e0-8583-b073f54b40ab,a7da2f9e-cfe5-4f9b-a2a9-83b121e1b3a8,0.3174524003574616,1.0,3.0,0.8222335089403461,1.0,0.8629090312240775,0.8986309655053686,0.3,1.0,3.0,0
3044b9a1-ab82-40e0-8583-b073f54b40ab,2e56c0c7-a2d4-4606-8362-ead47ba989cf,0.3174524003574616,1.0,3.0,0.8222335089403461,1.0,0.9838404823093492,0.5555768002260758,0.0,2.0,1.0,0
3044b9a1-ab82-40e0-8583-b073f54b40ab,d1505a61-3c3b-4c86-a8ae-c4ab1a296525,0.3174524003574616,1.0,3.0,0.8222335089403461,1.0,0.5383907575441277,0.2096336099684688,0.6,4.0,5.0,1
3044b9a1-ab82-40e0-8583-b073f54b40ab,ff0af660-6a5f-4fd7-b2e1-c43344816514,0.3174524003574616,1.0,3.0,0.8222335089403461,1.0,0.5024161230527904,0.7433967816161681,0.3,5.0,5.0,0
3044b9a1-ab82-40e0-8583-b073f54b40ab,4b297a66-3334-402c-af3b-f9ee2b621b0b,0.3174524003574616,1.0,3.0,0.8222335089403461,0.2,0.16180119098371584,0.2582859429792861,0.0,0.0,0.0,0
3044b9a1-ab82-40e0-8583-b073f54b40ab,c1dad211-ef14-4930-9fde-65d8d01eb8a2,0.3174524003574616,1.0,3.0,0.8222335089403461,1.0,0.2775989588417923,0.19963019650413683,0.3,5.0,1.0,0
3044b9a1-ab82-40e0-8583-b073f54b40ab,1448df8a-d98e-4341-b986-a8f8b8a384c2,0.3174524003574616,1.0,3.0,0.8222335089403461,1.0,0.1288249955168966,0.3673497152563451,0.6,3.0,4.0,0
3044b9a1-ab82-40e0-8583-b073f54b40ab,c0831cb8-2671-4f2e-9498-e74d21da6f33,0.3174524003574616,1.0,3.0,0.8222335089403461,0.2,0.678838712580165,0.49622340240440477,1.0,1.0,5.0,0
2fbc51ff-977a-409b-ae1b-de04bd0bf5e4,df3f8908-754b-4f66-b4a5-0f54f1bbdef1,0.3146360671170394,0.6,3.0,0.6629477860073949,0.2,0.9006532918063022,0.624832175706485,0.6,5.0,3.0,0
2fbc51ff-977a-409b-ae1b-de04bd0bf5e4,6df290df-6194-497e-9997-fd6713e1435f,0.3146360671170394,0.6,3.0,0.6629477860073949,1.0,0.7637061762371852,0.8809980926459479,0.6,3.0,1.0,0
2fbc51ff-977a-409b-ae1b-de04bd0bf5e4,8155e67e-e6b6-4564-9fbc-a422dfbb4728,0.3146360671170394,0.6,3.0,0.6629477860073949,0.2,0.3282195111753295,0.7588859461800079,0.0,3.0,4.0,0
2fbc51ff-977a-409b-ae1b-de04bd0bf5e4,19d3638b-3623-485e-a7a3-bed4ec53eb28,0.3146360671170394,0.6,3.0,0.6629477860073949,0.2,0.22255292506683805,0.2999183439789205,0.0,0.0,2.0,1
2fbc51ff-977a-409b-ae1b-de04bd0bf5e4,78815b00-b8cf-4b53-9b5c-0a0cc08481cf,0.3146360671170394,0.6,3.0,0.6629477860073949,0.6,0.9610158815047943,0.2578843936513069,0.0,3.0,1.0,0
2fbc51ff-977a-409b-ae1b-de04bd0bf5e4,bfa4d06d-4c33-44f5-a582-6f5fc24bfd7f,0.3146360671170394,0.6,3.0,0.6629477860073949,0.2,0.6497798817429743,0.4331009496434778,1.0,0.0,5.0,1
2fbc51ff-977a-409b-ae1b-de04bd0bf5e4,0d91a5c8-4b22-4198-b963-be98907527f4,0.3146360671170394,0.6,3.0,0.6629477860073949,0.2,0.36811976533001634,0.7445398250927052,0.0,5.0,5.0,0
2fbc51ff-977a-409b-ae1b-de04bd0bf5e4,51656879-b9de-4976-b3d5-c8a240739e35,0.3146360671170394,0.6,3.0,0.6629477860073949,0.6,0.12393733137164058,0.5053225155587664,1.0,2.0,4.0,1
2fbc51ff-977a-409b-ae1b-de04bd0bf5e4,8a2b6b58-3f67-4179-b80b-643dade73512,0.3146360671170394,0.6,3.0,0.6629477860073949,0.6,0.31611651735255464,0.7525389528715243,1.0,4.0,3.0,1
2fbc51ff-977a-409b-ae1b-de04bd0bf5e4,e8099b2a-0582-4c26-a562-02489ef37a4d,0.3146360671170394,0.6,3.0,0.6629477860073949,1.0,0.5135230437741315,0.3765636685032894,1.0,0.0,2.0,0
2fbc51ff-977a-409b-ae1b-de04bd0bf5e4,a17bf541-effa-44fe-bb93-e99cb560a113,0.3146360671170394,0.6,3.0,0.6629477860073949,0.6,0.6843407970867683,0.1004271940167254,0.6,2.0,5.0,0
2fbc51ff-977a-409b-ae1b-de04bd0bf5e4,bc2b645f-2327-4ce9-a2d2-c4dfb4c037a4,0.3146360671170394,0.6,3.0,0.6629477860073949,0.6,0.565732669170513,0.9898859782322003,1.0,5.0,1.0,0
2fbc51ff-977a-409b-ae1b-de04bd0bf5e4,c0fc8404-31a2-4e51-8d19-2dec5d8f3a52,0.3146360671170394,0.6,3.0,0.6629477860073949,1.0,0.7233296207802987,0.9797696833559353,1.0,0.0,6.0,1
2fbc51ff-977a-409b-ae1b-de04bd0bf5e4,965ef1a3-f422-4510-af75-d3f89e3642dd,0.3146360671170394,0.6,3.0,0.6629477860073949,1.0,0.4273005359792914,0.6938722867459519,0.6,1.0,6.0,1
2fbc51ff-977a-409b-ae1b-de04bd0bf5e4,d05c6a73-7fda-4aba-88c3-900cedb6b9a6,0.3146360671170394,0.6,3.0,0.6629477860073949,0.6,0.37465691625557584,0.04502897108590176,0.0,3.0,6.0,1
2fbc51ff-977a-409b-ae1b-de04bd0bf5e4,2f70d43e-6f07-4505-9201-cce02cbbe2f9,0.3146360671170394,0.6,3.0,0.6629477860073949,0.2,0.9098855720694773,0.2703699432968346,0.0,2.0,3.0,1
2fbc51ff-977a-409b-ae1b-de04bd0bf5e4,09a8b01c-9886-431b-860f-484d959f9fd8,0.3146360671170394,0.6,3.0,0.6629477860073949,0.2,0.7949409365509817,0.650881327422057,0.0,0.0,5.0,1
2fbc51ff-977a-409b-ae1b-de04bd0bf5e4,d1505a61-3c3b-4c86-a8ae-c4ab1a296525,0.3146360671170394,0.6,3.0,0.6629477860073949,1.0,0.5383907575441277,0.2096336099684688,0.6,5.0,4.0,0
2fbc51ff-977a-409b-ae1b-de04bd0bf5e4,2fd06511-a2df-41a4-b9b8-72ad25edbef7,0.3146360671170394,0.6,3.0,0.6629477860073949,1.0,0.8121414643536927,0.9186858244934103,0.3,3.0,3.0,1
2fbc51ff-977a-409b-ae1b-de04bd0bf5e4,31a8a011-26d9-417f-9acd-2dc1aa620cb1,0.3146360671170394,0.6,3.0,0.6629477860073949,0.6,0.8578772412513512,0.31368145278296056,0.6,0.0,3.0,0
2fbc51ff-977a-409b-ae1b-de04bd0bf5e4,4fdb3305-ba7f-45fd-908f-aee1f36874a7,0.3146360671170394,0.6,3.0,0.6629477860073949,0.2,0.9186809012161644,0.8525202868433427,1.0,1.0,1.0,1
2fbc51ff-977a-409b-ae1b-de04bd0bf5e4,0c914be4-9a3f-42b1-9a0d-7b75e4458ea2,0.3146360671170394,0.6,3.0,0.6629477860073949,0.2,0.6120270413649967,0.8895054166969376,0.3,4.0,3.0,1
2fbc51ff-977a-409b-ae1b-de04bd0bf5e4,b85c5447-3934-4a5f-a2ea-5cf406ba1386,0.3146360671170394,0.6,3.0,0.6629477860073949,0.2,0.7359215878835874,0.20471404262800852,1.0,5.0,4.0,1
2fbc51ff-977a-409b-ae1b-de04bd0bf5e4,4e038b59-7940-4187-89a4-aa8900eb4584,0.3146360671170394,0.6,3.0,0.6629477860073949,0.6,0.8162686834681103,0.09548613580741361,0.3,3.0,5.0,1
2fbc51ff-977a-409b-ae1b-de04bd0bf5e4,78c12d9f-999b-460d-b319-9bd7627866b0,0.3146360671170394,0.6,3.0,0.6629477860073949,0.2,0.5225456025796394,0.35235373770664025,0.3,1.0,6.0,0
2fbc51ff-977a-409b-ae1b-de04bd0bf5e4,a7da2f9e-cfe5-4f9b-a2a9-83b121e1b3a8,0.3146360671170394,0.6,3.0,0.6629477860073949,1.0,0.8629090312240775,0.8986309655053686,0.3,5.0,6.0,0
2fbc51ff-977a-409b-ae1b-de04bd0bf5e4,74e91ec2-7e97-4477-a254-e11129eee045,0.3146360671170394,0.6,3.0,0.6629477860073949,1.0,0.4127752338799551,0.9613455666412534,0.3,3.0,6.0,0
2fbc51ff-977a-409b-ae1b-de04bd0bf5e4,b20bab7d-8fe1-4291-9511-746d551c6381,0.3146360671170394,0.6,3.0,0.6629477860073949,1.0,0.30803403606513613,0.290684856511908,0.0,0.0,6.0,1
2fbc51ff-977a-409b-ae1b-de04bd0bf5e4,0c914be4-9a3f-42b1-9a0d-7b75e4458ea2,0.3146360671170394,0.6,3.0,0.6629477860073949,0.2,0.6120270413649967,0.8895054166969376,0.3,0.0,1.0,0
2fbc51ff-977a-409b-ae1b-de04bd0bf5e4,7d674302-c495-4faa-b60b-2f991e7f10b1,0.3146360671170394,0.6,3.0,0.6629477860073949,0.6,0.6945598719886059,0.6688730857607941,1.0,4.0,4.0,0
2fbc51ff-977a-409b-ae1b-de04bd0bf5e4,45cea0cf-acbc-4a1c-ae67-7da156ce4e33,0.3146360671170394,0.6,3.0,0.6629477860073949,0.6,0.44790999008794674,0.8240533460888545,0.3,4.0,1.0,0
2fbc51ff-977a-409b-ae1b-de04bd0bf5e4,b939da7f-028e-4294-87a9-cae844ef2396,0.3146360671170394,0.6,3.0,0.6629477860073949,1.0,0.28159591151234475,0.3654017291850822,1.0,0.0,4.0,1
2fbc51ff-977a-409b-ae1b-de04bd0bf5e4,fb36e3d1-7446-45e0-9d41-48f394b60fa9,0.3146360671170394,0.6,3.0,0.6629477860073949,0.6,0.6937735815060089,0.32932384475875576,0.0,4.0,5.0,1
2fbc51ff-977a-409b-ae1b-de04bd0bf5e4,b939da7f-028e-4294-87a9-cae844ef2396,0.3146360671170394,0.6,3.0,0.6629477860073949,1.0,0.28159591151234475,0.3654017291850822,1.0,3.0,1.0,0
2fbc51ff-977a-409b-ae1b-de04bd0bf5e4,4b297a66-3334-402c-af3b-f9ee2b621b0b,0.3146360671170394,0.6,3.0,0.6629477860073949,0.2,0.16180119098371584,0.2582859429792861,0.0,5.0,3.0,0
2fbc51ff-977a-409b-ae1b-de04bd0bf5e4,a86f1d29-fc0a-43b2-a5f5-1c81ea61e113,0.3146360671170394,0.6,3.0,0.6629477860073949,0.2,0.5459412758711781,0.9929580634194145,0.6,2.0,5.0,0
2fbc51ff-977a-409b-ae1b-de04bd0bf5e4,6670ddb8-85fa-45e6-9af6-91adbac350a8,0.3146360671170394,0.6,3.0,0.6629477860073949,1.0,0.5273671033049591,0.12936862090556023,0.0,3.0,0.0,1
2fbc51ff-977a-409b-ae1b-de04bd0bf5e4,6cef895f-06aa-4942-bedd-72fff31eb379,0.3146360671170394,0.6,3.0,0.6629477860073949,0.2,0.8773089936408774,0.6446474280251517,1.0,4.0,3.0,1
2fbc51ff-977a-409b-ae1b-de04bd0bf5e4,299e9ca4-b5a4-4951-88ff-3985383763f0,0.3146360671170394,0.6,3.0,0.6629477860073949,0.2,0.7548560181125934,0.465904244394832,0.6,2.0,3.0,1
2fbc51ff-977a-409b-ae1b-de04bd0bf5e4,768074f2-fa60-4a87-b7e9-0fe45c042ba8,0.3146360671170394,0.6,3.0,0.6629477860073949,0.6,0.44816631031351084,0.885378023796285,0.0,2.0,6.0,0
a973587a-c0ec-4b1d-9d76-e831656209c9,8c822518-d0dc-460d-93c7-d9d033a078ba,0.8502210178849852,1.0,12.0,0.5173235532133018,1.0,0.5475099359609544,0.9553256935848943,1.0,1.0,4.0,0
a973587a-c0ec-4b1d-9d76-e831656209c9,bf54fdb0-6d82-479e-a9d5-78fc64767a17,0.8502210178849852,1.0,12.0,0.5173235532133018,0.2,0.17614837616217327,0.6505421545039386,1.0,0.0,4.0,1
a973587a-c0ec-4b1d-9d76-e831656209c9,50485b49-6f87-4fbb-a6d8-cc894f5ad343,0.8502210178849852,1.0,12.0,0.5173235532133018,0.2,0.489665412099198,0.42118413108785735,0.3,0.0,3.0,1
a973587a-c0ec-4b1d-9d76-e831656209c9,89df2650-7e95-4104-8f42-5cb62ffb481a,0.8502210178849852,1.0,12.0,0.5173235532133018,0.2,0.29630278019401196,0.3424606722909498,0.0,4.0,5.0,0
a973587a-c0ec-4b1d-9d76-e831656209c9,290546aa-9a27-44b0-96cf-1cbe5de0ac63,0.8502210178849852,1.0,12.0,0.5173235532133018,0.2,0.8840031953521331,0.909469052204089,0.3,3.0,3.0,1
a973587a-c0ec-4b1d-9d76-e831656209c9,c0fc8404-31a2-4e51-8d19-2dec5d8f3a52,0.8502210178849852,1.0,12.0,0.5173235532133018,1.0,0.7233296207802987,0.9797696833559353,1.0,2.0,2.0,1
a973587a-c0ec-4b1d-9d76-e831656209c9,ae260348-9d86-49fc-b010-b38655f0aa4c,0.8502210178849852,1.0,12.0,0.5173235532133018,0.6,0.6156726777562007,0.7631540220976764,0.3,5.0,2.0,0
a973587a-c0ec-4b1d-9d76-e831656209c9,bcc862ed-ee8c-4519-bd6f-df3684168181,0.8502210178849852,1.0,12.0,0.5173235532133018,1.0,0.9327717807626915,0.3397410335113047,0.3,2.0,1.0,0
a973587a-c0ec-4b1d-9d76-e831656209c9,6bc2f168-7233-41b6-b378-1e91e4060318,0.8502210178849852,1.0,12.0,0.5173235532133018,0.6,0.8903489988595626,0.4493952204847722,0.6,0.0,3.0,1
a973587a-c0ec-4b1d-9d76-e831656209c9,666c606e-4a7f-4e66-9fac-fbc0339d13f8,0.8502210178849852,1.0,12.0,0.5173235532133018,1.0,0.9652102148867648,0.8330892916579566,0.3,4.0,5.0,0
a973587a-c0ec-4b1d-9d76-e831656209c9,90b5993b-1b5d-4363-8738-1f1566b34091,0.8502210178849852,1.0,12.0,0.5173235532133018,0.2,0.20193175818065728,0.8491249460757495,1.0,2.0,4.0,0
a973587a-c0ec-4b1d-9d76-e831656209c9,29943de0-bf3c-49cd-84da-43ca10216d5a,0.8502210178849852,1.0,12.0,0.5173235532133018,1.0,0.24742902261843305,0.882207830248756,0.0,5.0,0.0,1
a973587a-c0ec-4b1d-9d76-e831656209c9,c1dad211-ef14-4930-9fde-65d8d01eb8a2,0.8502210178849852,1.0,12.0,0.5173235532133018,1.0,0.2775989588417923,0.19963019650413683,0.3,3.0,5.0,0
a973587a-c0ec-4b1d-9d76-e831656209c9,4eda28e3-9d9e-4f06-badb-0cb04245ce38,0.8502210178849852,1.0,12.0,0.5173235532133018,0.6,0.2524816678776829,0.7419096525240588,0.6,3.0,2.0,0
a973587a-c0ec-4b1d-9d76-e831656209c9,2767a00e-73cb-4ec0-8f10-1f2685529dd8,0.8502210178849852,1.0,12.0,0.5173235532133018,0.2,0.14774330715500755,0.17529814661096454,0.3,4.0,4.0,1
a973587a-c0ec-4b1d-9d76-e831656209c9,fc4acfb5-647c-49b2-9c8c-e8b0e4b17239,0.8502210178849852,1.0,12.0,0.5173235532133018,0.6,0.9661698956227394,0.22641288621518874,0.0,2.0,4.0,0
a973587a-c0ec-4b1d-9d76-e831656209c9,a26f3aa1-8131-40eb-8610-e57f92d60b1d,0.8502210178849852,1.0,12.0,0.5173235532133018,0.6,0.5405955324673002,0.22788898669340596,0.3,2.0,6.0,1
a973587a-c0ec-4b1d-9d76-e831656209c9,dfb0809f-a08c-4519-85d0-1f790e6cd5d9,0.8502210178849852,1.0,12.0,0.5173235532133018,1.0,0.12996439027292325,0.8581884567519729,1.0,4.0,3.0,0
a973587a-c0ec-4b1d-9d76-e831656209c9,723b0875-2f5c-406d-91ef-1ef6768c21e1,0.8502210178849852,1.0,12.0,0.5173235532133018,0.6,0.5865033881557733,0.9546606431143135,0.6,5.0,0.0,1
a973587a-c0ec-4b1d-9d76-e831656209c9,4e038b59-7940-4187-89a4-aa8900eb4584,0.8502210178849852,1.0,12.0,0.5173235532133018,0.6,0.8162686834681103,0.09548613580741361,0.3,2.0,5.0,1
a973587a-c0ec-4b1d-9d76-e831656209c9,19e80ef1-4224-4720-a093-1f15d029cdae,0.8502210178849852,1.0,12.0,0.5173235532133018,1.0,0.8175424886601043,0.7192671703216541,0.6,3.0,6.0,1
a973587a-c0ec-4b1d-9d76-e831656209c9,1e4deb48-10af-482d-89be-a40b3cfa6237,0.8502210178849852,1.0,12.0,0.5173235532133018,0.2,0.45812006017454143,0.5670116153989458,0.0,4.0,3.0,1
a973587a-c0ec-4b1d-9d76-e831656209c9,74e91ec2-7e97-4477-a254-e11129eee045,0.8502210178849852,1.0,12.0,0.5173235532133018,1.0,0.4127752338799551,0.9613455666412534,0.3,1.0,1.0,0
a973587a-c0ec-4b1d-9d76-e831656209c9,bbaf1fa3-f0d2-4cf1-a007-2ff9a73a4732,0.8502210178849852,1.0,12.0,0.5173235532133018,0.6,0.943547710035929,0.4668619140050845,1.0,2.0,6.0,1
a973587a-c0ec-4b1d-9d76-e831656209c9,e33220eb-1aa5-4702-8b7f-82096cbf244c,0.8502210178849852,1.0,12.0,0.5173235532133018,0.2,0.8045091416614435,0.9303962480539164,0.0,3.0,4.0,0
a973587a-c0ec-4b1d-9d76-e831656209c9,3e8780dc-c7a9-4934-8e6f-110d379812e4,0.8502210178849852,1.0,12.0,0.5173235532133018,1.0,0.5060570262278341,0.2300402347272693,0.6,3.0,5.0,0
a973587a-c0ec-4b1d-9d76-e831656209c9,897e2fd6-d062-4d6b-8350-be1ff289f7d2,0.8502210178849852,1.0,12.0,0.5173235532133018,1.0,0.27839323550003814,0.5426957391813381,1.0,0.0,2.0,1
a973587a-c0ec-4b1d-9d76-e831656209c9,be7b953b-bf68-42e7-957e-b6f8f29af69d,0.8502210178849852,1.0,12.0,0.5173235532133018,1.0,0.6945243897343877,0.4669732371344246,1.0,4.0,0.0,0
a973587a-c0ec-4b1d-9d76-e831656209c9,85f2c72b-1210-493c-bae7-744c4b2353fc,0.8502210178849852,1.0,12.0,0.5173235532133018,0.6,0.5307520434712122,0.17871782093842026,1.0,3.0,5.0,0
a973587a-c0ec-4b1d-9d76-e831656209c9,c1dad211-ef14-4930-9fde-65d8d01eb8a2,0.8502210178849852,1.0,12.0,0.5173235532133018,1.0,0.2775989588417923,0.19963019650413683,0.3,3.0,3.0,0
a973587a-c0ec-4b1d-9d76-e831656209c9,dbb00897-88a6-4e66-bf2b-d540c730bdb9,0.8502210178849852,1.0,12.0,0.5173235532133018,0.6,0.9518329178984374,0.4047620165937216,0.0,2.0,2.0,0
a973587a-c0ec-4b1d-9d76-e831656209c9,1975da03-cf78-4c90-a916-3660a489f0dc,0.8502210178849852,1.0,12.0,0.5173235532133018,0.6,0.4213481052285838,0.6693330773357604,0.6,1.0,4.0,1
a973587a-c0ec-4b1d-9d76-e831656209c9,5e05eec7-1e62-4d54-96f8-a536e832863a,0.8502210178849852,1.0,12.0,0.5173235532133018,0.2,0.99982637880827,0.7415351340320897,0.0,3.0,6.0,0
a973587a-c0ec-4b1d-9d76-e831656209c9,153d2d46-4437-4840-90a1-e5308394b291,0.8502210178849852,1.0,12.0,0.5173235532133018,0.6,0.8859430875649702,0.004809331333315514,0.6,5.0,5.0,1
a973587a-c0ec-4b1d-9d76-e831656209c9,e78aa463-4c6f-47dc-a5bb-968ac81532c7,0.8502210178849852,1.0,12.0,0.5173235532133018,0.6,0.961259998425001,0.14413543131777729,0.6,5.0,1.0,0
a973587a-c0ec-4b1d-9d76-e831656209c9,be7b953b-bf68-42e7-957e-b6f8f29af69d,0.8502210178849852,1.0,12.0,0.5173235532133018,1.0,0.6945243897343877,0.4669732371344246,1.0,4.0,4.0,0
a973587a-c0ec-4b1d-9d76-e831656209c9,18c8f5c0-62d6-4353-8121-04a82ac26ed8,0.8502210178849852,1.0,12.0,0.5173235532133018,1.0,0.14611128000847454,0.5869443165834576,0.3,5.0,4.0,1
a973587a-c0ec-4b1d-9d76-e831656209c9,15ffb6f4-0363-4611-afec-93fefe2ffd83,0.8502210178849852,1.0,12.0,0.5173235532133018,0.2,0.9223427256162328,0.7798431272433336,0.3,5.0,5.0,1
a973587a-c0ec-4b1d-9d76-e831656209c9,e4db18b0-d91a-4fe4-b05f-eda25f38ea0d,0.8502210178849852,1.0,12.0,0.5173235532133018,0.2,0.5776591949487476,0.19019373944895102,0.3,2.0,5.0,0
a973587a-c0ec-4b1d-9d76-e831656209c9,df3f8908-754b-4f66-b4a5-0f54f1bbdef1,0.8502210178849852,1.0,12.0,0.5173235532133018,0.2,0.9006532918063022,0.624832175706485,0.6,2.0,5.0,1
846d0a03-4b7c-45ec-a0f6-681a19019da2,9fbecf58-4b47-499b-af70-5be883e292d6,0.7005102935346279,0.2,18.0,0.7524915327463844,1.0,0.6813001709251447,0.40858971174533243,0.0,4.0,1.0,0
846d0a03-4b7c-45ec-a0f6-681a19019da2,06497e85-86a1-47f4-bbdd-a5f778924253,0.7005102935346279,0.2,18.0,0.7524915327463844,0.2,0.19052222599951962,0.20137632619118384,0.3,2.0,6.0,1
846d0a03-4b7c-45ec-a0f6-681a19019da2,e033b700-4879-4d96-af09-314a42b40ec0,0.7005102935346279,0.2,18.0,0.7524915327463844,0.6,0.5265277997852419,0.306413896951497,1.0,3.0,1.0,1
846d0a03-4b7c-45ec-a0f6-681a19019da2,9f7ae8c9-dc90-4236-adb6-2109245d9021,0.7005102935346279,0.2,18.0,0.7524915327463844,0.6,0.8963101399292399,0.12506351553810924,0.0,3.0,3.0,1
846d0a03-4b7c-45ec-a0f6-681a19019da2,bf1c16a4-e182-4ecc-8023-e458da60daac,0.7005102935346279,0.2,18.0,0.7524915327463844,1.0,0.24964749169716674,0.6258043806862246,0.6,0.0,3.0,0
846d0a03-4b7c-45ec-a0f6-681a19019da2,bc2b645f-2327-4ce9-a2d2-c4dfb4c037a4,0.7005102935346279,0.2,18.0,0.7524915327463844,0.6,0.565732669170513,0.9898859782322003,1.0,3.0,6.0,0
846d0a03-4b7c-45ec-a0f6-681a19019da2,a86f1d29-fc0a-43b2-a5f5-1c81ea61e113,0.7005102935346279,0.2,18.0,0.7524915327463844,0.2,0.5459412758711781,0.9929580634194145,0.6,5.0,4.0,1
846d0a03-4b7c-45ec-a0f6-681a19019da2,94f447d1-ce40-4abc-9492-1b4fa652cdf8,0.7005102935346279,0.2,18.0,0.7524915327463844,0.2,0.7747992350688047,0.24068147068829215,1.0,3.0,3.0,1
846d0a03-4b7c-45ec-a0f6-681a19019da2,8d8bd000-8a84-4c8b-bdc8-797008544155,0.7005102935346279,0.2,18.0,0.7524915327463844,1.0,0.14606305453676433,0.13377939697072627,0.0,5.0,5.0,1
846d0a03-4b7c-45ec-a0f6-681a19019da2,b939da7f-028e-4294-87a9-cae844ef2396,0.7005102935346279,0.2,18.0,0.7524915327463844,1.0,0.28159591151234475,0.3654017291850822,1.0,4.0,6.0,1
846d0a03-4b7c-45ec-a0f6-681a19019da2,85a991a1-00c2-4f3b-a2f1-2edd3ed3c13b,0.7005102935346279,0.2,18.0,0.7524915327463844,0.6,0.885115810475927,0.053316349790826556,0.3,3.0,2.0,1
846d0a03-4b7c-45ec-a0f6-681a19019da2,45cea0cf-acbc-4a1c-ae67-7da156ce4e33,0.7005102935346279,0.2,18.0,0.7524915327463844,0.6,0.44790999008794674,0.8240533460888545,0.3,4.0,6.0,0
846d0a03-4b7c-45ec-a0f6-681a19019da2,bcc862ed-ee8c-4519-bd6f-df3684168181,0.7005102935346279,0.2,18.0,0.7524915327463844,1.0,0.9327717807626915,0.3397410335113047,0.3,2.0,3.0,1
846d0a03-4b7c-45ec-a0f6-681a19019da2,9102dfee-3ffe-4500-abcd-856f5c7ba81a,0.7005102935346279,0.2,18.0,0.7524915327463844,0.2,0.14792713695477017,0.6300659561232757,1.0,4.0,0.0,1
846d0a03-4b7c-45ec-a0f6-681a19019da2,97ffd70a-47e9-4398-92a1-d66d4e4e7ac9,0.7005102935346279,0.2,18.0,0.7524915327463844,1.0,0.4738888800802551,0.7582398953411875,1.0,5.0,4.0,0
846d0a03-4b7c-45ec-a0f6-681a19019da2,50485b49-6f87-4fbb-a6d8-cc894f5ad343,0.7005102935346279,0.2,18.0,0.7524915327463844,0.2,0.489665412099198,0.42118413108785735,0.3,5.0,6.0,0
846d0a03-4b7c-45ec-a0f6-681a19019da2,cf67b867-661f-4761-aa9e-bd64b50cabad,0.7005102935346279,0.2,18.0,0.7524915327463844,0.6,0.9775452477834666,0.8291857681957223,0.6,4.0,3.0,1
846d0a03-4b7c-45ec-a0f6-681a19019da2,d72916bd-ef8f-4502-bba8-725c04f85a5f,0.7005102935346279,0.2,18.0,0.7524915327463844,0.2,0.854828063402321,0.2603597878713769,0.0,4.0,1.0,1
846d0a03-4b7c-45ec-a0f6-681a19019da2,db87c9f7-0d43-43e7-bfc8-10a75114f27b,0.7005102935346279,0.2,18.0,0.7524915327463844,1.0,0.5554553024932305,0.03495342538664914,0.6,2.0,6.0,0
846d0a03-4b7c-45ec-a0f6-681a19019da2,3feb240a-54de-4548-9d6d-6b68da72c588,0.7005102935346279,0.2,18.0,0.7524915327463844,0.6,0.3534939575862086,0.46875086538360267,0.6,3.0,5.0,0
846d0a03-4b7c-45ec-a0f6-681a19019da2,dbb00897-88a6-4e66-bf2b-d540c730bdb9,0.7005102935346279,0.2,18.0,0.7524915327463844,0.6,0.9518329178984374,0.4047620165937216,0.0,1.0,2.0,1
846d0a03-4b7c-45ec-a0f6-681a19019da2,4ae5516d-8df6-4ce0-a1a2-7fe96b97c4ed,0.7005102935346279,0.2,18.0,0.7524915327463844,0.6,0.7394686693887754,0.3658730909863124,0.3,5.0,0.0,0
846d0a03-4b7c-45ec-a0f6-681a19019da2,0bc32369-5cc1-4c6e-9b9e-a0d6ad643532,0.7005102935346279,0.2,18.0,0.7524915327463844,0.6,0.6337720175795309,0.5219080741476771,1.0,3.0,3.0,0
846d0a03-4b7c-45ec-a0f6-681a19019da2,2270dcd6-f4ba-4acf-b863-271ea249c419,0.7005102935346279,0.2,18.0,0.7524915327463844,0.6,0.888509462672205,0.11768090665028597,0.0,1.0,5.0,0
846d0a03-4b7c-45ec-a0f6-681a19019da2,2270dcd6-f4ba-4acf-b863-271ea249c419,0.7005102935346279,0.2,18.0,0.7524915327463844,0.6,0.888509462672205,0.11768090665028597,0.0,5.0,4.0,1
846d0a03-4b7c-45ec-a0f6-681a19019da2,85ca56ac-d00f-4985-9a10-09bdbdcf0764,0.7005102935346279,0.2,18.0,0.7524915327463844,1.0,0.7672921606674585,0.4762417440869502,0.3,3.0,4.0,1
846d0a03-4b7c-45ec-a0f6-681a19019da2,fc4acfb5-647c-49b2-9c8c-e8b0e4b17239,0.7005102935346279,0.2,18.0,0.7524915327463844,0.6,0.9661698956227394,0.22641288621518874,0.0,2.0,2.0,0
846d0a03-4b7c-45ec-a0f6-681a19019da2,3feb240a-54de-4548-9d6d-6b68da72c588,0.7005102935346279,0.2,18.0,0.7524915327463844,0.6,0.3534939575862086,0.46875086538360267,0.6,2.0,0.0,1
846d0a03-4b7c-45ec-a0f6-681a19019da2,e02821d5-6c11-48d3-9e5a-ab797cf10dfd,0.7005102935346279,0.2,18.0,0.7524915327463844,0.2,0.30278131508958317,0.8518530351666224,0.6,3.0,1.0,1
846d0a03-4b7c-45ec-a0f6-681a19019da2,723b0875-2f5c-406d-91ef-1ef6768c21e1,0.7005102935346279,0.2,18.0,0.7524915327463844,0.6,0.5865033881557733,0.9546606431143135,0.6,1.0,4.0,1
846d0a03-4b7c-45ec-a0f6-681a19019da2,1dbb57c0-dbf1-4996-b33e-610ff0e1a4c5,0.7005102935346279,0.2,18.0,0.7524915327463844,0.2,0.6520298599863723,0.91316722678243,1.0,0.0,6.0,1
846d0a03-4b7c-45ec-a0f6-681a19019da2,1975da03-cf78-4c90-a916-3660a489f0dc,0.7005102935346279,0.2,18.0,0.7524915327463844,0.6,0.4213481052285838,0.6693330773357604,0.6,3.0,5.0,0
846d0a03-4b7c-45ec-a0f6-681a19019da2,7d8ed681-553e-4f86-8328-93bdf476bee2,0.7005102935346279,0.2,18.0,0.7524915327463844,0.6,0.8243337011258274,0.4855544869796419,1.0,4.0,0.0,1
846d0a03-4b7c-45ec-a0f6-681a19019da2,b02c207c-3d8f-47d1-94d5-ea09db74e5c8,0.7005102935346279,0.2,18.0,0.7524915327463844,0.6,0.3575527172065134,0.7990422256936793,0.3,4.0,6.0,1
846d0a03-4b7c-45ec-a0f6-681a19019da2,2767a00e-73cb-4ec0-8f10-1f2685529dd8,0.7005102935346279,0.2,18.0,0.7524915327463844,0.2,0.14774330715500755,0.17529814661096454,0.3,1.0,3.0,1
846d0a03-4b7c-45ec-a0f6-681a19019da2,6194ece5-783c-4da7-bdc5-d5536c904afd,0.7005102935346279,0.2,18.0,0.7524915327463844,0.6,0.6048572623235224,0.928472011746639,0.3,3.0,0.0,1
846d0a03-4b7c-45ec-a0f6-681a19019da2,b30a4759-4017-4c73-a262-ebb3da889ea2,0.7005102935346279,0.2,18.0,0.7524915327463844,0.2,0.2824565624064378,0.9351062106319883,1.0,3.0,6.0,0
846d0a03-4b7c-45ec-a0f6-681a19019da2,4df46fb7-f407-42f6-a653-9d8438903f61,0.7005102935346279,0.2,18.0,0.7524915327463844,1.0,0.9723558352169928,0.2356344975085155,1.0,2.0,5.0,0
846d0a03-4b7c-45ec-a0f6-681a19019da2,90b5993b-1b5d-4363-8738-1f1566b34091,0.7005102935346279,0.2,18.0,0.7524915327463844,0.2,0.20193175818065728,0.8491249460757495,1.0,5.0,6.0,1
846d0a03-4b7c-45ec-a0f6-681a19019da2,18d9fc90-579e-4041-988f-c2fa9da7d9f1,0.7005102935346279,0.2,18.0,0.7524915327463844,0.2,0.611318917479668,0.23509193379958115,0.3,0.0,4.0,1
394d94f4-a225-43f4-9397-602dc902479e,09a8b01c-9886-431b-860f-484d959f9fd8,0.6390696769207311,0.2,9.0,0.880234591271037,0.2,0.7949409365509817,0.650881327422057,0.0,0.0,4.0,1
394d94f4-a225-43f4-9397-602dc902479e,65c54c61-8bed-4502-891f-54207581973c,0.6390696769207311,0.2,9.0,0.880234591271037,0.6,0.5609694251913983,0.4769640187588726,1.0,2.0,5.0,1
394d94f4-a225-43f4-9397-602dc902479e,c2aa2f4b-31d0-4751-b78b-9bc94a917dd3,0.6390696769207311,0.2,9.0,0.880234591271037,0.2,0.9632839642542039,0.47862263242291936,0.3,0.0,1.0,1
394d94f4-a225-43f4-9397-602dc902479e,dd77c881-c04d-4f99-9177-d94ef20adb4f,0.6390696769207311,0.2,9.0,0.880234591271037,0.6,0.616612541041993,0.6647291139113415,0.0,0.0,3.0,0
394d94f4-a225-43f4-9397-602dc902479e,06f5b296-916f-4c42-aec7-d6f62bba9d9b,0.6390696769207311,0.2,9.0,0.880234591271037,0.2,0.3223108679637023,0.4183220717622109,1.0,0.0,3.0,0
394d94f4-a225-43f4-9397-602dc902479e,fb36e3d1-7446-45e0-9d41-48f394b60fa9,0.6390696769207311,0.2,9.0,0.880234591271037,0.6,0.6937735815060089,0.32932384475875576,0.0,4.0,6.0,1
394d94f4-a225-43f4-9397-602dc902479e,90b5993b-1b5d-4363-8738-1f1566b34091,0.6390696769207311,0.2,9.0,0.880234591271037,0.2,0.20193175818065728,0.8491249460757495,1.0,4.0,3.0,1
394d94f4-a225-43f4-9397-602dc902479e,eab77546-5660-4b6f-8ed6-d113d4c924cb,0.6390696769207311,0.2,9.0,0.880234591271037,0.6,0.6257718626796875,0.29583808895330166,0.0,2.0,2.0,1
394d94f4-a225-43f4-9397-602dc902479e,b02c207c-3d8f-47d1-94d5-ea09db74e5c8,0.6390696769207311,0.2,9.0,0.880234591271037,0.6,0.3575527172065134,0.7990422256936793,0.3,0.0,5.0,1
394d94f4-a225-43f4-9397-602dc902479e,723b0875-2f5c-406d-91ef-1ef6768c21e1,0.6390696769207311,0.2,9.0,0.880234591271037,0.6,0.5865033881557733,0.9546606431143135,0.6,5.0,4.0,0
394d94f4-a225-43f4-9397-602dc902479e,b85c5447-3934-4a5f-a2ea-5cf406ba1386,0.6390696769207311,0.2,9.0,0.880234591271037,0.2,0.7359215878835874,0.20471404262800852,1.0,3.0,3.0,1
394d94f4-a225-43f4-9397-602dc902479e,382dc6cd-e931-4c06-8335-e8acc1df4c50,0.6390696769207311,0.2,9.0,0.880234591271037,0.2,0.558623921637297,0.1308595947819554,1.0,3.0,3.0,1
394d94f4-a225-43f4-9397-602dc902479e,df3f8908-754b-4f66-b4a5-0f54f1bbdef1,0.6390696769207311,0.2,9.0,0.880234591271037,0.2,0.9006532918063022,0.624832175706485,0.6,5.0,4.0,1
394d94f4-a225-43f4-9397-602dc902479e,4c734813-4a8a-4ce6-81e5-fc4a2a5db3a2,0.6390696769207311,0.2,9.0,0.880234591271037,0.6,0.10056769438917118,0.5730262898413426,0.3,3.0,1.0,0
394d94f4-a225-43f4-9397-602dc902479e,8155e67e-e6b6-4564-9fbc-a422dfbb4728,0.6390696769207311,0.2,9.0,0.880234591271037,0.2,0.3282195111753295,0.7588859461800079,0.0,0.0,1.0,1
394d94f4-a225-43f4-9397-602dc902479e,fe560b2d-9461-419f-952d-3526d1d58cc6,0.6390696769207311,0.2,9.0,0.880234591271037,1.0,0.582611192457266,0.5549319795003286,0.0,1.0,4.0,1
394d94f4-a225-43f4-9397-602dc902479e,b404278c-bd4e-43f3-b805-2473f7c0eb3d,0.6390696769207311,0.2,9.0,0.880234591271037,0.6,0.2463507248368063,0.8830515088702483,0.3,4.0,3.0,1
394d94f4-a225-43f4-9397-602dc902479e,e3e4e158-1e76-4fc3-a85b-e05b8b8a0ccb,0.6390696769207311,0.2,9.0,0.880234591271037,0.6,0.639410932283415,0.2933005026004223,0.0,5.0,2.0,1
394d94f4-a225-43f4-9397-602dc902479e,04b630df-e955-44a2-ba81-7807bb8bbf0e,0.6390696769207311,0.2,9.0,0.880234591271037,0.6,0.26969467315661044,0.7945253868283686,1.0,5.0,1.0,0
394d94f4-a225-43f4-9397-602dc902479e,06deada8-30c5-413b-9c3c-714dac3f16dc,0.6390696769207311,0.2,9.0,0.880234591271037,1.0,0.35763710304451657,0.8208832504363414,1.0,3.0,3.0,0
394d94f4-a225-43f4-9397-602dc902479e,ae260348-9d86-49fc-b010-b38655f0aa4c,0.6390696769207311,0.2,9.0,0.880234591271037,0.6,0.6156726777562007,0.7631540220976764,0.3,4.0,0.0,0
394d94f4-a225-43f4-9397-602dc902479e,1b648ad6-0817-4f80-a7aa-9a94a583454e,0.6390696769207311,0.2,9.0,0.880234591271037,1.0,0.9167464792916038,0.10114468166917334,0.0,5.0,0.0,0
394d94f4-a225-43f4-9397-602dc902479e,139389de-ef52-4a31-a3a6-711cb26f1f6a,0.6390696769207311,0.2,9.0,0.880234591271037,0.2,0.6569353768626665,0.927362807810403,1.0,2.0,6.0,0
394d94f4-a225-43f4-9397-602dc902479e,b08e025f-b00e-487d-9769-6e771d335fcd,0.6390696769207311,0.2,9.0,0.880234591271037,0.6,0.35587631985892465,0.5051778789164922,0.3,1.0,3.0,1
394d94f4-a225-43f4-9397-602dc902479e,e44b9013-f4a8-49bf-9379-87dcbb2e8e53,0.6390696769207311,0.2,9.0,0.880234591271037,1.0,0.36258242224859283,0.32306846386650134,0.3,1.0,5.0,0
394d94f4-a225-43f4-9397-602dc902479e,773cb37f-03e9-462d-9f7c-bb397a470391,0.6390696769207311,0.2,9.0,0.880234591271037,1.0,0.138085119243381,0.17870489763614517,0.6,4.0,2.0,0
394d94f4-a225-43f4-9397-602dc902479e,21197103-286c-4e08-8f2e-e1f0c1aa4b65,0.6390696769207311,0.2,9.0,0.880234591271037,0.2,0.974231980237957,0.8883695246489081,0.6,4.0,6.0,1
394d94f4-a225-43f4-9397-602dc902479e,db87c9f7-0d43-43e7-bfc8-10a75114f27b,0.6390696769207311,0.2,9.0,0.880234591271037,1.0,0.5554553024932305,0.03495342538664914,0.6,0.0,0.0,0
394d94f4-a225-43f4-9397-602dc902479e,6720ccab-682e-40ac-9103-5e1a7cedc597,0.6390696769207311,0.2,9.0,0.880234591271037,1.0,0.34528416725327743,0.5038671262185984,1.0,1.0,0.0,0
394d94f4-a225-43f4-9397-602dc902479e,160450d5-9356-496d-a71d-78413a2828c7,0.6390696769207311,0.2,9.0,0.880234591271037,0.2,0.6437789001540966,0.8506322574276396,1.0,1.0,6.0,0
394d94f4-a225-43f4-9397-602dc902479e,5939c634-d641-4ed7-8910-517780e88b75,0.6390696769207311,0.2,9.0,0.880234591271037,0.6,0.7523652503478826,0.6850593430585846,0.3,3.0,6.0,1
394d94f4-a225-43f4-9397-602dc902479e,5ac7df38-e13e-4ddf-ac1d-8bd8825c2903,0.6390696769207311,0.2,9.0,0.880234591271037,0.2,0.5606417702241059,0.9155246766150124,0.0,2.0,6.0,1
394d94f4-a225-43f4-9397-602dc902479e,9102dfee-3ffe-4500-abcd-856f5c7ba81a,0.6390696769207311,0.2,9.0,0.880234591271037,0.2,0.14792713695477017,0.6300659561232757,1.0,3.0,2.0,1
394d94f4-a225-43f4-9397-602dc902479e,042f11d0-6ddd-4561-8c2c-5e00545a621e,0.6390696769207311,0.2,9.0,0.880234591271037,1.0,0.7872798003899497,0.9285445017428434,0.6,5.0,1.0,0
394d94f4-a225-43f4-9397-602dc902479e,a38cc35a-c8b1-493c-ad3e-67dba34f85e7,0.6390696769207311,0.2,9.0,0.880234591271037,0.6,0.41036269496507194,0.08761541400278205,0.0,2.0,2.0,1
394d94f4-a225-43f4-9397-602dc902479e,4df46fb7-f407-42f6-a653-9d8438903f61,0.6390696769207311,0.2,9.0,0.880234591271037,1.0,0.9723558352169928,0.2356344975085155,1.0,5.0,4.0,0
394d94f4-a225-43f4-9397-602dc902479e,e44b9013-f4a8-49bf-9379-87dcbb2e8e53,0.6390696769207311,0.2,9.0,0.880234591271037,1.0,0.36258242224859283,0.32306846386650134,0.3,0.0,1.0,0
394d94f4-a225-43f4-9397-602dc902479e,6cef895f-06aa-4942-bedd-72fff31eb379,0.6390696769207311,0.2,9.0,0.880234591271037,0.2,0.8773089936408774,0.6446474280251517,1.0,0.0,5.0,1
394d94f4-a225-43f4-9397-602dc902479e,1dbb57c0-dbf1-4996-b33e-610ff0e1a4c5,0.6390696769207311,0.2,9.0,0.880234591271037,0.2,0.6520298599863723,0.91316722678243,1.0,5.0,5.0,1
394d94f4-a225-43f4-9397-602dc902479e,bbaf1fa3-f0d2-4cf1-a007-2ff9a73a4732,0.6390696769207311,0.2,9.0,0.880234591271037,0.6,0.943547710035929,0.4668619140050845,1.0,3.0,6.0,1
2289869d-7e77-456d-b92c-6c77e4415e64,6194ece5-783c-4da7-bdc5-d5536c904afd,0.6202881303717909,0.2,18.0,0.8261082770888157,0.6,0.6048572623235224,0.928472011746639,0.3,0.0,4.0,1
2289869d-7e77-456d-b92c-6c77e4415e64,1c71f507-dfea-4b96-86e6-8a12d5a0d8da,0.6202881303717909,0.2,18.0,0.8261082770888157,1.0,0.9354478790984506,0.6224732640307242,0.0,0.0,2.0,1
2289869d-7e77-456d-b92c-6c77e4415e64,965ef1a3-f422-4510-af75-d3f89e3642dd,0.6202881303717909,0.2,18.0,0.8261082770888157,1.0,0.4273005359792914,0.6938722867459519,0.6,0.0,2.0,1
2289869d-7e77-456d-b92c-6c77e4415e64,effc8e6d-3fa0-4ad0-84e0-49ceb18ecfdf,0.6202881303717909,0.2,18.0,0.8261082770888157,1.0,0.1753861576369154,0.018304751217713022,0.6,2.0,2.0,0
2289869d-7e77-456d-b92c-6c77e4415e64,19e80ef1-4224-4720-a093-1f15d029cdae,0.6202881303717909,0.2,18.0,0.8261082770888157,1.0,0.8175424886601043,0.7192671703216541,0.6,1.0,3.0,1
2289869d-7e77-456d-b92c-6c77e4415e64,3e875754-69cd-4fee-94a5-57d6da42ef91,0.6202881303717909,0.2,18.0,0.8261082770888157,0.2,0.2450411346868676,0.8598019829721676,0.3,0.0,1.0,1
2289869d-7e77-456d-b92c-6c77e4415e64,bf1c16a4-e182-4ecc-8023-e458da60daac,0.6202881303717909,0.2,18.0,0.8261082770888157,1.0,0.24964749169716674,0.6258043806862246,0.6,2.0,3.0,1
2289869d-7e77-456d-b92c-6c77e4415e64,8d8bd000-8a84-4c8b-bdc8-797008544155,0.6202881303717909,0.2,18.0,0.8261082770888157,1.0,0.14606305453676433,0.13377939697072627,0.0,0.0,3.0,0
2289869d-7e77-456d-b92c-6c77e4415e64,d96815d9-4db7-48f0-85a0-eddc3b7b916f,0.6202881303717909,0.2,18.0,0.8261082770888157,0.6,0.4536278778772145,0.0754688004112799,1.0,4.0,1.0,1
2289869d-7e77-456d-b92c-6c77e4415e64,e02821d5-6c11-48d3-9e5a-ab797cf10dfd,0.6202881303717909,0.2,18.0,0.8261082770888157,0.2,0.30278131508958317,0.8518530351666224,0.6,0.0,3.0,1
2289869d-7e77-456d-b92c-6c77e4415e64,94f447d1-ce40-4abc-9492-1b4fa652cdf8,0.6202881303717909,0.2,18.0,0.8261082770888157,0.2,0.7747992350688047,0.24068147068829215,1.0,5.0,3.0,1
2289869d-7e77-456d-b92c-6c77e4415e64,5ac7df38-e13e-4ddf-ac1d-8bd8825c2903,0.6202881303717909,0.2,18.0,0.8261082770888157,0.2,0.5606417702241059,0.9155246766150124,0.0,0.0,2.0,0
2289869d-7e77-456d-b92c-6c77e4415e64,bf1c16a4-e182-4ecc-8023-e458da60daac,0.6202881303717909,0.2,18.0,0.8261082770888157,1.0,0.24964749169716674,0.6258043806862246,0.6,4.0,0.0,1
2289869d-7e77-456d-b92c-6c77e4415e64,3e875754-69cd-4fee-94a5-57d6da42ef91,0.6202881303717909,0.2,18.0,0.8261082770888157,0.2,0.2450411346868676,0.8598019829721676,0.3,4.0,1.0,0
2289869d-7e77-456d-b92c-6c77e4415e64,684277da-f62a-49f6-b09e-1b7e786c463b,0.6202881303717909,0.2,18.0,0.8261082770888157,1.0,0.457984105173436,0.7791379129900283,0.6,3.0,6.0,1
2289869d-7e77-456d-b92c-6c77e4415e64,5145c478-0b39-4ab7-a906-e1b9735ba3ce,0.6202881303717909,0.2,18.0,0.8261082770888157,0.6,0.8786936977058606,0.9587100682359623,1.0,2.0,4.0,1
2289869d-7e77-456d-b92c-6c77e4415e64,d1505a61-3c3b-4c86-a8ae-c4ab1a296525,0.6202881303717909,0.2,18.0,0.8261082770888157,1.0,0.5383907575441277,0.2096336099684688,0.6,3.0,0.0,0
2289869d-7e77-456d-b92c-6c77e4415e64,84c440d3-55ef-46aa-abeb-ca96e8632be9,0.6202881303717909,0.2,18.0,0.8261082770888157,0.6,0.5539423499120992,0.05768859541460958,0.6,4.0,5.0,0
2289869d-7e77-456d-b92c-6c77e4415e64,b30a4759-4017-4c73-a262-ebb3da889ea2,0.6202881303717909,0.2,18.0,0.8261082770888157,0.2,0.2824565624064378,0.9351062106319883,1.0,4.0,0.0,1
2289869d-7e77-456d-b92c-6c77e4415e64,3feb240a-54de-4548-9d6d-6b68da72c588,0.6202881303717909,0.2,18.0,0.8261082770888157,0.6,0.3534939575862086,0.46875086538360267,0.6,5.0,0.0,1
2289869d-7e77-456d-b92c-6c77e4415e64,7c817b5c-6572-44b4-8692-fb0a6e6339be,0.6202881303717909,0.2,18.0,0.8261082770888157,1.0,0.5648788196988385,0.6966139096390322,0.6,5.0,4.0,1
2289869d-7e77-456d-b92c-6c77e4415e64,1dbb57c0-dbf1-4996-b33e-610ff0e1a4c5,0.6202881303717909,0.2,18.0,0.8261082770888157,0.2,0.6520298599863723,0.91316722678243,1.0,0.0,5.0,1
2289869d-7e77-456d-b92c-6c77e4415e64,85a991a1-00c2-4f3b-a2f1-2edd3ed3c13b,0.6202881303717909,0.2,18.0,0.8261082770888157,0.6,0.885115810475927,0.053316349790826556,0.3,1.0,3.0,1
2289869d-7e77-456d-b92c-6c77e4415e64,f2b47773-ae1a-4e1a-83d1-6e1190805e45,0.6202881303717909,0.2,18.0,0.8261082770888157,0.2,0.47451581704366996,0.8941437054017293,0.0,3.0,0.0,1
2289869d-7e77-456d-b92c-6c77e4415e64,e78aa463-4c6f-47dc-a5bb-968ac81532c7,0.6202881303717909,0.2,18.0,0.8261082770888157,0.6,0.961259998425001,0.14413543131777729,0.6,1.0,0.0,0
2289869d-7e77-456d-b92c-6c77e4415e64,61ae4cd0-4feb-4315-9993-55959a8ab125,0.6202881303717909,0.2,18.0,0.8261082770888157,0.6,0.5247340762216478,0.34315624408831924,0.0,5.0,1.0,1
2289869d-7e77-456d-b92c-6c77e4415e64,f9e2c26a-8651-45e9-95ac-020bf84e5d87,0.6202881303717909,0.2,18.0,0.8261082770888157,1.0,0.5925107460897749,0.3638178643767461,0.6,3.0,6.0,1
2289869d-7e77-456d-b92c-6c77e4415e64,290546aa-9a27-44b0-96cf-1cbe5de0ac63,0.6202881303717909,0.2,18.0,0.8261082770888157,0.2,0.8840031953521331,0.909469052204089,0.3,4.0,5.0,1
2289869d-7e77-456d-b92c-6c77e4415e64,6cef895f-06aa-4942-bedd-72fff31eb379,0.6202881303717909,0.2,18.0,0.8261082770888157,0.2,0.8773089936408774,0.6446474280251517,1.0,3.0,2.0,1
2289869d-7e77-456d-b92c-6c77e4415e64,21197103-286c-4e08-8f2e-e1f0c1aa4b65,0.6202881303717909,0.2,18.0,0.8261082770888157,0.2,0.974231980237957,0.8883695246489081,0.6,4.0,1.0,0
2289869d-7e77-456d-b92c-6c77e4415e64,4df06409-5880-4fd2-840e-02e90385cc4e,0.6202881303717909,0.2,18.0,0.8261082770888157,1.0,0.19470747542775022,0.6843276576228667,0.0,1.0,6.0,1
2289869d-7e77-456d-b92c-6c77e4415e64,d1505a61-3c3b-4c86-a8ae-c4ab1a296525,0.6202881303717909,0.2,18.0,0.8261082770888157,1.0,0.5383907575441277,0.2096336099684688,0.6,0.0,3.0,1
2289869d-7e77-456d-b92c-6c77e4415e64,1e4deb48-10af-482d-89be-a40b3cfa6237,0.6202881303717909,0.2,18.0,0.8261082770888157,0.2,0.45812006017454143,0.5670116153989458,0.0,0.0,3.0,0
2289869d-7e77-456d-b92c-6c77e4415e64,87a7aeb8-bf34-460e-bb3c-fbe35cf1ef81,0.6202881303717909,0.2,18.0,0.8261082770888157,1.0,0.7885085605778664,0.825897641598029,0.6,4.0,1.0,0
2289869d-7e77-456d-b92c-6c77e4415e64,5bccbbea-6061-4c3b-babf-9f5de9889c73,0.6202881303717909,0.2,18.0,0.8261082770888157,0.2,0.4789495794434827,0.42500061980149273,0.3,0.0,1.0,1
2289869d-7e77-456d-b92c-6c77e4415e64,f62e1330-1cf0-425f-9f10-6ddf9042abcd,0.6202881303717909,0.2,18.0,0.8261082770888157,1.0,0.9321622696421319,0.2356252848280802,1.0,1.0,4.0,1
2289869d-7e77-456d-b92c-6c77e4415e64,2fd06511-a2df-41a4-b9b8-72ad25edbef7,0.6202881303717909,0.2,18.0,0.8261082770888157,1.0,0.8121414643536927,0.9186858244934103,0.3,2.0,4.0,0
2289869d-7e77-456d-b92c-6c77e4415e64,cd43d020-95b3-4fce-8795-f8fd1c5756af,0.6202881303717909,0.2,18.0,0.8261082770888157,0.6,0.5573941486973442,0.11632937988922598,0.3,4.0,4.0,1
2289869d-7e77-456d-b92c-6c77e4415e64,06497e85-86a1-47f4-bbdd-a5f778924253,0.6202881303717909,0.2,18.0,0.8261082770888157,0.2,0.19052222599951962,0.20137632619118384,0.3,0.0,3.0,1
2289869d-7e77-456d-b92c-6c77e4415e64,16aa6851-6f56-441d-b1e3-84c8e2b58887,0.6202881303717909,0.2,18.0,0.8261082770888157,1.0,0.7017944767412314,0.7875435396564088,0.3,5.0,0.0,0
a7833f25-de35-47a0-8324-f9a7d9f85be7,e4db18b0-d91a-4fe4-b05f-eda25f38ea0d,0.4430426357159143,0.6,11.0,0.2551653892157124,0.2,0.5776591949487476,0.19019373944895102,0.3,3.0,0.0,1
a7833f25-de35-47a0-8324-f9a7d9f85be7,7e5fb408-a839-4c94-af31-f8f846c10b16,0.4430426357159143,0.6,11.0,0.2551653892157124,0.6,0.3750883081968893,0.7913034251586659,1.0,2.0,5.0,1
a7833f25-de35-47a0-8324-f9a7d9f85be7,f2b47773-ae1a-4e1a-83d1-6e1190805e45,0.4430426357159143,0.6,11.0,0.2551653892157124,0.2,0.47451581704366996,0.8941437054017293,0.0,2.0,4.0,0
a7833f25-de35-47a0-8324-f9a7d9f85be7,1e7d8873-b56a-4886-a1ad-5de73c350f8e,0.4430426357159143,0.6,11.0,0.2551653892157124,0.6,0.39376459292746124,0.062329554128436215,0.6,4.0,2.0,0
a7833f25-de35-47a0-8324-f9a7d9f85be7,51656879-b9de-4976-b3d5-c8a240739e35,0.4430426357159143,0.6,11.0,0.2551653892157124,0.6,0.12393733137164058,0.5053225155587664,1.0,2.0,0.0,0
a7833f25-de35-47a0-8324-f9a7d9f85be7,153d2d46-4437-4840-90a1-e5308394b291,0.4430426357159143,0.6,11.0,0.2551653892157124,0.6,0.8859430875649702,0.004809331333315514,0.6,3.0,3.0,1
a7833f25-de35-47a0-8324-f9a7d9f85be7,7c786351-37ac-47a2-9542-40b90f3efee8,0.4430426357159143,0.6,11.0,0.2551653892157124,0.6,0.6561708102091133,0.18646349182808575,0.3,0.0,3.0,1
a7833f25-de35-47a0-8324-f9a7d9f85be7,06497e85-86a1-47f4-bbdd-a5f778924253,0.4430426357159143,0.6,11.0,0.2551653892157124,0.2,0.19052222599951962,0.20137632619118384,0.3,5.0,5.0,1
a7833f25-de35-47a0-8324-f9a7d9f85be7,bb149053-41e0-46bd-ae04-d392610b827f,0.4430426357159143,0.6,11.0,0.2551653892157124,1.0,0.9892289095536471,0.5376980874726343,0.3,5.0,6.0,0
a7833f25-de35-47a0-8324-f9a7d9f85be7,139389de-ef52-4a31-a3a6-711cb26f1f6a,0.4430426357159143,0.6,11.0,0.2551653892157124,0.2,0.6569353768626665,0.927362807810403,1.0,1.0,1.0,0
a7833f25-de35-47a0-8324-f9a7d9f85be7,74148153-f45d-4239-a353-bd87a356743e,0.4430426357159143,0.6,11.0,0.2551653892157124,0.6,0.6999994035333063,0.6902791079691951,0.6,2.0,6.0,0
a7833f25-de35-47a0-8324-f9a7d9f85be7,6e8ca283-10c7-434c-826a-837f38ec5444,0.4430426357159143,0.6,11.0,0.2551653892157124,0.2,0.6513768543337128,0.6342982912007427,1.0,2.0,0.0,1
a7833f25-de35-47a0-8324-f9a7d9f85be7,74e91ec2-7e97-4477-a254-e11129eee045,0.4430426357159143,0.6,11.0,0.2551653892157124,1.0,0.4127752338799551,0.9613455666412534,0.3,4.0,6.0,0
a7833f25-de35-47a0-8324-f9a7d9f85be7,72e21539-04f0-470f-b69d-9a418f7ff37b,0.4430426357159143,0.6,11.0,0.2551653892157124,0.2,0.6144010067276086,0.8682015664155024,0.6,5.0,6.0,1
a7833f25-de35-47a0-8324-f9a7d9f85be7,4b297a66-3334-402c-af3b-f9ee2b621b0b,0.4430426357159143,0.6,11.0,0.2551653892157124,0.2,0.16180119098371584,0.2582859429792861,0.0,2.0,3.0,1
a7833f25-de35-47a0-8324-f9a7d9f85be7,18d9fc90-579e-4041-988f-c2fa9da7d9f1,0.4430426357159143,0.6,11.0,0.2551653892157124,0.2,0.611318917479668,0.23509193379958115,0.3,1.0,3.0,0
a7833f25-de35-47a0-8324-f9a7d9f85be7,db87c9f7-0d43-43e7-bfc8-10a75114f27b,0.4430426357159143,0.6,11.0,0.2551653892157124,1.0,0.5554553024932305,0.03495342538664914,0.6,2.0,6.0,0
a7833f25-de35-47a0-8324-f9a7d9f85be7,2f70d43e-6f07-4505-9201-cce02cbbe2f9,0.4430426357159143,0.6,11.0,0.2551653892157124,0.2,0.9098855720694773,0.2703699432968346,0.0,3.0,6.0,1
a7833f25-de35-47a0-8324-f9a7d9f85be7,1fca9427-3cae-42d5-bed5-488302ac2459,0.4430426357159143,0.6,11.0,0.2551653892157124,0.6,0.396450442114459,0.6699625843471093,0.0,4.0,3.0,0
a7833f25-de35-47a0-8324-f9a7d9f85be7,7d8ed681-553e-4f86-8328-93bdf476bee2,0.4430426357159143,0.6,11.0,0.2551653892157124,0.6,0.8243337011258274,0.4855544869796419,1.0,2.0,5.0,1
a7833f25-de35-47a0-8324-f9a7d9f85be7,c2aa2f4b-31d0-4751-b78b-9bc94a917dd3,0.4430426357159143,0.6,11.0,0.2551653892157124,0.2,0.9632839642542039,0.47862263242291936,0.3,1.0,4.0,1
a7833f25-de35-47a0-8324-f9a7d9f85be7,768074f2-fa60-4a87-b7e9-0fe45c042ba8,0.4430426357159143,0.6,11.0,0.2551653892157124,0.6,0.44816631031351084,0.885378023796285,0.0,3.0,5.0,1
a7833f25-de35-47a0-8324-f9a7d9f85be7,153e892c-7403-48b3-b3e5-7a4444a6af33,0.4430426357159143,0.6,11.0,0.2551653892157124,1.0,0.268440635924974,0.5517497858340187,0.3,2.0,5.0,0
a7833f25-de35-47a0-8324-f9a7d9f85be7,1b648ad6-0817-4f80-a7aa-9a94a583454e,0.4430426357159143,0.6,11.0,0.2551653892157124,1.0,0.9167464792916038,0.10114468166917334,0.0,4.0,4.0,0
a7833f25-de35-47a0-8324-f9a7d9f85be7,eab77546-5660-4b6f-8ed6-d113d4c924cb,0.4430426357159143,0.6,11.0,0.2551653892157124,0.6,0.6257718626796875,0.29583808895330166,0.0,2.0,5.0,0
a7833f25-de35-47a0-8324-f9a7d9f85be7,a32c33b9-2ae0-4565-b4cd-8c363bd2dbb1,0.4430426357159143,0.6,11.0,0.2551653892157124,0.6,0.4675427346881219,0.5919389716094521,0.3,5.0,4.0,1
a7833f25-de35-47a0-8324-f9a7d9f85be7,b1ef27f4-c212-4d80-95b3-1ccfcccee40b,0.4430426357159143,0.6,11.0,0.2551653892157124,1.0,0.273179116013828,0.9075422104826739,1.0,0.0,1.0,0
a7833f25-de35-47a0-8324-f9a7d9f85be7,e45bd99d-504e-4e64-83b1-c517b6b084cf,0.4430426357159143,0.6,11.0,0.2551653892157124,1.0,0.2973675063752232,0.26685392748809267,0.0,3.0,0.0,0
a7833f25-de35-47a0-8324-f9a7d9f85be7,d91ea030-edc5-4199-b235-b4f2746330e6,0.4430426357159143,0.6,11.0,0.2551653892157124,1.0,0.7413528687367448,0.2371548448306322,0.6,3.0,3.0,0
a7833f25-de35-47a0-8324-f9a7d9f85be7,4e038b59-7940-4187-89a4-aa8900eb4584,0.4430426357159143,0.6,11.0,0.2551653892157124,0.6,0.8162686834681103,0.09548613580741361,0.3,4.0,4.0,1
a7833f25-de35-47a0-8324-f9a7d9f85be7,85930d8e-50d0-4f7b-acb8-caaac625dd0e,0.4430426357159143,0.6,11.0,0.2551653892157124,1.0,0.718363556324442,0.8165727833244342,0.6,1.0,3.0,1
a7833f25-de35-47a0-8324-f9a7d9f85be7,15ffb6f4-0363-4611-afec-93fefe2ffd83,0.4430426357159143,0.6,11.0,0.2551653892157124,0.2,0.9223427256162328,0.7798431272433336,0.3,0.0,5.0,1
a7833f25-de35-47a0-8324-f9a7d9f85be7,72e21539-04f0-470f-b69d-9a418f7ff37b,0.4430426357159143,0.6,11.0,0.2551653892157124,0.2,0.6144010067276086,0.8682015664155024,0.6,1.0,2.0,0
a7833f25-de35-47a0-8324-f9a7d9f85be7,b7f3f687-720d-4c2e-b765-833d1f628763,0.4430426357159143,0.6,11.0,0.2551653892157124,0.6,0.5040757896213439,0.7654432929579714,0.6,1.0,1.0,1
a7833f25-de35-47a0-8324-f9a7d9f85be7,015a673e-67b9-4560-949f-f0f29ba09691,0.4430426357159143,0.6,11.0,0.2551653892157124,0.6,0.772469818793257,0.851704139635052,0.0,5.0,1.0,1
a7833f25-de35-47a0-8324-f9a7d9f85be7,5c1d0582-adee-41cb-bbe3-230e78acd299,0.4430426357159143,0.6,11.0,0.2551653892157124,0.6,0.13442713841525677,0.8039132575143135,1.0,5.0,6.0,0
a7833f25-de35-47a0-8324-f9a7d9f85be7,bbaf1fa3-f0d2-4cf1-a007-2ff9a73a4732,0.4430426357159143,0.6,11.0,0.2551653892157124,0.6,0.943547710035929,0.4668619140050845,1.0,4.0,4.0,1
a7833f25-de35-47a0-8324-f9a7d9f85be7,a32c33b9-2ae0-4565-b4cd-8c363bd2dbb1,0.4430426357159143,0.6,11.0,0.2551653892157124,0.6,0.4675427346881219,0.5919389716094521,0.3,0.0,6.0,0
a7833f25-de35-47a0-8324-f9a7d9f85be7,965ef1a3-f422-4510-af75-d3f89e3642dd,0.4430426357159143,0.6,11.0,0.2551653892157124,1.0,0.4273005359792914,0.6938722867459519,0.6,3.0,4.0,1
a7833f25-de35-47a0-8324-f9a7d9f85be7,139389de-ef52-4a31-a3a6-711cb26f1f6a,0.4430426357159143,0.6,11.0,0.2551653892157124,0.2,0.6569353768626665,0.927362807810403,1.0,5.0,0.0,1
9ff7688b-4774-44a9-ac24-8d056eaff5bc,7e5fb408-a839-4c94-af31-f8f846c10b16,0.6532802778397635,0.2,13.0,0.8578647344720465,0.6,0.3750883081968893,0.7913034251586659,1.0,1.0,2.0,0
9ff7688b-4774-44a9-ac24-8d056eaff5bc,160450d5-9356-496d-a71d-78413a2828c7,0.6532802778397635,0.2,13.0,0.8578647344720465,0.2,0.6437789001540966,0.8506322574276396,1.0,1.0,4.0,1
9ff7688b-4774-44a9-ac24-8d056eaff5bc,e44b9013-f4a8-49bf-9379-87dcbb2e8e53,0.6532802778397635,0.2,13.0,0.8578647344720465,1.0,0.36258242224859283,0.32306846386650134,0.3,1.0,3.0,1
9ff7688b-4774-44a9-ac24-8d056eaff5bc,e33220eb-1aa5-4702-8b7f-82096cbf244c,0.6532802778397635,0.2,13.0,0.8578647344720465,0.2,0.8045091416614435,0.9303962480539164,0.0,2.0,2.0,0
9ff7688b-4774-44a9-ac24-8d056eaff5bc,153e892c-7403-48b3-b3e5-7a4444a6af33,0.6532802778397635,0.2,13.0,0.8578647344720465,1.0,0.268440635924974,0.5517497858340187,0.3,2.0,4.0,0
9ff7688b-4774-44a9-ac24-8d056eaff5bc,45cea0cf-acbc-4a1c-ae67-7da156ce4e33,0.6532802778397635,0.2,13.0,0.8578647344720465,0.6,0.44790999008794674,0.8240533460888545,0.3,0.0,0.0,1
9ff7688b-4774-44a9-ac24-8d056eaff5bc,ab31027b-1533-4573-87ee-591c4e74f603,0.6532802778397635,0.2,13.0,0.8578647344720465,0.2,0.13414284675556443,0.8188515466757538,1.0,0.0,2.0,1
9ff7688b-4774-44a9-ac24-8d056eaff5bc,5a34f357-525c-4e8c-9761-fca6c5ef4a54,0.6532802778397635,0.2,13.0,0.8578647344720465,1.0,0.32612342892093527,0.37000647225331373,0.3,1.0,4.0,1
9ff7688b-4774-44a9-ac24-8d056eaff5bc,15ffb6f4-0363-4611-afec-93fefe2ffd83,0.6532802778397635,0.2,13.0,0.8578647344720465,0.2,0.9223427256162328,0.7798431272433336,0.3,3.0,6.0,0
9ff7688b-4774-44a9-ac24-8d056eaff5bc,15b5cdd7-9aed-490f-9cb8-4f9a900eb398,0.6532802778397635,0.2,13.0,0.8578647344720465,0.2,0.17789822129463906,0.6431782959777482,0.0,2.0,6.0,1
9ff7688b-4774-44a9-ac24-8d056eaff5bc,b85c5447-3934-4a5f-a2ea-5cf406ba1386,0.6532802778397635,0.2,13.0,0.8578647344720465,0.2,0.7359215878835874,0.20471404262800852,1.0,4.0,4.0,1
9ff7688b-4774-44a9-ac24-8d056eaff5bc,61ae4cd0-4feb-4315-9993-55959a8ab125,0.6532802778397635,0.2,13.0,0.8578647344720465,0.6,0.5247340762216478,0.34315624408831924,0.0,0.0,5.0,1
9ff7688b-4774-44a9-ac24-8d056eaff5bc,7e5fb408-a839-4c94-af31-f8f846c10b16,0.6532802778397635,0.2,13.0,0.8578647344720465,0.6,0.3750883081968893,0.7913034251586659,1.0,1.0,0.0,1
9ff7688b-4774-44a9-ac24-8d056eaff5bc,cd43d020-95b3-4fce-8795-f8fd1c5756af,0.6532802778397635,0.2,13.0,0.8578647344720465,0.6,0.5573941486973442,0.11632937988922598,0.3,0.0,0.0,0
9ff7688b-4774-44a9-ac24-8d056eaff5bc,4590aaee-b789-46de-a082-c6807a962ec2,0.6532802778397635,0.2,13.0,0.8578647344720465,1.0,0.9792453221449127,0.1694110619506124,1.0,4.0,3.0,0
9ff7688b-4774-44a9-ac24-8d056eaff5bc,2f2c32fa-6e32-4764-b476-b6f9b3cc5cd7,0.6532802778397635,0.2,13.0,0.8578647344720465,0.2,0.13396258547827183,0.29306867008666404,0.0,5.0,1.0,1
9ff7688b-4774-44a9-ac24-8d056eaff5bc,172d7aba-b1e9-40bf-b1cb-cf4e91d5184a,0.6532802778397635,0.2,13.0,0.8578647344720465,1.0,0.8526659690466724,0.6328103281975677,0.6,3.0,1.0,0
9ff7688b-4774-44a9-ac24-8d056eaff5bc,9ef9ff12-8bfc-4d55-ba1e-d4fa03792c95,0.6532802778397635,0.2,13.0,0.8578647344720465,0.2,0.482599597367356,0.7341152293318791,0.0,5.0,0.0,1
9ff7688b-4774-44a9-ac24-8d056eaff5bc,020ff159-4271-4aa5-87f3-9295346f6563,0.6532802778397635,0.2,13.0,0.8578647344720465,0.6,0.31530071999913584,0.1616253953204818,0.0,4.0,2.0,1
9ff7688b-4774-44a9-ac24-8d056eaff5bc,dfb0809f-a08c-4519-85d0-1f790e6cd5d9,0.6532802778397635,0.2,13.0,0.8578647344720465,1.0,0.12996439027292325,0.8581884567519729,1.0,3.0,5.0,1
9ff7688b-4774-44a9-ac24-8d056eaff5bc,7c817b5c-6572-44b4-8692-fb0a6e6339be,0.6532802778397635,0.2,13.0,0.8578647344720465,1.0,0.5648788196988385,0.6966139096390322,0.6,3.0,0.0,0
9ff7688b-4774-44a9-ac24-8d056eaff5bc,69f0bb17-25d2-40ca-9934-1d66d65b38ec,0.6532802778397635,0.2,13.0,0.8578647344720465,1.0,0.5123580186270776,0.31857910523425825,0.6,4.0,4.0,1
9ff7688b-4774-44a9-ac24-8d056eaff5bc,160450d5-9356-496d-a71d-78413a2828c7,0.6532802778397635,0.2,13.0,0.8578647344720465,0.2,0.6437789001540966,0.8506322574276396,1.0,0.0,5.0,1
9ff7688b-4774-44a9-ac24-8d056eaff5bc,5a34f357-525c-4e8c-9761-fca6c5ef4a54,0.6532802778397635,0.2,13.0,0.8578647344720465,1.0,0.32612342892093527,0.37000647225331373,0.3,2.0,5.0,0
9ff7688b-4774-44a9-ac24-8d056eaff5bc,5ac7df38-e13e-4ddf-ac1d-8bd8825c2903,0.6532802778397635,0.2,13.0,0.8578647344720465,0.2,0.5606417702241059,0.9155246766150124,0.0,5.0,1.0,1
9ff7688b-4774-44a9-ac24-8d056eaff5bc,19d3638b-3623-485e-a7a3-bed4ec53eb28,0.6532802778397635,0.2,13.0,0.8578647344720465,0.2,0.22255292506683805,0.2999183439789205,0.0,0.0,5.0,1
9ff7688b-4774-44a9-ac24-8d056eaff5bc,85ca56ac-d00f-4985-9a10-09bdbdcf0764,0.6532802778397635,0.2,13.0,0.8578647344720465,1.0,0.7672921606674585,0.4762417440869502,0.3,2.0,0.0,0
9ff7688b-4774-44a9-ac24-8d056eaff5bc,34df5d01-15ed-49be-beaf-1edba5ce73f3,0.6532802778397635,0.2,13.0,0.8578647344720465,0.2,0.570771685431961,0.8647552667165631,0.3,5.0,6.0,1
9ff7688b-4774-44a9-ac24-8d056eaff5bc,ae260348-9d86-49fc-b010-b38655f0aa4c,0.6532802778397635,0.2,13.0,0.8578647344720465,0.6,0.6156726777562007,0.7631540220976764,0.3,3.0,3.0,1
9ff7688b-4774-44a9-ac24-8d056eaff5bc,dd77c881-c04d-4f99-9177-d94ef20adb4f,0.6532802778397635,0.2,13.0,0.8578647344720465,0.6,0.616612541041993,0.6647291139113415,0.0,0.0,2.0,0
9ff7688b-4774-44a9-ac24-8d056eaff5bc,8618c927-9c33-4057-8bfe-9828bd93601a,0.6532802778397635,0.2,13.0,0.8578647344720465,0.6,0.22804722680585615,0.021203888490483047,0.6,3.0,2.0,0
9ff7688b-4774-44a9-ac24-8d056eaff5bc,2ab0f7b1-b672-4fd3-bf9d-b9435c307791,0.6532802778397635,0.2,13.0,0.8578647344720465,0.6,0.4930337984475558,0.8483250712740258,0.6,5.0,3.0,0
9ff7688b-4774-44a9-ac24-8d056eaff5bc,09a8b01c-9886-431b-860f-484d959f9fd8,0.6532802778397635,0.2,13.0,0.8578647344720465,0.2,0.7949409365509817,0.650881327422057,0.0,2.0,5.0,0
9ff7688b-4774-44a9-ac24-8d056eaff5bc,2e62bb91-bbcc-427c-86f2-60487a06e1ea,0.6532802778397635,0.2,13.0,0.8578647344720465,0.6,0.9970298553106509,0.5346422845071757,0.3,1.0,0.0,1
9ff7688b-4774-44a9-ac24-8d056eaff5bc,e3e4e158-1e76-4fc3-a85b-e05b8b8a0ccb,0.6532802778397635,0.2,13.0,0.8578647344720465,0.6,0.639410932283415,0.2933005026004223,0.0,1.0,1.0,1
9ff7688b-4774-44a9-ac24-8d056eaff5bc,42438319-d9cd-4491-91c4-7e8df4051b62,0.6532802778397635,0.2,13.0,0.8578647344720465,0.2,0.6023180626659986,0.9806347370894578,0.0,5.0,5.0,1
9ff7688b-4774-44a9-ac24-8d056eaff5bc,f62e1330-1cf0-425f-9f10-6ddf9042abcd,0.6532802778397635,0.2,13.0,0.8578647344720465,1.0,0.9321622696421319,0.2356252848280802,1.0,2.0,2.0,0
9ff7688b-4774-44a9-ac24-8d056eaff5bc,2ab0f7b1-b672-4fd3-bf9d-b9435c307791,0.6532802778397635,0.2,13.0,0.8578647344720465,0.6,0.4930337984475558,0.8483250712740258,0.6,1.0,3.0,1
9ff7688b-4774-44a9-ac24-8d056eaff5bc,88e79e28-8590-4873-baf3-158ade3d3e32,0.6532802778397635,0.2,13.0,0.8578647344720465,1.0,0.9148647291612199,0.12864998776038128,0.0,2.0,4.0,0
9ff7688b-4774-44a9-ac24-8d056eaff5bc,fb36e3d1-7446-45e0-9d41-48f394b60fa9,0.6532802778397635,0.2,13.0,0.8578647344720465,0.6,0.6937735815060089,0.32932384475875576,0.0,0.0,0.0,0
1c478eda-6e7a-41a3-a24d-46bfed68ef5b,2a4e6f6f-8a97-4b0f-8706-b5b5c9a3506e,0.273877209450799,0.6,20.0,0.9132600118440826,1.0,0.508305717299449,0.5779541132057853,1.0,3.0,3.0,0
1c478eda-6e7a-41a3-a24d-46bfed68ef5b,1fca9427-3cae-42d5-bed5-488302ac2459,0.273877209450799,0.6,20.0,0.9132600118440826,0.6,0.396450442114459,0.6699625843471093,0.0,5.0,1.0,1
1c478eda-6e7a-41a3-a24d-46bfed68ef5b,3ceffdd1-05b8-4296-8ead-87aa963b9836,0.273877209450799,0.6,20.0,0.9132600118440826,1.0,0.4937077765458606,0.9078087859837904,0.3,4.0,1.0,0
1c478eda-6e7a-41a3-a24d-46bfed68ef5b,b02c207c-3d8f-47d1-94d5-ea09db74e5c8,0.273877209450799,0.6,20.0,0.9132600118440826,0.6,0.3575527172065134,0.7990422256936793,0.3,4.0,5.0,1
1c478eda-6e7a-41a3-a24d-46bfed68ef5b,139389de-ef52-4a31-a3a6-711cb26f1f6a,0.273877209450799,0.6,20.0,0.9132600118440826,0.2,0.6569353768626665,0.927362807810403,1.0,5.0,1.0,1
1c478eda-6e7a-41a3-a24d-46bfed68ef5b,19d3638b-3623-485e-a7a3-bed4ec53eb28,0.273877209450799,0.6,20.0,0.9132600118440826,0.2,0.22255292506683805,0.2999183439789205,0.0,2.0,4.0,1
1c478eda-6e7a-41a3-a24d-46bfed68ef5b,2f70d43e-6f07-4505-9201-cce02cbbe2f9,0.273877209450799,0.6,20.0,0.9132600118440826,0.2,0.9098855720694773,0.2703699432968346,0.0,4.0,2.0,1
1c478eda-6e7a-41a3-a24d-46bfed68ef5b,b8a59f9c-9152-4e9d-9227-81b450029be0,0.273877209450799,0.6,20.0,0.9132600118440826,0.2,0.9082416607735994,0.8438860705844703,1.0,2.0,4.0,1
1c478eda-6e7a-41a3-a24d-46bfed68ef5b,042f11d0-6ddd-4561-8c2c-5e00545a621e,0.273877209450799,0.6,20.0,0.9132600118440826,1.0,0.7872798003899497,0.9285445017428434,0.6,2.0,6.0,0
1c478eda-6e7a-41a3-a24d-46bfed68ef5b,7e095f22-5248-4ba3-b91c-aefd7470fd6a,0.273877209450799,0.6,20.0,0.9132600118440826,0.6,0.520298671705361,0.6766771512956176,0.3,4.0,5.0,1
1c478eda-6e7a-41a3-a24d-46bfed68ef5b,686e3aa2-fafa-49b8-ae04-90315babb1d4,0.273877209450799,0.6,20.0,0.9132600118440826,0.2,0.2485402182633587,0.3567460645487345,1.0,0.0,6.0,0
1c478eda-6e7a-41a3-a24d-46bfed68ef5b,fb36e3d1-7446-45e0-9d41-48f394b60fa9,0.273877209450799,0.6,20.0,0.9132600118440826,0.6,0.6937735815060089,0.32932384475875576,0.0,2.0,5.0,0
1c478eda-6e7a-41a3-a24d-46bfed68ef5b,020ff159-4271-4aa5-87f3-9295346f6563,0.273877209450799,0.6,20.0,0.9132600118440826,0.6,0.31530071999913584,0.1616253953204818,0.0,1.0,2.0,1
1c478eda-6e7a-41a3-a24d-46bfed68ef5b,723b0875-2f5c-406d-91ef-1ef6768c21e1,0.273877209450799,0.6,20.0,0.9132600118440826,0.6,0.5865033881557733,0.9546606431143135,0.6,4.0,3.0,1
1c478eda-6e7a-41a3-a24d-46bfed68ef5b,bb149053-41e0-46bd-ae04-d392610b827f,0.273877209450799,0.6,20.0,0.9132600118440826,1.0,0.9892289095536471,0.5376980874726343,0.3,4.0,4.0,1
1c478eda-6e7a-41a3-a24d-46bfed68ef5b,be7b953b-bf68-42e7-957e-b6f8f29af69d,0.273877209450799,0.6,20.0,0.9132600118440826,1.0,0.6945243897343877,0.4669732371344246,1.0,5.0,4.0,0
1c478eda-6e7a-41a3-a24d-46bfed68ef5b,b08c5e45-1706-4711-993f-50cbf58e2335,0.273877209450799,0.6,20.0,0.9132600118440826,0.6,0.7901117853804409,0.22604311984039915,0.0,5.0,3.0,0
1c478eda-6e7a-41a3-a24d-46bfed68ef5b,fda140a2-2654-463e-a825-e101e2f7921b,0.273877209450799,0.6,20.0,0.9132600118440826,0.2,0.3998020556294877,0.9744658783076392,0.0,5.0,6.0,1
1c478eda-6e7a-41a3-a24d-46bfed68ef5b,4923fb26-e583-4c24-ac52-8838a0ed3a98,0.273877209450799,0.6,20.0,0.9132600118440826,1.0,0.553388277838538,0.7019544741283528,1.0,2.0,1.0,1
1c478eda-6e7a-41a3-a24d-46bfed68ef5b,e44b9013-f4a8-49bf-9379-87dcbb2e8e53,0.273877209450799,0.6,20.0,0.9132600118440826,1.0,0.36258242224859283,0.32306846386650134,0.3,2.0,4.0,0
1c478eda-6e7a-41a3-a24d-46bfed68ef5b,686e3aa2-fafa-49b8-ae04-90315babb1d4,0.273877209450799,0.6,20.0,0.9132600118440826,0.2,0.2485402182633587,0.3567460645487345,1.0,4.0,6.0,1
1c478eda-6e7a-41a3-a24d-46bfed68ef5b,153e892c-7403-48b3-b3e5-7a4444a6af33,0.273877209450799,0.6,20.0,0.9132600118440826,1.0,0.268440635924974,0.5517497858340187,0.3,3.0,6.0,1
1c478eda-6e7a-41a3-a24d-46bfed68ef5b,c65f2822-55d3-4e67-b0e3-dcb7ed48c4fc,0.273877209450799,0.6,20.0,0.9132600118440826,0.2,0.5969201348829377,0.6751594254540361,0.3,5.0,5.0,1
1c478eda-6e7a-41a3-a24d-46bfed68ef5b,8618c927-9c33-4057-8bfe-9828bd93601a,0.273877209450799,0.6,20.0,0.9132600118440826,0.6,0.22804722680585615,0.021203888490483047,0.6,0.0,6.0,1
1c478eda-6e7a-41a3-a24d-46bfed68ef5b,42438319-d9cd-4491-91c4-7e8df4051b62,0.273877209450799,0.6,20.0,0.9132600118440826,0.2,0.6023180626659986,0.9806347370894578,0.0,5.0,0.0,1
1c478eda-6e7a-41a3-a24d-46bfed68ef5b,773cb37f-03e9-462d-9f7c-bb397a470391,0.273877209450799,0.6,20.0,0.9132600118440826,1.0,0.138085119243381,0.17870489763614517,0.6,4.0,6.0,1
1c478eda-6e7a-41a3-a24d-46bfed68ef5b,c4200dd0-0628-49ac-a3d4-9cafb23a3f7c,0.273877209450799,0.6,20.0,0.9132600118440826,0.6,0.23204019132352335,0.14567973078804342,0.3,5.0,0.0,1
1c478eda-6e7a-41a3-a24d-46bfed68ef5b,94f447d1-ce40-4abc-9492-1b4fa652cdf8,0.273877209450799,0.6,20.0,0.9132600118440826,0.2,0.7747992350688047,0.24068147068829215,1.0,3.0,5.0,1
1c478eda-6e7a-41a3-a24d-46bfed68ef5b,9f019ca3-6a4d-4f1c-8cfd-4fc983011cd8,0.273877209450799,0.6,20.0,0.9132600118440826,0.6,0.8592879525285462,0.4771610349793223,0.6,1.0,2.0,1
1c478eda-6e7a-41a3-a24d-46bfed68ef5b,34df5d01-15ed-49be-beaf-1edba5ce73f3,0.273877209450799,0.6,20.0,0.9132600118440826,0.2,0.570771685431961,0.8647552667165631,0.3,1.0,2.0,1
1c478eda-6e7a-41a3-a24d-46bfed68ef5b,86df6ab5-0a91-4c31-ae77-b6a97acaa3b6,0.273877209450799,0.6,20.0,0.9132600118440826,0.2,0.6626325512293207,0.22621734088053103,1.0,1.0,3.0,1
1c478eda-6e7a-41a3-a24d-46bfed68ef5b,d879a756-cb6b-4026-a00a-656051801b5f,0.273877209450799,0.6,20.0,0.9132600118440826,1.0,0.19670829855613808,0.6495454402345533,1.0,5.0,2.0,0
1c478eda-6e7a-41a3-a24d-46bfed68ef5b,e2cc89a7-6e52-40e3-8411-87a3295c8a0e,0.273877209450799,0.6,20.0,0.9132600118440826,0.2,0.3237254478661281,0.030381800897473776,0.3,0.0,5.0,1
1c478eda-6e7a-41a3-a24d-46bfed68ef5b,d96815d9-4db7-48f0-85a0-eddc3b7b916f,0.273877209450799,0.6,20.0,0.9132600118440826,0.6,0.4536278778772145,0.0754688004112799,1.0,5.0,0.0,1
1c478eda-6e7a-41a3-a24d-46bfed68ef5b,b7c1594e-c23f-4a6c-b842-737b0c93b147,0.273877209450799,0.6,20.0,0.9132600118440826,1.0,0.3323463750225212,0.10510906779710338,0.3,3.0,2.0,1
1c478eda-6e7a-41a3-a24d-46bfed68ef5b,666c606e-4a7f-4e66-9fac-fbc0339d13f8,0.273877209450799,0.6,20.0,0.9132600118440826,1.0,0.9652102148867648,0.8330892916579566,0.3,3.0,4.0,1
1c478eda-6e7a-41a3-a24d-46bfed68ef5b,1b648ad6-0817-4f80-a7aa-9a94a583454e,0.273877209450799,0.6,20.0,0.9132600118440826,1.0,0.9167464792916038,0.10114468166917334,0.0,5.0,0.0,1
1c478eda-6e7a-41a3-a24d-46bfed68ef5b,fc4acfb5-647c-49b2-9c8c-e8b0e4b17239,0.273877209450799,0.6,20.0,0.9132600118440826,0.6,0.9661698956227394,0.22641288621518874,0.0,1.0,2.0,0
1c478eda-6e7a-41a3-a24d-46bfed68ef5b,4ba8e189-dadf-4dd5-b53d-7c4e20e6a1b9,0.273877209450799,0.6,20.0,0.9132600118440826,1.0,0.4261308026245366,0.5885791737632688,0.3,3.0,6.0,1
1c478eda-6e7a-41a3-a24d-46bfed68ef5b,4a47a28f-ebfe-4e2c-b5a5-219b771c2344,0.273877209450799,0.6,20.0,0.9132600118440826,1.0,0.886582543106834,0.6746693780314743,0.3,5.0,1.0,0
e53f8038-d826-4702-87a8-8bf1bc0d4251,160450d5-9356-496d-a71d-78413a2828c7,0.5218175433212224,0.2,13.0,0.3409095688688475,0.2,0.6437789001540966,0.8506322574276396,1.0,4.0,3.0,0
e53f8038-d826-4702-87a8-8bf1bc0d4251,cd43d020-95b3-4fce-8795-f8fd1c5756af,0.5218175433212224,0.2,13.0,0.3409095688688475,0.6,0.5573941486973442,0.11632937988922598,0.3,3.0,6.0,0
e53f8038-d826-4702-87a8-8bf1bc0d4251,122cf437-7436-42ed-ba9f-fd1238cad94f,0.5218175433212224,0.2,13.0,0.3409095688688475,0.6,0.7296624097080157,0.24684751428984442,0.6,4.0,0.0,1
e53f8038-d826-4702-87a8-8bf1bc0d4251,a8daf424-06ed-42c5-99ea-74a1e01591a9,0.5218175433212224,0.2,13.0,0.3409095688688475,0.6,0.6995840419204985,0.5852213104701965,0.0,5.0,2.0,0
e53f8038-d826-4702-87a8-8bf1bc0d4251,153d2d46-4437-4840-90a1-e5308394b291,0.5218175433212224,0.2,13.0,0.3409095688688475,0.6,0.8859430875649702,0.004809331333315514,0.6,2.0,0.0,1
e53f8038-d826-4702-87a8-8bf1bc0d4251,a86f1d29-fc0a-43b2-a5f5-1c81ea61e113,0.5218175433212224,0.2,13.0,0.3409095688688475,0.2,0.5459412758711781,0.9929580634194145,0.6,0.0,4.0,0
e53f8038-d826-4702-87a8-8bf1bc0d4251,8977ae1e-0308-44ae-a8c8-f83ca0744d63,0.5218175433212224,0.2,13.0,0.3409095688688475,0.6,0.8507600711322102,0.25582976206381436,0.6,3.0,2.0,1
e53f8038-d826-4702-87a8-8bf1bc0d4251,5a34f357-525c-4e8c-9761-fca6c5ef4a54,0.5218175433212224,0.2,13.0,0.3409095688688475,1.0,0.32612342892093527,0.37000647225331373,0.3,2.0,1.0,0
e53f8038-d826-4702-87a8-8bf1bc0d4251,4590aaee-b789-46de-a082-c6807a962ec2,0.5218175433212224,0.2,13.0,0.3409095688688475,1.0,0.9792453221449127,0.1694110619506124,1.0,2.0,2.0,1
e53f8038-d826-4702-87a8-8bf1bc0d4251,65c54c61-8bed-4502-891f-54207581973c,0.5218175433212224,0.2,13.0,0.3409095688688475,0.6,0.5609694251913983,0.4769640187588726,1.0,1.0,5.0,1
e53f8038-d826-4702-87a8-8bf1bc0d4251,e3e4e158-1e76-4fc3-a85b-e05b8b8a0ccb,0.5218175433212224,0.2,13.0,0.3409095688688475,0.6,0.639410932283415,0.2933005026004223,0.0,4.0,1.0,0
e53f8038-d826-4702-87a8-8bf1bc0d4251,cf67b867-661f-4761-aa9e-bd64b50cabad,0.5218175433212224,0.2,13.0,0.3409095688688475,0.6,0.9775452477834666,0.8291857681957223,0.6,3.0,2.0,1
e53f8038-d826-4702-87a8-8bf1bc0d4251,8618c927-9c33-4057-8bfe-9828bd93601a,0.5218175433212224,0.2,13.0,0.3409095688688475,0.6,0.22804722680585615,0.021203888490483047,0.6,1.0,4.0,0
e53f8038-d826-4702-87a8-8bf1bc0d4251,8e97dadb-1a1b-42b9-ab2b-901aa2169415,0.5218175433212224,0.2,13.0,0.3409095688688475,0.6,0.4258214568056816,0.9395878832020562,1.0,3.0,4.0,1
e53f8038-d826-4702-87a8-8bf1bc0d4251,7e095f22-5248-4ba3-b91c-aefd7470fd6a,0.5218175433212224,0.2,13.0,0.3409095688688475,0.6,0.520298671705361,0.6766771512956176,0.3,5.0,6.0,0
e53f8038-d826-4702-87a8-8bf1bc0d4251,dbb00897-88a6-4e66-bf2b-d540c730bdb9,0.5218175433212224,0.2,13.0,0.3409095688688475,0.6,0.9518329178984374,0.4047620165937216,0.0,1.0,4.0,0
e53f8038-d826-4702-87a8-8bf1bc0d4251,7cae5725-f4a7-4615-ab21-00fad572f2f3,0.5218175433212224,0.2,13.0,0.3409095688688475,1.0,0.8991240703271256,0.15308566915688449,0.3,3.0,1.0,0
e53f8038-d826-4702-87a8-8bf1bc0d4251,6cef895f-06aa-4942-bedd-72fff31eb379,0.5218175433212224,0.2,13.0,0.3409095688688475,0.2,0.8773089936408774,0.6446474280251517,1.0,0.0,1.0,0
e53f8038-d826-4702-87a8-8bf1bc0d4251,5e04770f-4a25-48a2-ad93-cef1ed97d455,0.5218175433212224,0.2,13.0,0.3409095688688475,1.0,0.6810890391339975,0.862719881758954,0.3,2.0,2.0,0
e53f8038-d826-4702-87a8-8bf1bc0d4251,8d5761d4-efd9-4f9b-a561-e385778a1505,0.5218175433212224,0.2,13.0,0.3409095688688475,0.2,0.5667301021003356,0.19240837052962323,0.3,0.0,1.0,1
e53f8038-d826-4702-87a8-8bf1bc0d4251,85a991a1-00c2-4f3b-a2f1-2edd3ed3c13b,0.5218175433212224,0.2,13.0,0.3409095688688475,0.6,0.885115810475927,0.053316349790826556,0.3,1.0,1.0,0
e53f8038-d826-4702-87a8-8bf1bc0d4251,0bc32369-5cc1-4c6e-9b9e-a0d6ad643532,0.5218175433212224,0.2,13.0,0.3409095688688475,0.6,0.6337720175795309,0.5219080741476771,1.0,0.0,5.0,1
e53f8038-d826-4702-87a8-8bf1bc0d4251,8d3c9344-6c45-43f7-a583-eb49f1bd7c4b,0.5218175433212224,0.2,13.0,0.3409095688688475,1.0,0.32697303710818776,0.18910296519857916,0.6,1.0,0.0,0
e53f8038-d826-4702-87a8-8bf1bc0d4251,160450d5-9356-496d-a71d-78413a2828c7,0.5218175433212224,0.2,13.0,0.3409095688688475,0.2,0.6437789001540966,0.8506322574276396,1.0,0.0,3.0,1
e53f8038-d826-4702-87a8-8bf1bc0d4251,d8d30dac-fd61-48d1-8bf9-aa602ff08b1b,0.5218175433212224,0.2,13.0,0.3409095688688475,0.6,0.5193853910130869,0.5025270481245171,0.0,2.0,0.0,0
e53f8038-d826-4702-87a8-8bf1bc0d4251,f62e1330-1cf0-425f-9f10-6ddf9042abcd,0.5218175433212224,0.2,13.0,0.3409095688688475,1.0,0.9321622696421319,0.2356252848280802,1.0,2.0,2.0,0
e53f8038-d826-4702-87a8-8bf1bc0d4251,c777c23f-b2f3-4f1d-bbea-1e7286fac786,0.5218175433212224,0.2,13.0,0.3409095688688475,0.2,0.9597491309827612,0.04607692524933382,0.0,4.0,2.0,0
e53f8038-d826-4702-87a8-8bf1bc0d4251,4ba8e189-dadf-4dd5-b53d-7c4e20e6a1b9,0.5218175433212224,0.2,13.0,0.3409095688688475,1.0,0.4261308026245366,0.5885791737632688,0.3,1.0,1.0,0
e53f8038-d826-4702-87a8-8bf1bc0d4251,be7b953b-bf68-42e7-957e-b6f8f29af69d,0.5218175433212224,0.2,13.0,0.3409095688688475,1.0,0.6945243897343877,0.4669732371344246,1.0,2.0,3.0,1
e53f8038-d826-4702-87a8-8bf1bc0d4251,f02458a6-6ff7-47a1-8e01-b8ff21f7812d,0.5218175433212224,0.2,13.0,0.3409095688688475,0.2,0.336680938116936,0.2620493339390677,0.6,2.0,6.0,1
e53f8038-d826-4702-87a8-8bf1bc0d4251,667e3056-15dd-4db1-8e1b-b615cf4a3827,0.5218175433212224,0.2,13.0,0.3409095688688475,0.6,0.15606825708589728,0.7606037779959967,0.0,1.0,4.0,1
e53f8038-d826-4702-87a8-8bf1bc0d4251,16aa6851-6f56-441d-b1e3-84c8e2b58887,0.5218175433212224,0.2,13.0,0.3409095688688475,1.0,0.7017944767412314,0.7875435396564088,0.3,4.0,0.0,0
e53f8038-d826-4702-87a8-8bf1bc0d4251,1975da03-cf78-4c90-a916-3660a489f0dc,0.5218175433212224,0.2,13.0,0.3409095688688475,0.6,0.4213481052285838,0.6693330773357604,0.6,0.0,2.0,1
e53f8038-d826-4702-87a8-8bf1bc0d4251,020ff159-4271-4aa5-87f3-9295346f6563,0.5218175433212224,0.2,13.0,0.3409095688688475,0.6,0.31530071999913584,0.1616253953204818,0.0,4.0,2.0,0
e53f8038-d826-4702-87a8-8bf1bc0d4251,b08c5e45-1706-4711-993f-50cbf58e2335,0.5218175433212224,0.2,13.0,0.3409095688688475,0.6,0.7901117853804409,0.22604311984039915,0.0,0.0,2.0,0
e53f8038-d826-4702-87a8-8bf1bc0d4251,0764c1e1-84c4-4344-814b-56f447356699,0.5218175433212224,0.2,13.0,0.3409095688688475,0.2,0.36478434898577183,0.31372887152086304,0.3,2.0,3.0,0
e53f8038-d826-4702-87a8-8bf1bc0d4251,f2b47773-ae1a-4e1a-83d1-6e1190805e45,0.5218175433212224,0.2,13.0,0.3409095688688475,0.2,0.47451581704366996,0.8941437054017293,0.0,3.0,6.0,0
e53f8038-d826-4702-87a8-8bf1bc0d4251,d8d30dac-fd61-48d1-8bf9-aa602ff08b1b,0.5218175433212224,0.2,13.0,0.3409095688688475,0.6,0.5193853910130869,0.5025270481245171,0.0,2.0,3.0,0
e53f8038-d826-4702-87a8-8bf1bc0d4251,4fdb3305-ba7f-45fd-908f-aee1f36874a7,0.5218175433212224,0.2,13.0,0.3409095688688475,0.2,0.9186809012161644,0.8525202868433427,1.0,0.0,5.0,0
e53f8038-d826-4702-87a8-8bf1bc0d4251,b1ecfa5c-68a1-4a8a-846a-dfb97027e1f6,0.5218175433212224,0.2,13.0,0.3409095688688475,0.6,0.47396075244655456,0.7794108057492125,1.0,5.0,5.0,0
a0d81e73-c9ca-44a2-bff7-ee9abac5c8a5,cf67b867-661f-4761-aa9e-bd64b50cabad,0.565222722856936,1.0,8.0,0.6927298832428408,0.6,0.9775452477834666,0.8291857681957223,0.6,1.0,2.0,0
a0d81e73-c9ca-44a2-bff7-ee9abac5c8a5,bf54fdb0-6d82-479e-a9d5-78fc64767a17,0.565222722856936,1.0,8.0,0.6927298832428408,0.2,0.17614837616217327,0.6505421545039386,1.0,3.0,3.0,1
a0d81e73-c9ca-44a2-bff7-ee9abac5c8a5,18d9fc90-579e-4041-988f-c2fa9da7d9f1,0.565222722856936,1.0,8.0,0.6927298832428408,0.2,0.611318917479668,0.23509193379958115,0.3,1.0,0.0,1
a0d81e73-c9ca-44a2-bff7-ee9abac5c8a5,c5beb2bc-7876-4318-b66a-dab1f0815f72,0.565222722856936,1.0,8.0,0.6927298832428408,0.6,0.40881718791361676,0.5939586390142232,0.0,4.0,6.0,0
a0d81e73-c9ca-44a2-bff7-ee9abac5c8a5,b20bab7d-8fe1-4291-9511-746d551c6381,0.565222722856936,1.0,8.0,0.6927298832428408,1.0,0.30803403606513613,0.290684856511908,0.0,3.0,0.0,0
a0d81e73-c9ca-44a2-bff7-ee9abac5c8a5,290546aa-9a27-44b0-96cf-1cbe5de0ac63,0.565222722856936,1.0,8.0,0.6927298832428408,0.2,0.8840031953521331,0.909469052204089,0.3,0.0,4.0,0
a0d81e73-c9ca-44a2-bff7-ee9abac5c8a5,547da744-4911-48fa-9b2f-1b550cf8ac17,0.565222722856936,1.0,8.0,0.6927298832428408,1.0,0.45632620168229077,0.11858678619598295,1.0,0.0,0.0,0
a0d81e73-c9ca-44a2-bff7-ee9abac5c8a5,663e97bc-95a7-41b9-9e8e-0aaa991d7522,0.565222722856936,1.0,8.0,0.6927298832428408,0.2,0.45979536292483636,0.25030114523410607,1.0,5.0,0.0,0
a0d81e73-c9ca-44a2-bff7-ee9abac5c8a5,ad581338-27d8-4935-86c9-5f785bf435c2,0.565222722856936,1.0,8.0,0.6927298832428408,1.0,0.3943185155107163,0.2811618959132587,0.3,3.0,6.0,0
a0d81e73-c9ca-44a2-bff7-ee9abac5c8a5,a7da2f9e-cfe5-4f9b-a2a9-83b121e1b3a8,0.565222722856936,1.0,8.0,0.6927298832428408,1.0,0.8629090312240775,0.8986309655053686,0.3,4.0,4.0,1
a0d81e73-c9ca-44a2-bff7-ee9abac5c8a5,f2b47773-ae1a-4e1a-83d1-6e1190805e45,0.565222722856936,1.0,8.0,0.6927298832428408,0.2,0.47451581704366996,0.8941437054017293,0.0,5.0,0.0,1
a0d81e73-c9ca-44a2-bff7-ee9abac5c8a5,90e0e36e-2a3f-4349-b92f-d283a363e309,0.565222722856936,1.0,8.0,0.6927298832428408,0.6,0.37903438078382046,0.7659731746919894,0.6,0.0,3.0,1
a0d81e73-c9ca-44a2-bff7-ee9abac5c8a5,79cb3b8e-aafa-418e-97aa-f7fdcb3d6c58,0.565222722856936,1.0,8.0,0.6927298832428408,0.2,0.3730266808058288,0.7752357696427774,0.3,5.0,2.0,0
a0d81e73-c9ca-44a2-bff7-ee9abac5c8a5,78815b00-b8cf-4b53-9b5c-0a0cc08481cf,0.565222722856936,1.0,8.0,0.6927298832428408,0.6,0.9610158815047943,0.2578843936513069,0.0,3.0,4.0,1
a0d81e73-c9ca-44a2-bff7-ee9abac5c8a5,31a8a011-26d9-417f-9acd-2dc1aa620cb1,0.565222722856936,1.0,8.0,0.6927298832428408,0.6,0.8578772412513512,0.31368145278296056,0.6,5.0,4.0,0
a0d81e73-c9ca-44a2-bff7-ee9abac5c8a5,b675fdc1-c9db-4f65-ad76-cb5d41d88b8a,0.565222722856936,1.0,8.0,0.6927298832428408,0.2,0.6871950997280843,0.6183737144963264,0.0,4.0,6.0,1
a0d81e73-c9ca-44a2-bff7-ee9abac5c8a5,172d7aba-b1e9-40bf-b1cb-cf4e91d5184a,0.565222722856936,1.0,8.0,0.6927298832428408,1.0,0.8526659690466724,0.6328103281975677,0.6,0.0,0.0,1
a0d81e73-c9ca-44a2-bff7-ee9abac5c8a5,3feb240a-54de-4548-9d6d-6b68da72c588,0.565222722856936,1.0,8.0,0.6927298832428408,0.6,0.3534939575862086,0.46875086538360267,0.6,1.0,6.0,0
a0d81e73-c9ca-44a2-bff7-ee9abac5c8a5,cfaac6f7-b976-4661-8cd2-98f3a4e3a281,0.565222722856936,1.0,8.0,0.6927298832428408,0.2,0.17993656314318568,0.2972789514204549,0.3,0.0,5.0,0
a0d81e73-c9ca-44a2-bff7-ee9abac5c8a5,d62328c7-3c09-4bff-896a-238934dcedc8,0.565222722856936,1.0,8.0,0.6927298832428408,0.2,0.5544033125310288,0.572254789610878,1.0,1.0,5.0,1
a0d81e73-c9ca-44a2-bff7-ee9abac5c8a5,10fa412c-7efe-46f7-89b0-c6aa11d87532,0.565222722856936,1.0,8.0,0.6927298832428408,1.0,0.911960789245008,0.6298188715387788,0.3,2.0,0.0,1
a0d81e73-c9ca-44a2-bff7-ee9abac5c8a5,965ef1a3-f422-4510-af75-d3f89e3642dd,0.565222722856936,1.0,8.0,0.6927298832428408,1.0,0.4273005359792914,0.6938722867459519,0.6,4.0,1.0,0
a0d81e73-c9ca-44a2-bff7-ee9abac5c8a5,15ffb6f4-0363-4611-afec-93fefe2ffd83,0.565222722856936,1.0,8.0,0.6927298832428408,0.2,0.9223427256162328,0.7798431272433336,0.3,4.0,6.0,1
a0d81e73-c9ca-44a2-bff7-ee9abac5c8a5,6df290df-6194-497e-9997-fd6713e1435f,0.565222722856936,1.0,8.0,0.6927298832428408,1.0,0.7637061762371852,0.8809980926459479,0.6,2.0,0.0,1
a0d81e73-c9ca-44a2-bff7-ee9abac5c8a5,65c54c61-8bed-4502-891f-54207581973c,0.565222722856936,1.0,8.0,0.6927298832428408,0.6,0.5609694251913983,0.4769640187588726,1.0,4.0,4.0,0
a0d81e73-c9ca-44a2-bff7-ee9abac5c8a5,bb149053-41e0-46bd-ae04-d392610b827f,0.565222722856936,1.0,8.0,0.6927298832428408,1.0,0.9892289095536471,0.5376980874726343,0.3,2.0,3.0,0
a0d81e73-c9ca-44a2-bff7-ee9abac5c8a5,fda140a2-2654-463e-a825-e101e2f7921b,0.565222722856936,1.0,8.0,0.6927298832428408,0.2,0.3998020556294877,0.9744658783076392,0.0,3.0,4.0,1
a0d81e73-c9ca-44a2-bff7-ee9abac5c8a5,042f11d0-6ddd-4561-8c2c-5e00545a621e,0.565222722856936,1.0,8.0,0.6927298832428408,1.0,0.7872798003899497,0.9285445017428434,0.6,0.0,6.0,0
a0d81e73-c9ca-44a2-bff7-ee9abac5c8a5,85a991a1-00c2-4f3b-a2f1-2edd3ed3c13b,0.565222722856936,1.0,8.0,0.6927298832428408,0.6,0.885115810475927,0.053316349790826556,0.3,0.0,3.0,1
a0d81e73-c9ca-44a2-bff7-ee9abac5c8a5,e8099b2a-0582-4c26-a562-02489ef37a4d,0.565222722856936,1.0,8.0,0.6927298832428408,1.0,0.5135230437741315,0.3765636685032894,1.0,5.0,4.0,0
a0d81e73-c9ca-44a2-bff7-ee9abac5c8a5,8d5761d4-efd9-4f9b-a561-e385778a1505,0.565222722856936,1.0,8.0,0.6927298832428408,0.2,0.5667301021003356,0.19240837052962323,0.3,2.0,1.0,1
a0d81e73-c9ca-44a2-bff7-ee9abac5c8a5,b404278c-bd4e-43f3-b805-2473f7c0eb3d,0.565222722856936,1.0,8.0,0.6927298832428408,0.6,0.2463507248368063,0.8830515088702483,0.3,5.0,5.0,0
a0d81e73-c9ca-44a2-bff7-ee9abac5c8a5,5ac7df38-e13e-4ddf-ac1d-8bd8825c2903,0.565222722856936,1.0,8.0,0.6927298832428408,0.2,0.5606417702241059,0.9155246766150124,0.0,0.0,5.0,1
a0d81e73-c9ca-44a2-bff7-ee9abac5c8a5,dbb00897-88a6-4e66-bf2b-d540c730bdb9,0.565222722856936,1.0,8.0,0.6927298832428408,0.6,0.9518329178984374,0.4047620165937216,0.0,3.0,2.0,1
a0d81e73-c9ca-44a2-bff7-ee9abac5c8a5,b08c5e45-1706-4711-993f-50cbf58e2335,0.565222722856936,1.0,8.0,0.6927298832428408,0.6,0.7901117853804409,0.22604311984039915,0.0,5.0,3.0,1
a0d81e73-c9ca-44a2-bff7-ee9abac5c8a5,6bc2f168-7233-41b6-b378-1e91e4060318,0.565222722856936,1.0,8.0,0.6927298832428408,0.6,0.8903489988595626,0.4493952204847722,0.6,0.0,3.0,0
a0d81e73-c9ca-44a2-bff7-ee9abac5c8a5,d96815d9-4db7-48f0-85a0-eddc3b7b916f,0.565222722856936,1.0,8.0,0.6927298832428408,0.6,0.4536278778772145,0.0754688004112799,1.0,4.0,6.0,1
a0d81e73-c9ca-44a2-bff7-ee9abac5c8a5,042f11d0-6ddd-4561-8c2c-5e00545a621e,0.565222722856936,1.0,8.0,0.6927298832428408,1.0,0.7872798003899497,0.9285445017428434,0.6,2.0,4.0,1
a0d81e73-c9ca-44a2-bff7-ee9abac5c8a5,b8a59f9c-9152-4e9d-9227-81b450029be0,0.565222722856936,1.0,8.0,0.6927298832428408,0.2,0.9082416607735994,0.8438860705844703,1.0,1.0,2.0,1
a0d81e73-c9ca-44a2-bff7-ee9abac5c8a5,e02821d5-6c11-48d3-9e5a-ab797cf10dfd,0.565222722856936,1.0,8.0,0.6927298832428408,0.2,0.30278131508958317,0.8518530351666224,0.6,2.0,2.0,0
1260d9e1-b9a9-4656-b062-5ecb794e78be,e44b9013-f4a8-49bf-9379-87dcbb2e8e53,0.8437323598319368,0.6,14.0,0.5484595944031154,1.0,0.36258242224859283,0.32306846386650134,0.3,2.0,4.0,0
1260d9e1-b9a9-4656-b062-5ecb794e78be,31a8a011-26d9-417f-9acd-2dc1aa620cb1,0.8437323598319368,0.6,14.0,0.5484595944031154,0.6,0.8578772412513512,0.31368145278296056,0.6,5.0,4.0,0
1260d9e1-b9a9-4656-b062-5ecb794e78be,8d5761d4-efd9-4f9b-a561-e385778a1505,0.8437323598319368,0.6,14.0,0.5484595944031154,0.2,0.5667301021003356,0.19240837052962323,0.3,4.0,6.0,1
1260d9e1-b9a9-4656-b062-5ecb794e78be,723b0875-2f5c-406d-91ef-1ef6768c21e1,0.8437323598319368,0.6,14.0,0.5484595944031154,0.6,0.5865033881557733,0.9546606431143135,0.6,4.0,4.0,1
1260d9e1-b9a9-4656-b062-5ecb794e78be,4df46fb7-f407-42f6-a653-9d8438903f61,0.8437323598319368,0.6,14.0,0.5484595944031154,1.0,0.9723558352169928,0.2356344975085155,1.0,3.0,1.0,0
1260d9e1-b9a9-4656-b062-5ecb794e78be,b61ea83c-607e-45d0-8e7b-1b85dc0719bf,0.8437323598319368,0.6,14.0,0.5484595944031154,0.2,0.48020855047645894,0.4947416007255965,1.0,1.0,4.0,1
1260d9e1-b9a9-4656-b062-5ecb794e78be,965ef1a3-f422-4510-af75-d3f89e3642dd,0.8437323598319368,0.6,14.0,0.5484595944031154,1.0,0.4273005359792914,0.6938722867459519,0.6,0.0,4.0,1
1260d9e1-b9a9-4656-b062-5ecb794e78be,f02458a6-6ff7-47a1-8e01-b8ff21f7812d,0.8437323598319368,0.6,14.0,0.5484595944031154,0.2,0.336680938116936,0.2620493339390677,0.6,4.0,2.0,1
1260d9e1-b9a9-4656-b062-5ecb794e78be,dd77c881-c04d-4f99-9177-d94ef20adb4f,0.8437323598319368,0.6,14.0,0.5484595944031154,0.6,0.616612541041993,0.6647291139113415,0.0,3.0,5.0,1
1260d9e1-b9a9-4656-b062-5ecb794e78be,72e21539-04f0-470f-b69d-9a418f7ff37b,0.8437323598319368,0.6,14.0,0.5484595944031154,0.2,0.6144010067276086,0.8682015664155024,0.6,4.0,4.0,1
1260d9e1-b9a9-4656-b062-5ecb794e78be,8155e67e-e6b6-4564-9fbc-a422dfbb4728,0.8437323598319368,0.6,14.0,0.5484595944031154,0.2,0.3282195111753295,0.7588859461800079,0.0,3.0,6.0,1
1260d9e1-b9a9-4656-b062-5ecb794e78be,1c71f507-dfea-4b96-86e6-8a12d5a0d8da,0.8437323598319368,0.6,14.0,0.5484595944031154,1.0,0.9354478790984506,0.6224732640307242,0.0,5.0,1.0,0
1260d9e1-b9a9-4656-b062-5ecb794e78be,87a7aeb8-bf34-460e-bb3c-fbe35cf1ef81,0.8437323598319368,0.6,14.0,0.5484595944031154,1.0,0.7885085605778664,0.825897641598029,0.6,1.0,1.0,0
1260d9e1-b9a9-4656-b062-5ecb794e78be,1e4deb48-10af-482d-89be-a40b3cfa6237,0.8437323598319368,0.6,14.0,0.5484595944031154,0.2,0.45812006017454143,0.5670116153989458,0.0,5.0,3.0,1
1260d9e1-b9a9-4656-b062-5ecb794e78be,122cf437-7436-42ed-ba9f-fd1238cad94f,0.8437323598319368,0.6,14.0,0.5484595944031154,0.6,0.7296624097080157,0.24684751428984442,0.6,0.0,1.0,0
1260d9e1-b9a9-4656-b062-5ecb794e78be,547da744-4911-48fa-9b2f-1b550cf8ac17,0.8437323598319368,0.6,14.0,0.5484595944031154,1.0,0.45632620168229077,0.11858678619598295,1.0,2.0,3.0,0
1260d9e1-b9a9-4656-b062-5ecb794e78be,b8a59f9c-9152-4e9d-9227-81b450029be0,0.8437323598319368,0.6,14.0,0.5484595944031154,0.2,0.9082416607735994,0.8438860705844703,1.0,1.0,2.0,1
1260d9e1-b9a9-4656-b062-5ecb794e78be,a86f1d29-fc0a-43b2-a5f5-1c81ea61e113,0.8437323598319368,0.6,14.0,0.5484595944031154,0.2,0.5459412758711781,0.9929580634194145,0.6,5.0,0.0,1
1260d9e1-b9a9-4656-b062-5ecb794e78be,9e41ae98-3ee0-4c48-9029-b5642a7cc95d,0.8437323598319368,0.6,14.0,0.5484595944031154,1.0,0.7260508358588046,0.04490801776792286,0.6,5.0,1.0,0
1260d9e1-b9a9-4656-b062-5ecb794e78be,d05c6a73-7fda-4aba-88c3-900cedb6b9a6,0.8437323598319368,0.6,14.0,0.5484595944031154,0.6,0.37465691625557584,0.04502897108590176,0.0,2.0,0.0,1
1260d9e1-b9a9-4656-b062-5ecb794e78be,69f0bb17-25d2-40ca-9934-1d66d65b38ec,0.8437323598319368,0.6,14.0,0.5484595944031154,1.0,0.5123580186270776,0.31857910523425825,0.6,0.0,6.0,0
1260d9e1-b9a9-4656-b062-5ecb794e78be,3feb240a-54de-4548-9d6d-6b68da72c588,0.8437323598319368,0.6,14.0,0.5484595944031154,0.6,0.3534939575862086,0.46875086538360267,0.6,4.0,4.0,1
1260d9e1-b9a9-4656-b062-5ecb794e78be,4b00903d-63e9-4414-b21a-341b0a8b4f74,0.8437323598319368,0.6,14.0,0.5484595944031154,0.2,0.6633655398442496,0.5256274218571385,0.0,4.0,4.0,1
1260d9e1-b9a9-4656-b062-5ecb794e78be,d1505a61-3c3b-4c86-a8ae-c4ab1a296525,0.8437323598319368,0.6,14.0,0.5484595944031154,1.0,0.5383907575441277,0.2096336099684688,0.6,2.0,1.0,0
1260d9e1-b9a9-4656-b062-5ecb794e78be,1dbb57c0-dbf1-4996-b33e-610ff0e1a4c5,0.8437323598319368,0.6,14.0,0.5484595944031154,0.2,0.6520298599863723,0.91316722678243,1.0,2.0,2.0,1
1260d9e1-b9a9-4656-b062-5ecb794e78be,e033b700-4879-4d96-af09-314a42b40ec0,0.8437323598319368,0.6,14.0,0.5484595944031154,0.6,0.5265277997852419,0.306413896951497,1.0,2.0,5.0,1
1260d9e1-b9a9-4656-b062-5ecb794e78be,425b9a2c-d3c2-418b-8da0-71ea5c07dd63,0.8437323598319368,0.6,14.0,0.5484595944031154,0.2,0.5351171693089606,0.9651204126148089,0.0,3.0,1.0,1
1260d9e1-b9a9-4656-b062-5ecb794e78be,c2aa2f4b-31d0-4751-b78b-9bc94a917dd3,0.8437323598319368,0.6,14.0,0.5484595944031154,0.2,0.9632839642542039,0.47862263242291936,0.3,1.0,3.0,1
1260d9e1-b9a9-4656-b062-5ecb794e78be,35fc8989-8da0-422f-a619-1517d94a5ef1,0.8437323598319368,0.6,14.0,0.5484595944031154,0.6,0.53636942704019,0.22090661672949963,1.0,0.0,6.0,1
1260d9e1-b9a9-4656-b062-5ecb794e78be,88e79e28-8590-4873-baf3-158ade3d3e32,0.8437323598319368,0.6,14.0,0.5484595944031154,1.0,0.9148647291612199,0.12864998776038128,0.0,0.0,5.0,0
1260d9e1-b9a9-4656-b062-5ecb794e78be,5bccbbea-6061-4c3b-babf-9f5de9889c73,0.8437323598319368,0.6,14.0,0.5484595944031154,0.2,0.4789495794434827,0.42500061980149273,0.3,2.0,6.0,0
1260d9e1-b9a9-4656-b062-5ecb794e78be,8d8bd000-8a84-4c8b-bdc8-797008544155,0.8437323598319368,0.6,14.0,0.5484595944031154,1.0,0.14606305453676433,0.13377939697072627,0.0,3.0,0.0,1
1260d9e1-b9a9-4656-b062-5ecb794e78be,06497e85-86a1-47f4-bbdd-a5f778924253,0.8437323598319368,0.6,14.0,0.5484595944031154,0.2,0.19052222599951962,0.20137632619118384,0.3,0.0,6.0,0
1260d9e1-b9a9-4656-b062-5ecb794e78be,1448df8a-d98e-4341-b986-a8f8b8a384c2,0.8437323598319368,0.6,14.0,0.5484595944031154,1.0,0.1288249955168966,0.3673497152563451,0.6,0.0,6.0,0
1260d9e1-b9a9-4656-b062-5ecb794e78be,c0831cb8-2671-4f2e-9498-e74d21da6f33,0.8437323598319368,0.6,14.0,0.5484595944031154,0.2,0.678838712580165,0.49622340240440477,1.0,5.0,2.0,1
1260d9e1-b9a9-4656-b062-5ecb794e78be,8ab6ed8b-51d4-454f-85f3-3f6b976bb994,0.8437323598319368,0.6,14.0,0.5484595944031154,1.0,0.28732703598303644,0.30524872168293893,0.3,2.0,5.0,0
1260d9e1-b9a9-4656-b062-5ecb794e78be,7e095f22-5248-4ba3-b91c-aefd7470fd6a,0.8437323598319368,0.6,14.0,0.5484595944031154,0.6,0.520298671705361,0.6766771512956176,0.3,2.0,0.0,1
1260d9e1-b9a9-4656-b062-5ecb794e78be,bb149053-41e0-46bd-ae04-d392610b827f,0.8437323598319368,0.6,14.0,0.5484595944031154,1.0,0.9892289095536471,0.5376980874726343,0.3,2.0,0.0,1
1260d9e1-b9a9-4656-b062-5ecb794e78be,ff0af660-6a5f-4fd7-b2e1-c43344816514,0.8437323598319368,0.6,14.0,0.5484595944031154,1.0,0.5024161230527904,0.7433967816161681,0.3,0.0,6.0,0
1260d9e1-b9a9-4656-b062-5ecb794e78be,ff0af660-6a5f-4fd7-b2e1-c43344816514,0.8437323598319368,0.6,14.0,0.5484595944031154,1.0,0.5024161230527904,0.7433967816161681,0.3,2.0,0.0,1
67098212-d7a6-4c9a-8109-fbff1df98a7f,d879a756-cb6b-4026-a00a-656051801b5f,0.7117183500135855,0.6,10.0,0.8813705280154656,1.0,0.19670829855613808,0.6495454402345533,1.0,5.0,5.0,1
67098212-d7a6-4c9a-8109-fbff1df98a7f,1f1d5ce2-33eb-44b8-b139-1507fb4718cc,0.7117183500135855,0.6,10.0,0.8813705280154656,1.0,0.5291681488699617,0.6223076451667475,0.0,3.0,6.0,1
67098212-d7a6-4c9a-8109-fbff1df98a7f,5a34f357-525c-4e8c-9761-fca6c5ef4a54,0.7117183500135855,0.6,10.0,0.8813705280154656,1.0,0.32612342892093527,0.37000647225331373,0.3,3.0,0.0,0
67098212-d7a6-4c9a-8109-fbff1df98a7f,8d8bd000-8a84-4c8b-bdc8-797008544155,0.7117183500135855,0.6,10.0,0.8813705280154656,1.0,0.14606305453676433,0.13377939697072627,0.0,5.0,2.0,0
67098212-d7a6-4c9a-8109-fbff1df98a7f,c5beb2bc-7876-4318-b66a-dab1f0815f72,0.7117183500135855,0.6,10.0,0.8813705280154656,0.6,0.40881718791361676,0.5939586390142232,0.0,3.0,0.0,0
67098212-d7a6-4c9a-8109-fbff1df98a7f,8d3c9344-6c45-43f7-a583-eb49f1bd7c4b,0.7117183500135855,0.6,10.0,0.8813705280154656,1.0,0.32697303710818776,0.18910296519857916,0.6,4.0,1.0,1
67098212-d7a6-4c9a-8109-fbff1df98a7f,2270dcd6-f4ba-4acf-b863-271ea249c419,0.7117183500135855,0.6,10.0,0.8813705280154656,0.6,0.888509462672205,0.11768090665028597,0.0,2.0,6.0,1
67098212-d7a6-4c9a-8109-fbff1df98a7f,8ed783a1-387d-4717-b5f7-15de4d9164c0,0.7117183500135855,0.6,10.0,0.8813705280154656,1.0,0.6957695377284588,0.9476351583956032,0.0,1.0,6.0,1
67098212-d7a6-4c9a-8109-fbff1df98a7f,773cb37f-03e9-462d-9f7c-bb397a470391,0.7117183500135855,0.6,10.0,0.8813705280154656,1.0,0.138085119243381,0.17870489763614517,0.6,4.0,2.0,1
67098212-d7a6-4c9a-8109-fbff1df98a7f,ae260348-9d86-49fc-b010-b38655f0aa4c,0.7117183500135855,0.6,10.0,0.8813705280154656,0.6,0.6156726777562007,0.7631540220976764,0.3,0.0,1.0,0
67098212-d7a6-4c9a-8109-fbff1df98a7f,0b680785-5c4e-4ff3-90da-a95bdb6ddea3,0.7117183500135855,0.6,10.0,0.8813705280154656,1.0,0.9476882864447816,0.37902629176285674,0.0,2.0,2.0,0
67098212-d7a6-4c9a-8109-fbff1df98a7f,172d7aba-b1e9-40bf-b1cb-cf4e91d5184a,0.7117183500135855,0.6,10.0,0.8813705280154656,1.0,0.8526659690466724,0.6328103281975677,0.6,3.0,0.0,1
67098212-d7a6-4c9a-8109-fbff1df98a7f,fe560b2d-9461-419f-952d-3526d1d58cc6,0.7117183500135855,0.6,10.0,0.8813705280154656,1.0,0.582611192457266,0.5549319795003286,0.0,5.0,1.0,0
67098212-d7a6-4c9a-8109-fbff1df98a7f,5c628898-abde-4c5b-8dc9-253bfab0c323,0.7117183500135855,0.6,10.0,0.8813705280154656,0.6,0.29562602483866546,0.8882279982692427,0.3,0.0,1.0,1
67098212-d7a6-4c9a-8109-fbff1df98a7f,be7b953b-bf68-42e7-957e-b6f8f29af69d,0.7117183500135855,0.6,10.0,0.8813705280154656,1.0,0.6945243897343877,0.4669732371344246,1.0,0.0,0.0,1
67098212-d7a6-4c9a-8109-fbff1df98a7f,768074f2-fa60-4a87-b7e9-0fe45c042ba8,0.7117183500135855,0.6,10.0,0.8813705280154656,0.6,0.44816631031351084,0.885378023796285,0.0,3.0,6.0,1
67098212-d7a6-4c9a-8109-fbff1df98a7f,94f447d1-ce40-4abc-9492-1b4fa652cdf8,0.7117183500135855,0.6,10.0,0.8813705280154656,0.2,0.7747992350688047,0.24068147068829215,1.0,5.0,5.0,1
67098212-d7a6-4c9a-8109-fbff1df98a7f,61ae4cd0-4feb-4315-9993-55959a8ab125,0.7117183500135855,0.6,10.0,0.8813705280154656,0.6,0.5247340762216478,0.34315624408831924,0.0,1.0,0.0,1
67098212-d7a6-4c9a-8109-fbff1df98a7f,9d28a4ed-19ea-45ff-8c87-cd755a39633c,0.7117183500135855,0.6,10.0,0.8813705280154656,1.0,0.9699569764835101,0.3864034459374597,1.0,4.0,4.0,1
67098212-d7a6-4c9a-8109-fbff1df98a7f,b1ef27f4-c212-4d80-95b3-1ccfcccee40b,0.7117183500135855,0.6,10.0,0.8813705280154656,1.0,0.273179116013828,0.9075422104826739,1.0,0.0,1.0,0
67098212-d7a6-4c9a-8109-fbff1df98a7f,3c045d5e-db0b-42a4-8b36-5a8f0192e0a9,0.7117183500135855,0.6,10.0,0.8813705280154656,0.6,0.9703557392871628,0.4741186336216032,0.3,2.0,0.0,1
67098212-d7a6-4c9a-8109-fbff1df98a7f,ab31027b-1533-4573-87ee-591c4e74f603,0.7117183500135855,0.6,10.0,0.8813705280154656,0.2,0.13414284675556443,0.8188515466757538,1.0,3.0,3.0,0
67098212-d7a6-4c9a-8109-fbff1df98a7f,87a7aeb8-bf34-460e-bb3c-fbe35cf1ef81,0.7117183500135855,0.6,10.0,0.8813705280154656,1.0,0.7885085605778664,0.825897641598029,0.6,5.0,5.0,0
67098212-d7a6-4c9a-8109-fbff1df98a7f,4ba8e189-dadf-4dd5-b53d-7c4e20e6a1b9,0.7117183500135855,0.6,10.0,0.8813705280154656,1.0,0.4261308026245366,0.5885791737632688,0.3,4.0,2.0,0
67098212-d7a6-4c9a-8109-fbff1df98a7f,1e9ac78a-0ad3-4758-94d2-679a7c60a672,0.7117183500135855,0.6,10.0,0.8813705280154656,0.6,0.1486437037821284,0.8157193928134632,0.6,3.0,6.0,0
67098212-d7a6-4c9a-8109-fbff1df98a7f,bfa4d06d-4c33-44f5-a582-6f5fc24bfd7f,0.7117183500135855,0.6,10.0,0.8813705280154656,0.2,0.6497798817429743,0.4331009496434778,1.0,3.0,0.0,1
67098212-d7a6-4c9a-8109-fbff1df98a7f,f2d9a85b-88a4-4950-96c1-3a460d8c8fab,0.7117183500135855,0.6,10.0,0.8813705280154656,1.0,0.3746902350991088,0.34879260140220214,0.3,5.0,3.0,0
67098212-d7a6-4c9a-8109-fbff1df98a7f,382dc6cd-e931-4c06-8335-e8acc1df4c50,0.7117183500135855,0.6,10.0,0.8813705280154656,0.2,0.558623921637297,0.1308595947819554,1.0,1.0,6.0,1
67098212-d7a6-4c9a-8109-fbff1df98a7f,eab77546-5660-4b6f-8ed6-d113d4c924cb,0.7117183500135855,0.6,10.0,0.8813705280154656,0.6,0.6257718626796875,0.29583808895330166,0.0,0.0,0.0,1
67098212-d7a6-4c9a-8109-fbff1df98a7f,fe560b2d-9461-419f-952d-3526d1d58cc6,0.7117183500135855,0.6,10.0,0.8813705280154656,1.0,0.582611192457266,0.5549319795003286,0.0,4.0,5.0,0
67098212-d7a6-4c9a-8109-fbff1df98a7f,31a8a011-26d9-417f-9acd-2dc1aa620cb1,0.7117183500135855,0.6,10.0,0.8813705280154656,0.6,0.8578772412513512,0.31368145278296056,0.6,2.0,4.0,0
67098212-d7a6-4c9a-8109-fbff1df98a7f,ae260348-9d86-49fc-b010-b38655f0aa4c,0.7117183500135855,0.6,10.0,0.8813705280154656,0.6,0.6156726777562007,0.7631540220976764,0.3,2.0,2.0,0
67098212-d7a6-4c9a-8109-fbff1df98a7f,df3f8908-754b-4f66-b4a5-0f54f1bbdef1,0.7117183500135855,0.6,10.0,0.8813705280154656,0.2,0.9006532918063022,0.624832175706485,0.6,2.0,6.0,1
67098212-d7a6-4c9a-8109-fbff1df98a7f,139389de-ef52-4a31-a3a6-711cb26f1f6a,0.7117183500135855,0.6,10.0,0.8813705280154656,0.2,0.6569353768626665,0.927362807810403,1.0,1.0,1.0,1
67098212-d7a6-4c9a-8109-fbff1df98a7f,2a4e6f6f-8a97-4b0f-8706-b5b5c9a3506e,0.7117183500135855,0.6,10.0,0.8813705280154656,1.0,0.508305717299449,0.5779541132057853,1.0,5.0,3.0,0
67098212-d7a6-4c9a-8109-fbff1df98a7f,e02821d5-6c11-48d3-9e5a-ab797cf10dfd,0.7117183500135855,0.6,10.0,0.8813705280154656,0.2,0.30278131508958317,0.8518530351666224,0.6,1.0,1.0,1
67098212-d7a6-4c9a-8109-fbff1df98a7f,9d28a4ed-19ea-45ff-8c87-cd755a39633c,0.7117183500135855,0.6,10.0,0.8813705280154656,1.0,0.9699569764835101,0.3864034459374597,1.0,1.0,5.0,1
67098212-d7a6-4c9a-8109-fbff1df98a7f,bf54fdb0-6d82-479e-a9d5-78fc64767a17,0.7117183500135855,0.6,10.0,0.8813705280154656,0.2,0.17614837616217327,0.6505421545039386,1.0,0.0,2.0,0
67098212-d7a6-4c9a-8109-fbff1df98a7f,db87c9f7-0d43-43e7-bfc8-10a75114f27b,0.7117183500135855,0.6,10.0,0.8813705280154656,1.0,0.5554553024932305,0.03495342538664914,0.6,1.0,3.0,0
67098212-d7a6-4c9a-8109-fbff1df98a7f,b67ddff0-7385-4797-a300-4a5924cf13c8,0.7117183500135855,0.6,10.0,0.8813705280154656,1.0,0.3295857149138473,0.12338020427621188,1.0,5.0,3.0,0
e3960c8f-7ba3-4a90-8b83-91f7821dd31a,2f70d43e-6f07-4505-9201-cce02cbbe2f9,0.7815117132234224,0.2,8.0,0.9053049472022177,0.2,0.9098855720694773,0.2703699432968346,0.0,5.0,6.0,1
e3960c8f-7ba3-4a90-8b83-91f7821dd31a,06497e85-86a1-47f4-bbdd-a5f778924253,0.7815117132234224,0.2,8.0,0.9053049472022177,0.2,0.19052222599951962,0.20137632619118384,0.3,1.0,4.0,1
e3960c8f-7ba3-4a90-8b83-91f7821dd31a,b02c207c-3d8f-47d1-94d5-ea09db74e5c8,0.7815117132234224,0.2,8.0,0.9053049472022177,0.6,0.3575527172065134,0.7990422256936793,0.3,2.0,4.0,0
e3960c8f-7ba3-4a90-8b83-91f7821dd31a,6720ccab-682e-40ac-9103-5e1a7cedc597,0.7815117132234224,0.2,8.0,0.9053049472022177,1.0,0.34528416725327743,0.5038671262185984,1.0,5.0,6.0,1
e3960c8f-7ba3-4a90-8b83-91f7821dd31a,c1dad211-ef14-4930-9fde-65d8d01eb8a2,0.7815117132234224,0.2,8.0,0.9053049472022177,1.0,0.2775989588417923,0.19963019650413683,0.3,3.0,6.0,0
e3960c8f-7ba3-4a90-8b83-91f7821dd31a,18c8f5c0-62d6-4353-8121-04a82ac26ed8,0.7815117132234224,0.2,8.0,0.9053049472022177,1.0,0.14611128000847454,0.5869443165834576,0.3,3.0,5.0,0
e3960c8f-7ba3-4a90-8b83-91f7821dd31a,4b297a66-3334-402c-af3b-f9ee2b621b0b,0.7815117132234224,0.2,8.0,0.9053049472022177,0.2,0.16180119098371584,0.2582859429792861,0.0,2.0,5.0,0
e3960c8f-7ba3-4a90-8b83-91f7821dd31a,01fe4a49-c1a0-4cc3-8dc8-8402e6b11064,0.7815117132234224,0.2,8.0,0.9053049472022177,1.0,0.6879754206461195,0.49287097672138225,0.3,2.0,4.0,1
e3960c8f-7ba3-4a90-8b83-91f7821dd31a,cd43d020-95b3-4fce-8795-f8fd1c5756af,0.7815117132234224,0.2,8.0,0.9053049472022177,0.6,0.5573941486973442,0.11632937988922598,0.3,4.0,3.0,1
e3960c8f-7ba3-4a90-8b83-91f7821dd31a,b8f55e48-9d55-4d28-bc80-497a7d36ac53,0.7815117132234224,0.2,8.0,0.9053049472022177,0.6,0.5364632049642664,0.9010207096938249,0.6,2.0,2.0,1
e3960c8f-7ba3-4a90-8b83-91f7821dd31a,2ab0f7b1-b672-4fd3-bf9d-b9435c307791,0.7815117132234224,0.2,8.0,0.9053049472022177,0.6,0.4930337984475558,0.8483250712740258,0.6,2.0,3.0,1
e3960c8f-7ba3-4a90-8b83-91f7821dd31a,5bccbbea-6061-4c3b-babf-9f5de9889c73,0.7815117132234224,0.2,8.0,0.9053049472022177,0.2,0.4789495794434827,0.42500061980149273,0.3,3.0,1.0,1
e3960c8f-7ba3-4a90-8b83-91f7821dd31a,b675fdc1-c9db-4f65-ad76-cb5d41d88b8a,0.7815117132234224,0.2,8.0,0.9053049472022177,0.2,0.6871950997280843,0.6183737144963264,0.0,4.0,1.0,1
e3960c8f-7ba3-4a90-8b83-91f7821dd31a,2270dcd6-f4ba-4acf-b863-271ea249c419,0.7815117132234224,0.2,8.0,0.9053049472022177,0.6,0.888509462672205,0.11768090665028597,0.0,3.0,2.0,0
e3960c8f-7ba3-4a90-8b83-91f7821dd31a,42438319-d9cd-4491-91c4-7e8df4051b62,0.7815117132234224,0.2,8.0,0.9053049472022177,0.2,0.6023180626659986,0.9806347370894578,0.0,5.0,4.0,1
e3960c8f-7ba3-4a90-8b83-91f7821dd31a,786a081e-bed1-4dd5-af8f-b24a2969db27,0.7815117132234224,0.2,8.0,0.9053049472022177,1.0,0.2204606202831086,0.8790686327551894,0.6,5.0,5.0,1
e3960c8f-7ba3-4a90-8b83-91f7821dd31a,92da4efc-92e2-4b63-a697-25a464242c2d,0.7815117132234224,0.2,8.0,0.9053049472022177,1.0,0.6595170148426077,0.9265692444764961,1.0,1.0,4.0,1
e3960c8f-7ba3-4a90-8b83-91f7821dd31a,d8d30dac-fd61-48d1-8bf9-aa602ff08b1b,0.7815117132234224,0.2,8.0,0.9053049472022177,0.6,0.5193853910130869,0.5025270481245171,0.0,3.0,5.0,1
e3960c8f-7ba3-4a90-8b83-91f7821dd31a,015a673e-67b9-4560-949f-f0f29ba09691,0.7815117132234224,0.2,8.0,0.9053049472022177,0.6,0.772469818793257,0.851704139635052,0.0,3.0,3.0,1
e3960c8f-7ba3-4a90-8b83-91f7821dd31a,33aa1631-5d42-4228-84c3-639ac72cf903,0.7815117132234224,0.2,8.0,0.9053049472022177,1.0,0.20605411083785363,0.7031088164784068,0.3,2.0,2.0,0
e3960c8f-7ba3-4a90-8b83-91f7821dd31a,8977ae1e-0308-44ae-a8c8-f83ca0744d63,0.7815117132234224,0.2,8.0,0.9053049472022177,0.6,0.8507600711322102,0.25582976206381436,0.6,2.0,0.0,1
e3960c8f-7ba3-4a90-8b83-91f7821dd31a,c777c23f-b2f3-4f1d-bbea-1e7286fac786,0.7815117132234224,0.2,8.0,0.9053049472022177,0.2,0.9597491309827612,0.04607692524933382,0.0,0.0,0.0,1
e3960c8f-7ba3-4a90-8b83-91f7821dd31a,19e80ef1-4224-4720-a093-1f15d029cdae,0.7815117132234224,0.2,8.0,0.9053049472022177,1.0,0.8175424886601043,0.7192671703216541,0.6,5.0,6.0,1
e3960c8f-7ba3-4a90-8b83-91f7821dd31a,1e4deb48-10af-482d-89be-a40b3cfa6237,0.7815117132234224,0.2,8.0,0.9053049472022177,0.2,0.45812006017454143,0.5670116153989458,0.0,3.0,0.0,0
e3960c8f-7ba3-4a90-8b83-91f7821dd31a,fb36e3d1-7446-45e0-9d41-48f394b60fa9,0.7815117132234224,0.2,8.0,0.9053049472022177,0.6,0.6937735815060089,0.32932384475875576,0.0,1.0,4.0,1
e3960c8f-7ba3-4a90-8b83-91f7821dd31a,2fcb1115-b785-4e53-aef6-79c4dbe42cda,0.7815117132234224,0.2,8.0,0.9053049472022177,0.2,0.9505514578919633,0.7971802886027384,0.6,0.0,1.0,1
e3960c8f-7ba3-4a90-8b83-91f7821dd31a,bf54fdb0-6d82-479e-a9d5-78fc64767a17,0.7815117132234224,0.2,8.0,0.9053049472022177,0.2,0.17614837616217327,0.6505421545039386,1.0,0.0,5.0,1
e3960c8f-7ba3-4a90-8b83-91f7821dd31a,5c1d0582-adee-41cb-bbe3-230e78acd299,0.7815117132234224,0.2,8.0,0.9053049472022177,0.6,0.13442713841525677,0.8039132575143135,1.0,4.0,6.0,0
e3960c8f-7ba3-4a90-8b83-91f7821dd31a,8d8bd000-8a84-4c8b-bdc8-797008544155,0.7815117132234224,0.2,8.0,0.9053049472022177,1.0,0.14606305453676433,0.13377939697072627,0.0,4.0,0.0,0
e3960c8f-7ba3-4a90-8b83-91f7821dd31a,b08e025f-b00e-487d-9769-6e771d335fcd,0.7815117132234224,0.2,8.0,0.9053049472022177,0.6,0.35587631985892465,0.5051778789164922,0.3,3.0,3.0,0
e3960c8f-7ba3-4a90-8b83-91f7821dd31a,9fbecf58-4b47-499b-af70-5be883e292d6,0.7815117132234224,0.2,8.0,0.9053049472022177,1.0,0.6813001709251447,0.40858971174533243,0.0,0.0,0.0,1
e3960c8f-7ba3-4a90-8b83-91f7821dd31a,1448df8a-d98e-4341-b986-a8f8b8a384c2,0.7815117132234224,0.2,8.0,0.9053049472022177,1.0,0.1288249955168966,0.3673497152563451,0.6,3.0,5.0,0
e3960c8f-7ba3-4a90-8b83-91f7821dd31a,45cea0cf-acbc-4a1c-ae67-7da156ce4e33,0.7815117132234224,0.2,8.0,0.9053049472022177,0.6,0.44790999008794674,0.8240533460888545,0.3,5.0,3.0,0
e3960c8f-7ba3-4a90-8b83-91f7821dd31a,a38cc35a-c8b1-493c-ad3e-67dba34f85e7,0.7815117132234224,0.2,8.0,0.9053049472022177,0.6,0.41036269496507194,0.08761541400278205,0.0,5.0,3.0,1
e3960c8f-7ba3-4a90-8b83-91f7821dd31a,a26f3aa1-8131-40eb-8610-e57f92d60b1d,0.7815117132234224,0.2,8.0,0.9053049472022177,0.6,0.5405955324673002,0.22788898669340596,0.3,4.0,4.0,1
e3960c8f-7ba3-4a90-8b83-91f7821dd31a,d72916bd-ef8f-4502-bba8-725c04f85a5f,0.7815117132234224,0.2,8.0,0.9053049472022177,0.2,0.854828063402321,0.2603597878713769,0.0,1.0,6.0,0
e3960c8f-7ba3-4a90-8b83-91f7821dd31a,61ae4cd0-4feb-4315-9993-55959a8ab125,0.7815117132234224,0.2,8.0,0.9053049472022177,0.6,0.5247340762216478,0.34315624408831924,0.0,2.0,0.0,1
e3960c8f-7ba3-4a90-8b83-91f7821dd31a,fc4acfb5-647c-49b2-9c8c-e8b0e4b17239,0.7815117132234224,0.2,8.0,0.9053049472022177,0.6,0.9661698956227394,0.22641288621518874,0.0,0.0,1.0,1
e3960c8f-7ba3-4a90-8b83-91f7821dd31a,1f1d5ce2-33eb-44b8-b139-1507fb4718cc,0.7815117132234224,0.2,8.0,0.9053049472022177,1.0,0.5291681488699617,0.6223076451667475,0.0,5.0,5.0,1
e3960c8f-7ba3-4a90-8b83-91f7821dd31a,897e2fd6-d062-4d6b-8350-be1ff289f7d2,0.7815117132234224,0.2,8.0,0.9053049472022177,1.0,0.27839323550003814,0.5426957391813381,1.0,1.0,2.0,0
ee5659f1-b749-42f1-a4e5-23c151cc28ce,94f447d1-ce40-4abc-9492-1b4fa652cdf8,0.37070440743366917,0.6,18.0,0.6882653633844165,0.2,0.7747992350688047,0.24068147068829215,1.0,3.0,6.0,1
ee5659f1-b749-42f1-a4e5-23c151cc28ce,effc8e6d-3fa0-4ad0-84e0-49ceb18ecfdf,0.37070440743366917,0.6,18.0,0.6882653633844165,1.0,0.1753861576369154,0.018304751217713022,0.6,1.0,1.0,0
ee5659f1-b749-42f1-a4e5-23c151cc28ce,8618c927-9c33-4057-8bfe-9828bd93601a,0.37070440743366917,0.6,18.0,0.6882653633844165,0.6,0.22804722680585615,0.021203888490483047,0.6,5.0,1.0,0
ee5659f1-b749-42f1-a4e5-23c151cc28ce,ca05174e-a4f7-4654-890c-a2d577d622a4,0.37070440743366917,0.6,18.0,0.6882653633844165,0.6,0.2772344656929614,0.3717860192537389,1.0,4.0,1.0,0
ee5659f1-b749-42f1-a4e5-23c151cc28ce,5145c478-0b39-4ab7-a906-e1b9735ba3ce,0.37070440743366917,0.6,18.0,0.6882653633844165,0.6,0.8786936977058606,0.9587100682359623,1.0,3.0,0.0,0
ee5659f1-b749-42f1-a4e5-23c151cc28ce,01fe4a49-c1a0-4cc3-8dc8-8402e6b11064,0.37070440743366917,0.6,18.0,0.6882653633844165,1.0,0.6879754206461195,0.49287097672138225,0.3,3.0,4.0,0
ee5659f1-b749-42f1-a4e5-23c151cc28ce,06deada8-30c5-413b-9c3c-714dac3f16dc,0.37070440743366917,0.6,18.0,0.6882653633844165,1.0,0.35763710304451657,0.8208832504363414,1.0,2.0,6.0,0
ee5659f1-b749-42f1-a4e5-23c151cc28ce,0764c1e1-84c4-4344-814b-56f447356699,0.37070440743366917,0.6,18.0,0.6882653633844165,0.2,0.36478434898577183,0.31372887152086304,0.3,1.0,4.0,1
ee5659f1-b749-42f1-a4e5-23c151cc28ce,6194ece5-783c-4da7-bdc5-d5536c904afd,0.37070440743366917,0.6,18.0,0.6882653633844165,0.6,0.6048572623235224,0.928472011746639,0.3,5.0,4.0,0
ee5659f1-b749-42f1-a4e5-23c151cc28ce,4eda28e3-9d9e-4f06-badb-0cb04245ce38,0.37070440743366917,0.6,18.0,0.6882653633844165,0.6,0.2524816678776829,0.7419096525240588,0.6,5.0,5.0,0
ee5659f1-b749-42f1-a4e5-23c151cc28ce,1f1d5ce2-33eb-44b8-b139-1507fb4718cc,0.37070440743366917,0.6,18.0,0.6882653633844165,1.0,0.5291681488699617,0.6223076451667475,0.0,0.0,2.0,1
ee5659f1-b749-42f1-a4e5-23c151cc28ce,0d91a5c8-4b22-4198-b963-be98907527f4,0.37070440743366917,0.6,18.0,0.6882653633844165,0.2,0.36811976533001634,0.7445398250927052,0.0,3.0,2.0,0
ee5659f1-b749-42f1-a4e5-23c151cc28ce,99eca1c6-c6f2-4d74-a551-b71f85fad723,0.37070440743366917,0.6,18.0,0.6882653633844165,1.0,0.37557872113137425,0.6908530230033296,0.0,2.0,4.0,1
ee5659f1-b749-42f1-a4e5-23c151cc28ce,e78aa463-4c6f-47dc-a5bb-968ac81532c7,0.37070440743366917,0.6,18.0,0.6882653633844165,0.6,0.961259998425001,0.14413543131777729,0.6,2.0,5.0,0
ee5659f1-b749-42f1-a4e5-23c151cc28ce,8977ae1e-0308-44ae-a8c8-f83ca0744d63,0.37070440743366917,0.6,18.0,0.6882653633844165,0.6,0.8507600711322102,0.25582976206381436,0.6,5.0,3.0,1
ee5659f1-b749-42f1-a4e5-23c151cc28ce,cd43d020-95b3-4fce-8795-f8fd1c5756af,0.37070440743366917,0.6,18.0,0.6882653633844165,0.6,0.5573941486973442,0.11632937988922598,0.3,4.0,3.0,1
ee5659f1-b749-42f1-a4e5-23c151cc28ce,df3f8908-754b-4f66-b4a5-0f54f1bbdef1,0.37070440743366917,0.6,18.0,0.6882653633844165,0.2,0.9006532918063022,0.624832175706485,0.6,4.0,0.0,1
ee5659f1-b749-42f1-a4e5-23c151cc28ce,2e56c0c7-a2d4-4606-8362-ead47ba989cf,0.37070440743366917,0.6,18.0,0.6882653633844165,1.0,0.9838404823093492,0.5555768002260758,0.0,3.0,1.0,1
ee5659f1-b749-42f1-a4e5-23c151cc28ce,225af4bb-7dea-491a-b6ce-984e91ad99bf,0.37070440743366917,0.6,18.0,0.6882653633844165,0.2,0.954287099322196,0.3931698082459284,0.3,5.0,3.0,1
ee5659f1-b749-42f1-a4e5-23c151cc28ce,ef4564ad-37cb-422e-9258-c0dd09e686d8,0.37070440743366917,0.6,18.0,0.6882653633844165,0.6,0.7134305197216956,0.4952020834976343,0.0,1.0,2.0,1
ee5659f1-b749-42f1-a4e5-23c151cc28ce,b8f55e48-9d55-4d28-bc80-497a7d36ac53,0.37070440743366917,0.6,18.0,0.6882653633844165,0.6,0.5364632049642664,0.9010207096938249,0.6,1.0,4.0,0
ee5659f1-b749-42f1-a4e5-23c151cc28ce,06deada8-30c5-413b-9c3c-714dac3f16dc,0.37070440743366917,0.6,18.0,0.6882653633844165,1.0,0.35763710304451657,0.8208832504363414,1.0,3.0,3.0,0
ee5659f1-b749-42f1-a4e5-23c151cc28ce,8618c927-9c33-4057-8bfe-9828bd93601a,0.37070440743366917,0.6,18.0,0.6882653633844165,0.6,0.22804722680585615,0.021203888490483047,0.6,1.0,4.0,0
ee5659f1-b749-42f1-a4e5-23c151cc28ce,b5455ff3-4469-4b08-b2d0-3b4b8a9faa28,0.37070440743366917,0.6,18.0,0.6882653633844165,0.2,0.8168045396107254,0.12498281746751883,0.3,2.0,6.0,1
ee5659f1-b749-42f1-a4e5-23c151cc28ce,ef4564ad-37cb-422e-9258-c0dd09e686d8,0.37070440743366917,0.6,18.0,0.6882653633844165,0.6,0.7134305197216956,0.4952020834976343,0.0,2.0,5.0,0
ee5659f1-b749-42f1-a4e5-23c151cc28ce,3ceffdd1-05b8-4296-8ead-87aa963b9836,0.37070440743366917,0.6,18.0,0.6882653633844165,1.0,0.4937077765458606,0.9078087859837904,0.3,0.0,3.0,0
ee5659f1-b749-42f1-a4e5-23c151cc28ce,bfa4d06d-4c33-44f5-a582-6f5fc24bfd7f,0.37070440743366917,0.6,18.0,0.6882653633844165,0.2,0.6497798817429743,0.4331009496434778,1.0,0.0,1.0,1
ee5659f1-b749-42f1-a4e5-23c151cc28ce,3586835a-4f05-4964-8ca1-2138cebf95a6,0.37070440743366917,0.6,18.0,0.6882653633844165,1.0,0.6521758610516846,0.9475221766685487,0.0,3.0,5.0,0
ee5659f1-b749-42f1-a4e5-23c151cc28ce,b8a59f9c-9152-4e9d-9227-81b450029be0,0.37070440743366917,0.6,18.0,0.6882653633844165,0.2,0.9082416607735994,0.8438860705844703,1.0,1.0,2.0,1
ee5659f1-b749-42f1-a4e5-23c151cc28ce,684277da-f62a-49f6-b09e-1b7e786c463b,0.37070440743366917,0.6,18.0,0.6882653633844165,1.0,0.457984105173436,0.7791379129900283,0.6,1.0,1.0,1
ee5659f1-b749-42f1-a4e5-23c151cc28ce,6c5eaa38-0652-4762-8f1b-fcb80dbf8936,0.37070440743366917,0.6,18.0,0.6882653633844165,0.6,0.23950518641691337,0.7304636636619138,0.6,2.0,3.0,1
ee5659f1-b749-42f1-a4e5-23c151cc28ce,0c914be4-9a3f-42b1-9a0d-7b75e4458ea2,0.37070440743366917,0.6,18.0,0.6882653633844165,0.2,0.6120270413649967,0.8895054166969376,0.3,5.0,1.0,1
ee5659f1-b749-42f1-a4e5-23c151cc28ce,0bc32369-5cc1-4c6e-9b9e-a0d6ad643532,0.37070440743366917,0.6,18.0,0.6882653633844165,0.6,0.6337720175795309,0.5219080741476771,1.0,5.0,4.0,0
ee5659f1-b749-42f1-a4e5-23c151cc28ce,f9e2c26a-8651-45e9-95ac-020bf84e5d87,0.37070440743366917,0.6,18.0,0.6882653633844165,1.0,0.5925107460897749,0.3638178643767461,0.6,0.0,0.0,0
ee5659f1-b749-42f1-a4e5-23c151cc28ce,90e0e36e-2a3f-4349-b92f-d283a363e309,0.37070440743366917,0.6,18.0,0.6882653633844165,0.6,0.37903438078382046,0.7659731746919894,0.6,4.0,1.0,0
ee5659f1-b749-42f1-a4e5-23c151cc28ce,2ab0f7b1-b672-4fd3-bf9d-b9435c307791,0.37070440743366917,0.6,18.0,0.6882653633844165,0.6,0.4930337984475558,0.8483250712740258,0.6,5.0,3.0,0
ee5659f1-b749-42f1-a4e5-23c151cc28ce,18d9fc90-579e-4041-988f-c2fa9da7d9f1,0.37070440743366917,0.6,18.0,0.6882653633844165,0.2,0.611318917479668,0.23509193379958115,0.3,4.0,2.0,1
ee5659f1-b749-42f1-a4e5-23c151cc28ce,10061fb7-f1ca-4d39-a324-536b4bc6d836,0.37070440743366917,0.6,18.0,0.6882653633844165,0.2,0.618739880361464,0.7410470610420968,1.0,0.0,0.0,0
ee5659f1-b749-42f1-a4e5-23c151cc28ce,f99793e2-bf1f-4652-b717-b380cf1b82d9,0.37070440743366917,0.6,18.0,0.6882653633844165,1.0,0.3478973552809047,0.15349034844890785,0.0,2.0,1.0,1
ee5659f1-b749-42f1-a4e5-23c151cc28ce,e4e6b795-9ea2-4e67-a482-101b379e3dd3,0.37070440743366917,0.6,18.0,0.6882653633844165,0.6,0.7178715876853263,0.49460864618565403,0.0,3.0,5.0,1
bcef3e97-fc8e-4f3e-a89d-bce4373d5643,4fdb3305-ba7f-45fd-908f-aee1f36874a7,0.4652925128897848,0.2,15.0,0.8807622690499672,0.2,0.9186809012161644,0.8525202868433427,1.0,1.0,5.0,1
bcef3e97-fc8e-4f3e-a89d-bce4373d5643,1e4deb48-10af-482d-89be-a40b3cfa6237,0.4652925128897848,0.2,15.0,0.8807622690499672,0.2,0.45812006017454143,0.5670116153989458,0.0,2.0,2.0,0
bcef3e97-fc8e-4f3e-a89d-bce4373d5643,dd77c881-c04d-4f99-9177-d94ef20adb4f,0.4652925128897848,0.2,15.0,0.8807622690499672,0.6,0.616612541041993,0.6647291139113415,0.0,2.0,0.0,1
bcef3e97-fc8e-4f3e-a89d-bce4373d5643,97ffd70a-47e9-4398-92a1-d66d4e4e7ac9,0.4652925128897848,0.2,15.0,0.8807622690499672,1.0,0.4738888800802551,0.7582398953411875,1.0,5.0,4.0,0
bcef3e97-fc8e-4f3e-a89d-bce4373d5643,78c12d9f-999b-460d-b319-9bd7627866b0,0.4652925128897848,0.2,15.0,0.8807622690499672,0.2,0.5225456025796394,0.35235373770664025,0.3,3.0,1.0,1
bcef3e97-fc8e-4f3e-a89d-bce4373d5643,50485b49-6f87-4fbb-a6d8-cc894f5ad343,0.4652925128897848,0.2,15.0,0.8807622690499672,0.2,0.489665412099198,0.42118413108785735,0.3,3.0,0.0,1
bcef3e97-fc8e-4f3e-a89d-bce4373d5643,01fe4a49-c1a0-4cc3-8dc8-8402e6b11064,0.4652925128897848,0.2,15.0,0.8807622690499672,1.0,0.6879754206461195,0.49287097672138225,0.3,2.0,0.0,0
bcef3e97-fc8e-4f3e-a89d-bce4373d5643,84c440d3-55ef-46aa-abeb-ca96e8632be9,0.4652925128897848,0.2,15.0,0.8807622690499672,0.6,0.5539423499120992,0.05768859541460958,0.6,0.0,5.0,0
bcef3e97-fc8e-4f3e-a89d-bce4373d5643,21197103-286c-4e08-8f2e-e1f0c1aa4b65,0.4652925128897848,0.2,15.0,0.8807622690499672,0.2,0.974231980237957,0.8883695246489081,0.6,5.0,2.0,1
bcef3e97-fc8e-4f3e-a89d-bce4373d5643,fe09dd6a-bc95-42e6-bb3c-61d404a20200,0.4652925128897848,0.2,15.0,0.8807622690499672,0.2,0.852490071939042,0.9956463958670673,0.3,4.0,0.0,0
bcef3e97-fc8e-4f3e-a89d-bce4373d5643,21197103-286c-4e08-8f2e-e1f0c1aa4b65,0.4652925128897848,0.2,15.0,0.8807622690499672,0.2,0.974231980237957,0.8883695246489081,0.6,4.0,0.0,1
bcef3e97-fc8e-4f3e-a89d-bce4373d5643,9f019ca3-6a4d-4f1c-8cfd-4fc983011cd8,0.4652925128897848,0.2,15.0,0.8807622690499672,0.6,0.8592879525285462,0.4771610349793223,0.6,5.0,3.0,1
bcef3e97-fc8e-4f3e-a89d-bce4373d5643,89df2650-7e95-4104-8f42-5cb62ffb481a,0.4652925128897848,0.2,15.0,0.8807622690499672,0.2,0.29630278019401196,0.3424606722909498,0.0,4.0,3.0,1
bcef3e97-fc8e-4f3e-a89d-bce4373d5643,b7334163-6b0b-4be1-b584-94370f17d451,0.4652925128897848,0.2,15.0,0.8807622690499672,1.0,0.6214743123780008,0.24793030815786732,0.6,0.0,1.0,1
bcef3e97-fc8e-4f3e-a89d-bce4373d5643,e02821d5-6c11-48d3-9e5a-ab797cf10dfd,0.4652925128897848,0.2,15.0,0.8807622690499672,0.2,0.30278131508958317,0.8518530351666224,0.6,2.0,2.0,1
bcef3e97-fc8e-4f3e-a89d-bce4373d5643,a7da2f9e-cfe5-4f9b-a2a9-83b121e1b3a8,0.4652925128897848,0.2,15.0,0.8807622690499672,1.0,0.8629090312240775,0.8986309655053686,0.3,3.0,3.0,0
bcef3e97-fc8e-4f3e-a89d-bce4373d5643,c4200dd0-0628-49ac-a3d4-9cafb23a3f7c,0.4652925128897848,0.2,15.0,0.8807622690499672,0.6,0.23204019132352335,0.14567973078804342,0.3,5.0,4.0,0
bcef3e97-fc8e-4f3e-a89d-bce4373d5643,2fd06511-a2df-41a4-b9b8-72ad25edbef7,0.4652925128897848,0.2,15.0,0.8807622690499672,1.0,0.8121414643536927,0.9186858244934103,0.3,4.0,0.0,0
bcef3e97-fc8e-4f3e-a89d-bce4373d5643,9913533d-faae-4d19-b26f-7d58e0c13607,0.4652925128897848,0.2,15.0,0.8807622690499672,0.6,0.8682957247821264,0.11927861507246895,0.3,3.0,3.0,0
bcef3e97-fc8e-4f3e-a89d-bce4373d5643,299e9ca4-b5a4-4951-88ff-3985383763f0,0.4652925128897848,0.2,15.0,0.8807622690499672,0.2,0.7548560181125934,0.465904244394832,0.6,5.0,1.0,1
bcef3e97-fc8e-4f3e-a89d-bce4373d5643,786a081e-bed1-4dd5-af8f-b24a2969db27,0.4652925128897848,0.2,15.0,0.8807622690499672,1.0,0.2204606202831086,0.8790686327551894,0.6,0.0,0.0,1
bcef3e97-fc8e-4f3e-a89d-bce4373d5643,dd77c881-c04d-4f99-9177-d94ef20adb4f,0.4652925128897848,0.2,15.0,0.8807622690499672,0.6,0.616612541041993,0.6647291139113415,0.0,5.0,4.0,1
bcef3e97-fc8e-4f3e-a89d-bce4373d5643,8d8bd000-8a84-4c8b-bdc8-797008544155,0.4652925128897848,0.2,15.0,0.8807622690499672,1.0,0.14606305453676433,0.13377939697072627,0.0,5.0,3.0,0
bcef3e97-fc8e-4f3e-a89d-bce4373d5643,059f7915-4179-4fab-ab9a-979f2ce6e218,0.4652925128897848,0.2,15.0,0.8807622690499672,1.0,0.9507761192432672,0.14440395180459542,0.6,0.0,2.0,0
bcef3e97-fc8e-4f3e-a89d-bce4373d5643,042f11d0-6ddd-4561-8c2c-5e00545a621e,0.4652925128897848,0.2,15.0,0.8807622690499672,1.0,0.7872798003899497,0.9285445017428434,0.6,1.0,5.0,1
bcef3e97-fc8e-4f3e-a89d-bce4373d5643,1dbb57c0-dbf1-4996-b33e-610ff0e1a4c5,0.4652925128897848,0.2,15.0,0.8807622690499672,0.2,0.6520298599863723,0.91316722678243,1.0,0.0,2.0,1
bcef3e97-fc8e-4f3e-a89d-bce4373d5643,bfa4d06d-4c33-44f5-a582-6f5fc24bfd7f,0.4652925128897848,0.2,15.0,0.8807622690499672,0.2,0.6497798817429743,0.4331009496434778,1.0,5.0,3.0,1
bcef3e97-fc8e-4f3e-a89d-bce4373d5643,8155e67e-e6b6-4564-9fbc-a422dfbb4728,0.4652925128897848,0.2,15.0,0.8807622690499672,0.2,0.3282195111753295,0.7588859461800079,0.0,5.0,0.0,0
bcef3e97-fc8e-4f3e-a89d-bce4373d5643,b7334163-6b0b-4be1-b584-94370f17d451,0.4652925128897848,0.2,15.0,0.8807622690499672,1.0,0.6214743123780008,0.24793030815786732,0.6,3.0,3.0,0
bcef3e97-fc8e-4f3e-a89d-bce4373d5643,382dc6cd-e931-4c06-8335-e8acc1df4c50,0.4652925128897848,0.2,15.0,0.8807622690499672,0.2,0.558623921637297,0.1308595947819554,1.0,4.0,2.0,1
bcef3e97-fc8e-4f3e-a89d-bce4373d5643,1f1d5ce2-33eb-44b8-b139-1507fb4718cc,0.4652925128897848,0.2,15.0,0.8807622690499672,1.0,0.5291681488699617,0.6223076451667475,0.0,2.0,6.0,1
bcef3e97-fc8e-4f3e-a89d-bce4373d5643,897e2fd6-d062-4d6b-8350-be1ff289f7d2,0.4652925128897848,0.2,15.0,0.8807622690499672,1.0,0.27839323550003814,0.5426957391813381,1.0,5.0,3.0,0
bcef3e97-fc8e-4f3e-a89d-bce4373d5643,425b9a2c-d3c2-418b-8da0-71ea5c07dd63,0.4652925128897848,0.2,15.0,0.8807622690499672,0.2,0.5351171693089606,0.9651204126148089,0.0,4.0,4.0,1
bcef3e97-fc8e-4f3e-a89d-bce4373d5643,d1505a61-3c3b-4c86-a8ae-c4ab1a296525,0.4652925128897848,0.2,15.0,0.8807622690499672,1.0,0.5383907575441277,0.2096336099684688,0.6,3.0,2.0,1
bcef3e97-fc8e-4f3e-a89d-bce4373d5643,723b0875-2f5c-406d-91ef-1ef6768c21e1,0.4652925128897848,0.2,15.0,0.8807622690499672,0.6,0.5865033881557733,0.9546606431143135,0.6,0.0,2.0,1
bcef3e97-fc8e-4f3e-a89d-bce4373d5643,42438319-d9cd-4491-91c4-7e8df4051b62,0.4652925128897848,0.2,15.0,0.8807622690499672,0.2,0.6023180626659986,0.9806347370894578,0.0,4.0,0.0,1
bcef3e97-fc8e-4f3e-a89d-bce4373d5643,2767a00e-73cb-4ec0-8f10-1f2685529dd8,0.4652925128897848,0.2,15.0,0.8807622690499672,0.2,0.14774330715500755,0.17529814661096454,0.3,4.0,3.0,0
bcef3e97-fc8e-4f3e-a89d-bce4373d5643,020ff159-4271-4aa5-87f3-9295346f6563,0.4652925128897848,0.2,15.0,0.8807622690499672,0.6,0.31530071999913584,0.1616253953204818,0.0,1.0,1.0,0
bcef3e97-fc8e-4f3e-a89d-bce4373d5643,1f8de1f5-f4a5-410b-85f9-a2177b221fd0,0.4652925128897848,0.2,15.0,0.8807622690499672,0.2,0.9355406398663405,0.9993664824422813,1.0,5.0,2.0,0
bcef3e97-fc8e-4f3e-a89d-bce4373d5643,15b5cdd7-9aed-490f-9cb8-4f9a900eb398,0.4652925128897848,0.2,15.0,0.8807622690499672,0.2,0.17789822129463906,0.6431782959777482,0.0,4.0,1.0,0
62c223db-815a-4ea2-afd8-fcacf5e1fd1a,78815b00-b8cf-4b53-9b5c-0a0cc08481cf,0.32728790001038427,0.2,11.0,0.8382658854624772,0.6,0.9610158815047943,0.2578843936513069,0.0,4.0,3.0,1
62c223db-815a-4ea2-afd8-fcacf5e1fd1a,f62e1330-1cf0-425f-9f10-6ddf9042abcd,0.32728790001038427,0.2,11.0,0.8382658854624772,1.0,0.9321622696421319,0.2356252848280802,1.0,0.0,5.0,0
62c223db-815a-4ea2-afd8-fcacf5e1fd1a,e45bd99d-504e-4e64-83b1-c517b6b084cf,0.32728790001038427,0.2,11.0,0.8382658854624772,1.0,0.2973675063752232,0.26685392748809267,0.0,1.0,0.0,0
62c223db-815a-4ea2-afd8-fcacf5e1fd1a,dd23fd07-88e1-462e-bc3b-00e51b7428ff,0.32728790001038427,0.2,11.0,0.8382658854624772,0.2,0.9167390499607783,0.453942637731402,1.0,3.0,1.0,1
62c223db-815a-4ea2-afd8-fcacf5e1fd1a,ff0af660-6a5f-4fd7-b2e1-c43344816514,0.32728790001038427,0.2,11.0,0.8382658854624772,1.0,0.5024161230527904,0.7433967816161681,0.3,0.0,3.0,0
62c223db-815a-4ea2-afd8-fcacf5e1fd1a,df3f8908-754b-4f66-b4a5-0f54f1bbdef1,0.32728790001038427,0.2,11.0,0.8382658854624772,0.2,0.9006532918063022,0.624832175706485,0.6,4.0,4.0,0
62c223db-815a-4ea2-afd8-fcacf5e1fd1a,d96815d9-4db7-48f0-85a0-eddc3b7b916f,0.32728790001038427,0.2,11.0,0.8382658854624772,0.6,0.4536278778772145,0.0754688004112799,1.0,2.0,5.0,1
62c223db-815a-4ea2-afd8-fcacf5e1fd1a,1f1d5ce2-33eb-44b8-b139-1507fb4718cc,0.32728790001038427,0.2,11.0,0.8382658854624772,1.0,0.5291681488699617,0.6223076451667475,0.0,1.0,1.0,0
62c223db-815a-4ea2-afd8-fcacf5e1fd1a,85930d8e-50d0-4f7b-acb8-caaac625dd0e,0.32728790001038427,0.2,11.0,0.8382658854624772,1.0,0.718363556324442,0.8165727833244342,0.6,0.0,0.0,1
62c223db-815a-4ea2-afd8-fcacf5e1fd1a,8d3c9344-6c45-43f7-a583-eb49f1bd7c4b,0.32728790001038427,0.2,11.0,0.8382658854624772,1.0,0.32697303710818776,0.18910296519857916,0.6,3.0,5.0,1
62c223db-815a-4ea2-afd8-fcacf5e1fd1a,897e2fd6-d062-4d6b-8350-be1ff289f7d2,0.32728790001038427,0.2,11.0,0.8382658854624772,1.0,0.27839323550003814,0.5426957391813381,1.0,5.0,4.0,0
62c223db-815a-4ea2-afd8-fcacf5e1fd1a,139389de-ef52-4a31-a3a6-711cb26f1f6a,0.32728790001038427,0.2,11.0,0.8382658854624772,0.2,0.6569353768626665,0.927362807810403,1.0,0.0,5.0,1
62c223db-815a-4ea2-afd8-fcacf5e1fd1a,3e875754-69cd-4fee-94a5-57d6da42ef91,0.32728790001038427,0.2,11.0,0.8382658854624772,0.2,0.2450411346868676,0.8598019829721676,0.3,0.0,5.0,1
62c223db-815a-4ea2-afd8-fcacf5e1fd1a,8618c927-9c33-4057-8bfe-9828bd93601a,0.32728790001038427,0.2,11.0,0.8382658854624772,0.6,0.22804722680585615,0.021203888490483047,0.6,4.0,6.0,0
62c223db-815a-4ea2-afd8-fcacf5e1fd1a,c0831cb8-2671-4f2e-9498-e74d21da6f33,0.32728790001038427,0.2,11.0,0.8382658854624772,0.2,0.678838712580165,0.49622340240440477,1.0,3.0,0.0,0
62c223db-815a-4ea2-afd8-fcacf5e1fd1a,6670ddb8-85fa-45e6-9af6-91adbac350a8,0.32728790001038427,0.2,11.0,0.8382658854624772,1.0,0.5273671033049591,0.12936862090556023,0.0,0.0,6.0,1
62c223db-815a-4ea2-afd8-fcacf5e1fd1a,ab31027b-1533-4573-87ee-591c4e74f603,0.32728790001038427,0.2,11.0,0.8382658854624772,0.2,0.13414284675556443,0.8188515466757538,1.0,5.0,3.0,0
62c223db-815a-4ea2-afd8-fcacf5e1fd1a,78815b00-b8cf-4b53-9b5c-0a0cc08481cf,0.32728790001038427,0.2,11.0,0.8382658854624772,0.6,0.9610158815047943,0.2578843936513069,0.0,1.0,4.0,0
62c223db-815a-4ea2-afd8-fcacf5e1fd1a,b08e025f-b00e-487d-9769-6e771d335fcd,0.32728790001038427,0.2,11.0,0.8382658854624772,0.6,0.35587631985892465,0.5051778789164922,0.3,4.0,4.0,0
62c223db-815a-4ea2-afd8-fcacf5e1fd1a,4df06409-5880-4fd2-840e-02e90385cc4e,0.32728790001038427,0.2,11.0,0.8382658854624772,1.0,0.19470747542775022,0.6843276576228667,0.0,2.0,6.0,0
62c223db-815a-4ea2-afd8-fcacf5e1fd1a,bf1c16a4-e182-4ecc-8023-e458da60daac,0.32728790001038427,0.2,11.0,0.8382658854624772,1.0,0.24964749169716674,0.6258043806862246,0.6,5.0,1.0,0
62c223db-815a-4ea2-afd8-fcacf5e1fd1a,6df290df-6194-497e-9997-fd6713e1435f,0.32728790001038427,0.2,11.0,0.8382658854624772,1.0,0.7637061762371852,0.8809980926459479,0.6,0.0,5.0,1
62c223db-815a-4ea2-afd8-fcacf5e1fd1a,65c54c61-8bed-4502-891f-54207581973c,0.32728790001038427,0.2,11.0,0.8382658854624772,0.6,0.5609694251913983,0.4769640187588726,1.0,4.0,4.0,0
62c223db-815a-4ea2-afd8-fcacf5e1fd1a,0279e518-1bb2-4b7d-adb3-74104bab7995,0.32728790001038427,0.2,11.0,0.8382658854624772,1.0,0.48298817741352884,0.6867808649438274,0.6,2.0,2.0,0
62c223db-815a-4ea2-afd8-fcacf5e1fd1a,0bc32369-5cc1-4c6e-9b9e-a0d6ad643532,0.32728790001038427,0.2,11.0,0.8382658854624772,0.6,0.6337720175795309,0.5219080741476771,1.0,2.0,2.0,0
62c223db-815a-4ea2-afd8-fcacf5e1fd1a,74148153-f45d-4239-a353-bd87a356743e,0.32728790001038427,0.2,11.0,0.8382658854624772,0.6,0.6999994035333063,0.6902791079691951,0.6,3.0,4.0,1
62c223db-815a-4ea2-afd8-fcacf5e1fd1a,89df2650-7e95-4104-8f42-5cb62ffb481a,0.32728790001038427,0.2,11.0,0.8382658854624772,0.2,0.29630278019401196,0.3424606722909498,0.0,1.0,3.0,0
62c223db-815a-4ea2-afd8-fcacf5e1fd1a,65c54c61-8bed-4502-891f-54207581973c,0.32728790001038427,0.2,11.0,0.8382658854624772,0.6,0.5609694251913983,0.4769640187588726,1.0,5.0,1.0,0
62c223db-815a-4ea2-afd8-fcacf5e1fd1a,3586835a-4f05-4964-8ca1-2138cebf95a6,0.32728790001038427,0.2,11.0,0.8382658854624772,1.0,0.6521758610516846,0.9475221766685487,0.0,4.0,0.0,1
62c223db-815a-4ea2-afd8-fcacf5e1fd1a,4923fb26-e583-4c24-ac52-8838a0ed3a98,0.32728790001038427,0.2,11.0,0.8382658854624772,1.0,0.553388277838538,0.7019544741283528,1.0,1.0,2.0,0
62c223db-815a-4ea2-afd8-fcacf5e1fd1a,50485b49-6f87-4fbb-a6d8-cc894f5ad343,0.32728790001038427,0.2,11.0,0.8382658854624772,0.2,0.489665412099198,0.42118413108785735,0.3,4.0,4.0,0
62c223db-815a-4ea2-afd8-fcacf5e1fd1a,06deada8-30c5-413b-9c3c-714dac3f16dc,0.32728790001038427,0.2,11.0,0.8382658854624772,1.0,0.35763710304451657,0.8208832504363414,1.0,5.0,0.0,0
62c223db-815a-4ea2-afd8-fcacf5e1fd1a,8d8bd000-8a84-4c8b-bdc8-797008544155,0.32728790001038427,0.2,11.0,0.8382658854624772,1.0,0.14606305453676433,0.13377939697072627,0.0,3.0,2.0,1
62c223db-815a-4ea2-afd8-fcacf5e1fd1a,897e2fd6-d062-4d6b-8350-be1ff289f7d2,0.32728790001038427,0.2,11.0,0.8382658854624772,1.0,0.27839323550003814,0.5426957391813381,1.0,1.0,5.0,0
62c223db-815a-4ea2-afd8-fcacf5e1fd1a,1dbb57c0-dbf1-4996-b33e-610ff0e1a4c5,0.32728790001038427,0.2,11.0,0.8382658854624772,0.2,0.6520298599863723,0.91316722678243,1.0,0.0,3.0,1
62c223db-815a-4ea2-afd8-fcacf5e1fd1a,9fbecf58-4b47-499b-af70-5be883e292d6,0.32728790001038427,0.2,11.0,0.8382658854624772,1.0,0.6813001709251447,0.40858971174533243,0.0,2.0,5.0,0
62c223db-815a-4ea2-afd8-fcacf5e1fd1a,50485b49-6f87-4fbb-a6d8-cc894f5ad343,0.32728790001038427,0.2,11.0,0.8382658854624772,0.2,0.489665412099198,0.42118413108785735,0.3,0.0,3.0,1
62c223db-815a-4ea2-afd8-fcacf5e1fd1a,ce563c1b-e3b8-441d-8833-a4b1974ef8ad,0.32728790001038427,0.2,11.0,0.8382658854624772,0.2,0.2484209913313706,0.8711314111441384,0.6,3.0,3.0,0
62c223db-815a-4ea2-afd8-fcacf5e1fd1a,5c1d0582-adee-41cb-bbe3-230e78acd299,0.32728790001038427,0.2,11.0,0.8382658854624772,0.6,0.13442713841525677,0.8039132575143135,1.0,2.0,5.0,0
62c223db-815a-4ea2-afd8-fcacf5e1fd1a,694b0a7e-d4bd-489d-991e-0fc7e0b7eae9,0.32728790001038427,0.2,11.0,0.8382658854624772,0.6,0.3343722183141432,0.2359196929431705,1.0,4.0,4.0,0
8731b8b0-c3d9-4814-b0a6-960275450471,ad581338-27d8-4935-86c9-5f785bf435c2,0.4382371902149985,1.0,8.0,0.644632822335667,1.0,0.3943185155107163,0.2811618959132587,0.3,1.0,1.0,0
8731b8b0-c3d9-4814-b0a6-960275450471,b61ea83c-607e-45d0-8e7b-1b85dc0719bf,0.4382371902149985,1.0,8.0,0.644632822335667,0.2,0.48020855047645894,0.4947416007255965,1.0,0.0,1.0,1
8731b8b0-c3d9-4814-b0a6-960275450471,09a8b01c-9886-431b-860f-484d959f9fd8,0.4382371902149985,1.0,8.0,0.644632822335667,0.2,0.7949409365509817,0.650881327422057,0.0,1.0,4.0,0
8731b8b0-c3d9-4814-b0a6-960275450471,8c822518-d0dc-460d-93c7-d9d033a078ba,0.4382371902149985,1.0,8.0,0.644632822335667,1.0,0.5475099359609544,0.9553256935848943,1.0,1.0,0.0,0
8731b8b0-c3d9-4814-b0a6-960275450471,6670ddb8-85fa-45e6-9af6-91adbac350a8,0.4382371902149985,1.0,8.0,0.644632822335667,1.0,0.5273671033049591,0.12936862090556023,0.0,2.0,1.0,1
8731b8b0-c3d9-4814-b0a6-960275450471,2fd06511-a2df-41a4-b9b8-72ad25edbef7,0.4382371902149985,1.0,8.0,0.644632822335667,1.0,0.8121414643536927,0.9186858244934103,0.3,0.0,2.0,1
8731b8b0-c3d9-4814-b0a6-960275450471,c777c23f-b2f3-4f1d-bbea-1e7286fac786,0.4382371902149985,1.0,8.0,0.644632822335667,0.2,0.9597491309827612,0.04607692524933382,0.0,1.0,1.0,1
8731b8b0-c3d9-4814-b0a6-960275450471,cd43d020-95b3-4fce-8795-f8fd1c5756af,0.4382371902149985,1.0,8.0,0.644632822335667,0.6,0.5573941486973442,0.11632937988922598,0.3,3.0,0.0,0
8731b8b0-c3d9-4814-b0a6-960275450471,666c606e-4a7f-4e66-9fac-fbc0339d13f8,0.4382371902149985,1.0,8.0,0.644632822335667,1.0,0.9652102148867648,0.8330892916579566,0.3,0.0,4.0,0
8731b8b0-c3d9-4814-b0a6-960275450471,1f8de1f5-f4a5-410b-85f9-a2177b221fd0,0.4382371902149985,1.0,8.0,0.644632822335667,0.2,0.9355406398663405,0.9993664824422813,1.0,2.0,5.0,0
8731b8b0-c3d9-4814-b0a6-960275450471,ad581338-27d8-4935-86c9-5f785bf435c2,0.4382371902149985,1.0,8.0,0.644632822335667,1.0,0.3943185155107163,0.2811618959132587,0.3,0.0,0.0,0
8731b8b0-c3d9-4814-b0a6-960275450471,3ceffdd1-05b8-4296-8ead-87aa963b9836,0.4382371902149985,1.0,8.0,0.644632822335667,1.0,0.4937077765458606,0.9078087859837904,0.3,1.0,3.0,1
8731b8b0-c3d9-4814-b0a6-960275450471,aaf45fe2-a218-49a4-8030-1b040505fcc2,0.4382371902149985,1.0,8.0,0.644632822335667,0.2,0.36982601339710064,0.6947724975849392,0.3,4.0,2.0,0
8731b8b0-c3d9-4814-b0a6-960275450471,19e80ef1-4224-4720-a093-1f15d029cdae,0.4382371902149985,1.0,8.0,0.644632822335667,1.0,0.8175424886601043,0.7192671703216541,0.6,1.0,0.0,1
8731b8b0-c3d9-4814-b0a6-960275450471,4b297a66-3334-402c-af3b-f9ee2b621b0b,0.4382371902149985,1.0,8.0,0.644632822335667,0.2,0.16180119098371584,0.2582859429792861,0.0,5.0,1.0,0
8731b8b0-c3d9-4814-b0a6-960275450471,6a217f2a-6a27-417d-a68f-a01e2a149c82,0.4382371902149985,1.0,8.0,0.644632822335667,1.0,0.6505590801619944,0.0878064055229939,0.6,3.0,2.0,0
8731b8b0-c3d9-4814-b0a6-960275450471,b8a59f9c-9152-4e9d-9227-81b450029be0,0.4382371902149985,1.0,8.0,0.644632822335667,0.2,0.9082416607735994,0.8438860705844703,1.0,1.0,1.0,0
8731b8b0-c3d9-4814-b0a6-960275450471,69f0bb17-25d2-40ca-9934-1d66d65b38ec,0.4382371902149985,1.0,8.0,0.644632822335667,1.0,0.5123580186270776,0.31857910523425825,0.6,5.0,1.0,0
8731b8b0-c3d9-4814-b0a6-960275450471,15b5cdd7-9aed-490f-9cb8-4f9a900eb398,0.4382371902149985,1.0,8.0,0.644632822335667,0.2,0.17789822129463906,0.6431782959777482,0.0,3.0,2.0,1
8731b8b0-c3d9-4814-b0a6-960275450471,78815b00-b8cf-4b53-9b5c-0a0cc08481cf,0.4382371902149985,1.0,8.0,0.644632822335667,0.6,0.9610158815047943,0.2578843936513069,0.0,1.0,5.0,1
8731b8b0-c3d9-4814-b0a6-960275450471,9f7ae8c9-dc90-4236-adb6-2109245d9021,0.4382371902149985,1.0,8.0,0.644632822335667,0.6,0.8963101399292399,0.12506351553810924,0.0,2.0,6.0,1
8731b8b0-c3d9-4814-b0a6-960275450471,4ae5516d-8df6-4ce0-a1a2-7fe96b97c4ed,0.4382371902149985,1.0,8.0,0.644632822335667,0.6,0.7394686693887754,0.3658730909863124,0.3,1.0,3.0,1
8731b8b0-c3d9-4814-b0a6-960275450471,b8f55e48-9d55-4d28-bc80-497a7d36ac53,0.4382371902149985,1.0,8.0,0.644632822335667,0.6,0.5364632049642664,0.9010207096938249,0.6,3.0,3.0,0
8731b8b0-c3d9-4814-b0a6-960275450471,5a34f357-525c-4e8c-9761-fca6c5ef4a54,0.4382371902149985,1.0,8.0,0.644632822335667,1.0,0.32612342892093527,0.37000647225331373,0.3,1.0,1.0,0
8731b8b0-c3d9-4814-b0a6-960275450471,5c1d0582-adee-41cb-bbe3-230e78acd299,0.4382371902149985,1.0,8.0,0.644632822335667,0.6,0.13442713841525677,0.8039132575143135,1.0,4.0,5.0,1
8731b8b0-c3d9-4814-b0a6-960275450471,d72916bd-ef8f-4502-bba8-725c04f85a5f,0.4382371902149985,1.0,8.0,0.644632822335667,0.2,0.854828063402321,0.2603597878713769,0.0,0.0,0.0,0
8731b8b0-c3d9-4814-b0a6-960275450471,45cea0cf-acbc-4a1c-ae67-7da156ce4e33,0.4382371902149985,1.0,8.0,0.644632822335667,0.6,0.44790999008794674,0.8240533460888545,0.3,3.0,4.0,0
8731b8b0-c3d9-4814-b0a6-960275450471,21197103-286c-4e08-8f2e-e1f0c1aa4b65,0.4382371902149985,1.0,8.0,0.644632822335667,0.2,0.974231980237957,0.8883695246489081,0.6,3.0,4.0,0
8731b8b0-c3d9-4814-b0a6-960275450471,61f8b793-eb21-415f-be6a-1dace64c1dab,0.4382371902149985,1.0,8.0,0.644632822335667,0.2,0.5789373941878594,0.5534783138488689,0.0,1.0,0.0,1
8731b8b0-c3d9-4814-b0a6-960275450471,153e892c-7403-48b3-b3e5-7a4444a6af33,0.4382371902149985,1.0,8.0,0.644632822335667,1.0,0.268440635924974,0.5517497858340187,0.3,5.0,0.0,0
8731b8b0-c3d9-4814-b0a6-960275450471,547da744-4911-48fa-9b2f-1b550cf8ac17,0.4382371902149985,1.0,8.0,0.644632822335667,1.0,0.45632620168229077,0.11858678619598295,1.0,3.0,5.0,0
8731b8b0-c3d9-4814-b0a6-960275450471,f32bd05f-f328-4f1a-be52-e7eeae8d75e8,0.4382371902149985,1.0,8.0,0.644632822335667,1.0,0.7522989076063284,0.09818661644669102,0.3,2.0,5.0,1
8731b8b0-c3d9-4814-b0a6-960275450471,8d5761d4-efd9-4f9b-a561-e385778a1505,0.4382371902149985,1.0,8.0,0.644632822335667,0.2,0.5667301021003356,0.19240837052962323,0.3,4.0,6.0,1
8731b8b0-c3d9-4814-b0a6-960275450471,86df6ab5-0a91-4c31-ae77-b6a97acaa3b6,0.4382371902149985,1.0,8.0,0.644632822335667,0.2,0.6626325512293207,0.22621734088053103,1.0,3.0,3.0,0
8731b8b0-c3d9-4814-b0a6-960275450471,7c817b5c-6572-44b4-8692-fb0a6e6339be,0.4382371902149985,1.0,8.0,0.644632822335667,1.0,0.5648788196988385,0.6966139096390322,0.6,3.0,1.0,0
8731b8b0-c3d9-4814-b0a6-960275450471,059f7915-4179-4fab-ab9a-979f2ce6e218,0.4382371902149985,1.0,8.0,0.644632822335667,1.0,0.9507761192432672,0.14440395180459542,0.6,5.0,1.0,0
8731b8b0-c3d9-4814-b0a6-960275450471,3ceffdd1-05b8-4296-8ead-87aa963b9836,0.4382371902149985,1.0,8.0,0.644632822335667,1.0,0.4937077765458606,0.9078087859837904,0.3,5.0,4.0,0
8731b8b0-c3d9-4814-b0a6-960275450471,5ac7df38-e13e-4ddf-ac1d-8bd8825c2903,0.4382371902149985,1.0,8.0,0.644632822335667,0.2,0.5606417702241059,0.9155246766150124,0.0,0.0,0.0,1
8731b8b0-c3d9-4814-b0a6-960275450471,9ba51c49-9d6a-423a-905e-593237ec3ec2,0.4382371902149985,1.0,8.0,0.644632822335667,0.2,0.5056427924137512,0.14164644156570538,1.0,0.0,1.0,1
8731b8b0-c3d9-4814-b0a6-960275450471,8977ae1e-0308-44ae-a8c8-f83ca0744d63,0.4382371902149985,1.0,8.0,0.644632822335667,0.6,0.8507600711322102,0.25582976206381436,0.6,4.0,1.0,1
2f910695-5d12-4c50-ad96-ca5f1027c420,dba04d24-2e37-4c46-ae54-9c34510dff1f,0.561639076200454,0.2,2.0,0.39308484029814394,1.0,0.8419986133538263,0.7052929283686935,0.0,3.0,5.0,0
2f910695-5d12-4c50-ad96-ca5f1027c420,c777c23f-b2f3-4f1d-bbea-1e7286fac786,0.561639076200454,0.2,2.0,0.39308484029814394,0.2,0.9597491309827612,0.04607692524933382,0.0,2.0,2.0,1
2f910695-5d12-4c50-ad96-ca5f1027c420,69f0bb17-25d2-40ca-9934-1d66d65b38ec,0.561639076200454,0.2,2.0,0.39308484029814394,1.0,0.5123580186270776,0.31857910523425825,0.6,4.0,3.0,0
2f910695-5d12-4c50-ad96-ca5f1027c420,ef4564ad-37cb-422e-9258-c0dd09e686d8,0.561639076200454,0.2,2.0,0.39308484029814394,0.6,0.7134305197216956,0.4952020834976343,0.0,0.0,3.0,1
2f910695-5d12-4c50-ad96-ca5f1027c420,c65f2822-55d3-4e67-b0e3-dcb7ed48c4fc,0.561639076200454,0.2,2.0,0.39308484029814394,0.2,0.5969201348829377,0.6751594254540361,0.3,5.0,5.0,0
2f910695-5d12-4c50-ad96-ca5f1027c420,768074f2-fa60-4a87-b7e9-0fe45c042ba8,0.561639076200454,0.2,2.0,0.39308484029814394,0.6,0.44816631031351084,0.885378023796285,0.0,3.0,4.0,0
2f910695-5d12-4c50-ad96-ca5f1027c420,4923fb26-e583-4c24-ac52-8838a0ed3a98,0.561639076200454,0.2,2.0,0.39308484029814394,1.0,0.553388277838538,0.7019544741283528,1.0,3.0,5.0,0
2f910695-5d12-4c50-ad96-ca5f1027c420,160450d5-9356-496d-a71d-78413a2828c7,0.561639076200454,0.2,2.0,0.39308484029814394,0.2,0.6437789001540966,0.8506322574276396,1.0,1.0,5.0,1
2f910695-5d12-4c50-ad96-ca5f1027c420,d05c6a73-7fda-4aba-88c3-900cedb6b9a6,0.561639076200454,0.2,2.0,0.39308484029814394,0.6,0.37465691625557584,0.04502897108590176,0.0,4.0,3.0,0
2f910695-5d12-4c50-ad96-ca5f1027c420,89df2650-7e95-4104-8f42-5cb62ffb481a,0.561639076200454,0.2,2.0,0.39308484029814394,0.2,0.29630278019401196,0.3424606722909498,0.0,2.0,3.0,0
2f910695-5d12-4c50-ad96-ca5f1027c420,e44b9013-f4a8-49bf-9379-87dcbb2e8e53,0.561639076200454,0.2,2.0,0.39308484029814394,1.0,0.36258242224859283,0.32306846386650134,0.3,1.0,2.0,0
2f910695-5d12-4c50-ad96-ca5f1027c420,ce563c1b-e3b8-441d-8833-a4b1974ef8ad,0.561639076200454,0.2,2.0,0.39308484029814394,0.2,0.2484209913313706,0.8711314111441384,0.6,5.0,2.0,1
2f910695-5d12-4c50-ad96-ca5f1027c420,79cb3b8e-aafa-418e-97aa-f7fdcb3d6c58,0.561639076200454,0.2,2.0,0.39308484029814394,0.2,0.3730266808058288,0.7752357696427774,0.3,2.0,0.0,0
2f910695-5d12-4c50-ad96-ca5f1027c420,4ba8e189-dadf-4dd5-b53d-7c4e20e6a1b9,0.561639076200454,0.2,2.0,0.39308484029814394,1.0,0.4261308026245366,0.5885791737632688,0.3,3.0,2.0,0
2f910695-5d12-4c50-ad96-ca5f1027c420,c777c23f-b2f3-4f1d-bbea-1e7286fac786,0.561639076200454,0.2,2.0,0.39308484029814394,0.2,0.9597491309827612,0.04607692524933382,0.0,3.0,0.0,0
2f910695-5d12-4c50-ad96-ca5f1027c420,e4db18b0-d91a-4fe4-b05f-eda25f38ea0d,0.561639076200454,0.2,2.0,0.39308484029814394,0.2,0.5776591949487476,0.19019373944895102,0.3,4.0,3.0,1
2f910695-5d12-4c50-ad96-ca5f1027c420,b7334163-6b0b-4be1-b584-94370f17d451,0.561639076200454,0.2,2.0,0.39308484029814394,1.0,0.6214743123780008,0.24793030815786732,0.6,1.0,3.0,0
2f910695-5d12-4c50-ad96-ca5f1027c420,8bf86bf8-6510-4e3c-a240-21e3b94e264e,0.561639076200454,0.2,2.0,0.39308484029814394,0.6,0.9444299160166787,0.9759914132168259,0.0,4.0,6.0,0
2f910695-5d12-4c50-ad96-ca5f1027c420,a26f3aa1-8131-40eb-8610-e57f92d60b1d,0.561639076200454,0.2,2.0,0.39308484029814394,0.6,0.5405955324673002,0.22788898669340596,0.3,5.0,5.0,1
2f910695-5d12-4c50-ad96-ca5f1027c420,72e21539-04f0-470f-b69d-9a418f7ff37b,0.561639076200454,0.2,2.0,0.39308484029814394,0.2,0.6144010067276086,0.8682015664155024,0.6,0.0,0.0,0
2f910695-5d12-4c50-ad96-ca5f1027c420,b1ecfa5c-68a1-4a8a-846a-dfb97027e1f6,0.561639076200454,0.2,2.0,0.39308484029814394,0.6,0.47396075244655456,0.7794108057492125,1.0,5.0,4.0,1
2f910695-5d12-4c50-ad96-ca5f1027c420,3c045d5e-db0b-42a4-8b36-5a8f0192e0a9,0.561639076200454,0.2,2.0,0.39308484029814394,0.6,0.9703557392871628,0.4741186336216032,0.3,5.0,5.0,0
2f910695-5d12-4c50-ad96-ca5f1027c420,9ef9ff12-8bfc-4d55-ba1e-d4fa03792c95,0.561639076200454,0.2,2.0,0.39308484029814394,0.2,0.482599597367356,0.7341152293318791,0.0,0.0,5.0,1
2f910695-5d12-4c50-ad96-ca5f1027c420,87a7aeb8-bf34-460e-bb3c-fbe35cf1ef81,0.561639076200454,0.2,2.0,0.39308484029814394,1.0,0.7885085605778664,0.825897641598029,0.6,2.0,3.0,0
2f910695-5d12-4c50-ad96-ca5f1027c420,1f8de1f5-f4a5-410b-85f9-a2177b221fd0,0.561639076200454,0.2,2.0,0.39308484029814394,0.2,0.9355406398663405,0.9993664824422813,1.0,5.0,0.0,0
2f910695-5d12-4c50-ad96-ca5f1027c420,8a2b6b58-3f67-4179-b80b-643dade73512,0.561639076200454,0.2,2.0,0.39308484029814394,0.6,0.31611651735255464,0.7525389528715243,1.0,0.0,1.0,0
2f910695-5d12-4c50-ad96-ca5f1027c420,10061fb7-f1ca-4d39-a324-536b4bc6d836,0.561639076200454,0.2,2.0,0.39308484029814394,0.2,0.618739880361464,0.7410470610420968,1.0,4.0,5.0,0
2f910695-5d12-4c50-ad96-ca5f1027c420,8155e67e-e6b6-4564-9fbc-a422dfbb4728,0.561639076200454,0.2,2.0,0.39308484029814394,0.2,0.3282195111753295,0.7588859461800079,0.0,0.0,6.0,1
2f910695-5d12-4c50-ad96-ca5f1027c420,2f2c32fa-6e32-4764-b476-b6f9b3cc5cd7,0.561639076200454,0.2,2.0,0.39308484029814394,0.2,0.13396258547827183,0.29306867008666404,0.0,4.0,0.0,1
2f910695-5d12-4c50-ad96-ca5f1027c420,3a71361b-e3e1-4223-b68a-ad50ca4dbe62,0.561639076200454,0.2,2.0,0.39308484029814394,1.0,0.6047778022342388,0.49194088405803205,0.6,4.0,0.0,1
2f910695-5d12-4c50-ad96-ca5f1027c420,2767a00e-73cb-4ec0-8f10-1f2685529dd8,0.561639076200454,0.2,2.0,0.39308484029814394,0.2,0.14774330715500755,0.17529814661096454,0.3,3.0,0.0,0
2f910695-5d12-4c50-ad96-ca5f1027c420,c0fc8404-31a2-4e51-8d19-2dec5d8f3a52,0.561639076200454,0.2,2.0,0.39308484029814394,1.0,0.7233296207802987,0.9797696833559353,1.0,3.0,6.0,1
2f910695-5d12-4c50-ad96-ca5f1027c420,06f5b296-916f-4c42-aec7-d6f62bba9d9b,0.561639076200454,0.2,2.0,0.39308484029814394,0.2,0.3223108679637023,0.4183220717622109,1.0,3.0,3.0,0
2f910695-5d12-4c50-ad96-ca5f1027c420,8977ae1e-0308-44ae-a8c8-f83ca0744d63,0.561639076200454,0.2,2.0,0.39308484029814394,0.6,0.8507600711322102,0.25582976206381436,0.6,3.0,6.0,1
2f910695-5d12-4c50-ad96-ca5f1027c420,35fc8989-8da0-422f-a619-1517d94a5ef1,0.561639076200454,0.2,2.0,0.39308484029814394,0.6,0.53636942704019,0.22090661672949963,1.0,3.0,4.0,0
2f910695-5d12-4c50-ad96-ca5f1027c420,a32c33b9-2ae0-4565-b4cd-8c363bd2dbb1,0.561639076200454,0.2,2.0,0.39308484029814394,0.6,0.4675427346881219,0.5919389716094521,0.3,3.0,5.0,0
2f910695-5d12-4c50-ad96-ca5f1027c420,299e9ca4-b5a4-4951-88ff-3985383763f0,0.561639076200454,0.2,2.0,0.39308484029814394,0.2,0.7548560181125934,0.465904244394832,0.6,0.0,5.0,0
2f910695-5d12-4c50-ad96-ca5f1027c420,34aadaae-a82c-41a6-b6ac-2ab4f11a8047,0.561639076200454,0.2,2.0,0.39308484029814394,0.2,0.11867463394112543,0.26611592959755015,0.6,0.0,6.0,1
2f910695-5d12-4c50-ad96-ca5f1027c420,b08c5e45-1706-4711-993f-50cbf58e2335,0.561639076200454,0.2,2.0,0.39308484029814394,0.6,0.7901117853804409,0.22604311984039915,0.0,0.0,6.0,0
2f910695-5d12-4c50-ad96-ca5f1027c420,7d8ed681-553e-4f86-8328-93bdf476bee2,0.561639076200454,0.2,2.0,0.39308484029814394,0.6,0.8243337011258274,0.4855544869796419,1.0,0.0,5.0,1
ec71fc53-bca7-4a53-aff9-8430a197bb32,ad581338-27d8-4935-86c9-5f785bf435c2,0.4844996872693635,1.0,7.0,0.7524874715572185,1.0,0.3943185155107163,0.2811618959132587,0.3,2.0,5.0,0
ec71fc53-bca7-4a53-aff9-8430a197bb32,2ab0f7b1-b672-4fd3-bf9d-b9435c307791,0.4844996872693635,1.0,7.0,0.7524874715572185,0.6,0.4930337984475558,0.8483250712740258,0.6,5.0,5.0,1
ec71fc53-bca7-4a53-aff9-8430a197bb32,d05c6a73-7fda-4aba-88c3-900cedb6b9a6,0.4844996872693635,1.0,7.0,0.7524874715572185,0.6,0.37465691625557584,0.04502897108590176,0.0,5.0,1.0,0
ec71fc53-bca7-4a53-aff9-8430a197bb32,15b5cdd7-9aed-490f-9cb8-4f9a900eb398,0.4844996872693635,1.0,7.0,0.7524874715572185,0.2,0.17789822129463906,0.6431782959777482,0.0,4.0,6.0,1
ec71fc53-bca7-4a53-aff9-8430a197bb32,fb36e3d1-7446-45e0-9d41-48f394b60fa9,0.4844996872693635,1.0,7.0,0.7524874715572185,0.6,0.6937735815060089,0.32932384475875576,0.0,5.0,5.0,0
ec71fc53-bca7-4a53-aff9-8430a197bb32,e78aa463-4c6f-47dc-a5bb-968ac81532c7,0.4844996872693635,1.0,7.0,0.7524874715572185,0.6,0.961259998425001,0.14413543131777729,0.6,5.0,1.0,1
ec71fc53-bca7-4a53-aff9-8430a197bb32,74148153-f45d-4239-a353-bd87a356743e,0.4844996872693635,1.0,7.0,0.7524874715572185,0.6,0.6999994035333063,0.6902791079691951,0.6,5.0,2.0,0
ec71fc53-bca7-4a53-aff9-8430a197bb32,dbb00897-88a6-4e66-bf2b-d540c730bdb9,0.4844996872693635,1.0,7.0,0.7524874715572185,0.6,0.9518329178984374,0.4047620165937216,0.0,1.0,3.0,0
ec71fc53-bca7-4a53-aff9-8430a197bb32,4923fb26-e583-4c24-ac52-8838a0ed3a98,0.4844996872693635,1.0,7.0,0.7524874715572185,1.0,0.553388277838538,0.7019544741283528,1.0,5.0,5.0,0
ec71fc53-bca7-4a53-aff9-8430a197bb32,04b630df-e955-44a2-ba81-7807bb8bbf0e,0.4844996872693635,1.0,7.0,0.7524874715572185,0.6,0.26969467315661044,0.7945253868283686,1.0,2.0,0.0,0
ec71fc53-bca7-4a53-aff9-8430a197bb32,d91ea030-edc5-4199-b235-b4f2746330e6,0.4844996872693635,1.0,7.0,0.7524874715572185,1.0,0.7413528687367448,0.2371548448306322,0.6,2.0,0.0,0
ec71fc53-bca7-4a53-aff9-8430a197bb32,85ca56ac-d00f-4985-9a10-09bdbdcf0764,0.4844996872693635,1.0,7.0,0.7524874715572185,1.0,0.7672921606674585,0.4762417440869502,0.3,0.0,1.0,0
ec71fc53-bca7-4a53-aff9-8430a197bb32,2ab0f7b1-b672-4fd3-bf9d-b9435c307791,0.4844996872693635,1.0,7.0,0.7524874715572185,0.6,0.4930337984475558,0.8483250712740258,0.6,3.0,6.0,0
ec71fc53-bca7-4a53-aff9-8430a197bb32,8d8bd000-8a84-4c8b-bdc8-797008544155,0.4844996872693635,1.0,7.0,0.7524874715572185,1.0,0.14606305453676433,0.13377939697072627,0.0,5.0,4.0,0
ec71fc53-bca7-4a53-aff9-8430a197bb32,85930d8e-50d0-4f7b-acb8-caaac625dd0e,0.4844996872693635,1.0,7.0,0.7524874715572185,1.0,0.718363556324442,0.8165727833244342,0.6,0.0,6.0,1
ec71fc53-bca7-4a53-aff9-8430a197bb32,f62e1330-1cf0-425f-9f10-6ddf9042abcd,0.4844996872693635,1.0,7.0,0.7524874715572185,1.0,0.9321622696421319,0.2356252848280802,1.0,3.0,2.0,1
ec71fc53-bca7-4a53-aff9-8430a197bb32,7d8ed681-553e-4f86-8328-93bdf476bee2,0.4844996872693635,1.0,7.0,0.7524874715572185,0.6,0.8243337011258274,0.4855544869796419,1.0,4.0,2.0,1
ec71fc53-bca7-4a53-aff9-8430a197bb32,0c914be4-9a3f-42b1-9a0d-7b75e4458ea2,0.4844996872693635,1.0,7.0,0.7524874715572185,0.2,0.6120270413649967,0.8895054166969376,0.3,0.0,2.0,1
ec71fc53-bca7-4a53-aff9-8430a197bb32,2fcb1115-b785-4e53-aef6-79c4dbe42cda,0.4844996872693635,1.0,7.0,0.7524874715572185,0.2,0.9505514578919633,0.7971802886027384,0.6,0.0,1.0,0
ec71fc53-bca7-4a53-aff9-8430a197bb32,3fb0a35d-d0bf-4534-9f63-995064c4e8af,0.4844996872693635,1.0,7.0,0.7524874715572185,0.2,0.4877773325800844,0.17627426660923395,0.3,3.0,1.0,1
ec71fc53-bca7-4a53-aff9-8430a197bb32,df3f8908-754b-4f66-b4a5-0f54f1bbdef1,0.4844996872693635,1.0,7.0,0.7524874715572185,0.2,0.9006532918063022,0.624832175706485,0.6,3.0,2.0,1
ec71fc53-bca7-4a53-aff9-8430a197bb32,2f2c32fa-6e32-4764-b476-b6f9b3cc5cd7,0.4844996872693635,1.0,7.0,0.7524874715572185,0.2,0.13396258547827183,0.29306867008666404,0.0,4.0,3.0,1
ec71fc53-bca7-4a53-aff9-8430a197bb32,effc8e6d-3fa0-4ad0-84e0-49ceb18ecfdf,0.4844996872693635,1.0,7.0,0.7524874715572185,1.0,0.1753861576369154,0.018304751217713022,0.6,2.0,1.0,0
ec71fc53-bca7-4a53-aff9-8430a197bb32,d96815d9-4db7-48f0-85a0-eddc3b7b916f,0.4844996872693635,1.0,7.0,0.7524874715572185,0.6,0.4536278778772145,0.0754688004112799,1.0,0.0,0.0,0
ec71fc53-bca7-4a53-aff9-8430a197bb32,c65f2822-55d3-4e67-b0e3-dcb7ed48c4fc,0.4844996872693635,1.0,7.0,0.7524874715572185,0.2,0.5969201348829377,0.6751594254540361,0.3,2.0,6.0,1
ec71fc53-bca7-4a53-aff9-8430a197bb32,42438319-d9cd-4491-91c4-7e8df4051b62,0.4844996872693635,1.0,7.0,0.7524874715572185,0.2,0.6023180626659986,0.9806347370894578,0.0,2.0,3.0,0
ec71fc53-bca7-4a53-aff9-8430a197bb32,cfaac6f7-b976-4661-8cd2-98f3a4e3a281,0.4844996872693635,1.0,7.0,0.7524874715572185,0.2,0.17993656314318568,0.2972789514204549,0.3,5.0,5.0,1
ec71fc53-bca7-4a53-aff9-8430a197bb32,686e3aa2-fafa-49b8-ae04-90315babb1d4,0.4844996872693635,1.0,7.0,0.7524874715572185,0.2,0.2485402182633587,0.3567460645487345,1.0,0.0,1.0,1
ec71fc53-bca7-4a53-aff9-8430a197bb32,2767a00e-73cb-4ec0-8f10-1f2685529dd8,0.4844996872693635,1.0,7.0,0.7524874715572185,0.2,0.14774330715500755,0.17529814661096454,0.3,4.0,5.0,0
ec71fc53-bca7-4a53-aff9-8430a197bb32,06497e85-86a1-47f4-bbdd-a5f778924253,0.4844996872693635,1.0,7.0,0.7524874715572185,0.2,0.19052222599951962,0.20137632619118384,0.3,5.0,5.0,1
ec71fc53-bca7-4a53-aff9-8430a197bb32,88e79e28-8590-4873-baf3-158ade3d3e32,0.4844996872693635,1.0,7.0,0.7524874715572185,1.0,0.9148647291612199,0.12864998776038128,0.0,0.0,6.0,1
ec71fc53-bca7-4a53-aff9-8430a197bb32,b7f3f687-720d-4c2e-b765-833d1f628763,0.4844996872693635,1.0,7.0,0.7524874715572185,0.6,0.5040757896213439,0.7654432929579714,0.6,2.0,1.0,0
ec71fc53-bca7-4a53-aff9-8430a197bb32,b9085332-b2b1-4b72-8021-b3b81398ce92,0.4844996872693635,1.0,7.0,0.7524874715572185,0.6,0.33544730729888195,0.5880404702366536,0.6,5.0,1.0,0
ec71fc53-bca7-4a53-aff9-8430a197bb32,786a081e-bed1-4dd5-af8f-b24a2969db27,0.4844996872693635,1.0,7.0,0.7524874715572185,1.0,0.2204606202831086,0.8790686327551894,0.6,4.0,6.0,0
ec71fc53-bca7-4a53-aff9-8430a197bb32,1fca9427-3cae-42d5-bed5-488302ac2459,0.4844996872693635,1.0,7.0,0.7524874715572185,0.6,0.396450442114459,0.6699625843471093,0.0,4.0,6.0,0
ec71fc53-bca7-4a53-aff9-8430a197bb32,6a24fb3d-8584-44db-80ec-a8943d9d4953,0.4844996872693635,1.0,7.0,0.7524874715572185,0.2,0.7990830790974275,0.6468922285040184,0.6,2.0,3.0,1
ec71fc53-bca7-4a53-aff9-8430a197bb32,015a673e-67b9-4560-949f-f0f29ba09691,0.4844996872693635,1.0,7.0,0.7524874715572185,0.6,0.772469818793257,0.851704139635052,0.0,2.0,3.0,1
ec71fc53-bca7-4a53-aff9-8430a197bb32,03be5e2c-49dc-49c9-bf6c-bd633714d57c,0.4844996872693635,1.0,7.0,0.7524874715572185,0.2,0.23003808241798443,0.40233767223870887,0.0,4.0,1.0,0
ec71fc53-bca7-4a53-aff9-8430a197bb32,cd43d020-95b3-4fce-8795-f8fd1c5756af,0.4844996872693635,1.0,7.0,0.7524874715572185,0.6,0.5573941486973442,0.11632937988922598,0.3,5.0,4.0,0
ec71fc53-bca7-4a53-aff9-8430a197bb32,ad90952f-caf0-425d-8039-7263f702df91,0.4844996872693635,1.0,7.0,0.7524874715572185,0.2,0.9254823202465832,0.36840241779614114,0.0,0.0,2.0,1
77a3b011-0081-4b06-85a6-23cab04aa6fc,6059807a-e497-4a84-9074-8799b7986611,0.6521320298186666,0.6,14.0,0.834346294505854,0.6,0.4781895633511416,0.7748754537301457,0.0,2.0,4.0,1
77a3b011-0081-4b06-85a6-23cab04aa6fc,8ab6ed8b-51d4-454f-85f3-3f6b976bb994,0.6521320298186666,0.6,14.0,0.834346294505854,1.0,0.28732703598303644,0.30524872168293893,0.3,4.0,6.0,1
77a3b011-0081-4b06-85a6-23cab04aa6fc,4eda28e3-9d9e-4f06-badb-0cb04245ce38,0.6521320298186666,0.6,14.0,0.834346294505854,0.6,0.2524816678776829,0.7419096525240588,0.6,4.0,4.0,0
77a3b011-0081-4b06-85a6-23cab04aa6fc,69f0bb17-25d2-40ca-9934-1d66d65b38ec,0.6521320298186666,0.6,14.0,0.834346294505854,1.0,0.5123580186270776,0.31857910523425825,0.6,4.0,3.0,1
77a3b011-0081-4b06-85a6-23cab04aa6fc,b76881f6-7f27-4c43-8ef9-41162752919f,0.6521320298186666,0.6,14.0,0.834346294505854,1.0,0.440401152269174,0.05205596231391263,0.0,2.0,4.0,0
77a3b011-0081-4b06-85a6-23cab04aa6fc,de80c064-1511-4251-84a5-ba1187978d32,0.6521320298186666,0.6,14.0,0.834346294505854,1.0,0.37359855622088356,0.32543416209529763,0.0,0.0,1.0,1
77a3b011-0081-4b06-85a6-23cab04aa6fc,8bf86bf8-6510-4e3c-a240-21e3b94e264e,0.6521320298186666,0.6,14.0,0.834346294505854,0.6,0.9444299160166787,0.9759914132168259,0.0,5.0,4.0,0
77a3b011-0081-4b06-85a6-23cab04aa6fc,9f019ca3-6a4d-4f1c-8cfd-4fc983011cd8,0.6521320298186666,0.6,14.0,0.834346294505854,0.6,0.8592879525285462,0.4771610349793223,0.6,0.0,5.0,0
77a3b011-0081-4b06-85a6-23cab04aa6fc,b7c1594e-c23f-4a6c-b842-737b0c93b147,0.6521320298186666,0.6,14.0,0.834346294505854,1.0,0.3323463750225212,0.10510906779710338,0.3,5.0,3.0,0
77a3b011-0081-4b06-85a6-23cab04aa6fc,8c20762d-72fc-4a90-9284-b697f6205faa,0.6521320298186666,0.6,14.0,0.834346294505854,0.2,0.809327370784988,0.46262162923016714,0.6,1.0,2.0,1
77a3b011-0081-4b06-85a6-23cab04aa6fc,9d28a4ed-19ea-45ff-8c87-cd755a39633c,0.6521320298186666,0.6,14.0,0.834346294505854,1.0,0.9699569764835101,0.3864034459374597,1.0,0.0,1.0,0
77a3b011-0081-4b06-85a6-23cab04aa6fc,eab77546-5660-4b6f-8ed6-d113d4c924cb,0.6521320298186666,0.6,14.0,0.834346294505854,0.6,0.6257718626796875,0.29583808895330166,0.0,2.0,6.0,0
77a3b011-0081-4b06-85a6-23cab04aa6fc,290546aa-9a27-44b0-96cf-1cbe5de0ac63,0.6521320298186666,0.6,14.0,0.834346294505854,0.2,0.8840031953521331,0.909469052204089,0.3,5.0,6.0,1
77a3b011-0081-4b06-85a6-23cab04aa6fc,e4e6b795-9ea2-4e67-a482-101b379e3dd3,0.6521320298186666,0.6,14.0,0.834346294505854,0.6,0.7178715876853263,0.49460864618565403,0.0,2.0,3.0,1
77a3b011-0081-4b06-85a6-23cab04aa6fc,d8d30dac-fd61-48d1-8bf9-aa602ff08b1b,0.6521320298186666,0.6,14.0,0.834346294505854,0.6,0.5193853910130869,0.5025270481245171,0.0,5.0,1.0,1
77a3b011-0081-4b06-85a6-23cab04aa6fc,ce563c1b-e3b8-441d-8833-a4b1974ef8ad,0.6521320298186666,0.6,14.0,0.834346294505854,0.2,0.2484209913313706,0.8711314111441384,0.6,0.0,5.0,1
77a3b011-0081-4b06-85a6-23cab04aa6fc,c65f2822-55d3-4e67-b0e3-dcb7ed48c4fc,0.6521320298186666,0.6,14.0,0.834346294505854,0.2,0.5969201348829377,0.6751594254540361,0.3,0.0,6.0,1
77a3b011-0081-4b06-85a6-23cab04aa6fc,87a7aeb8-bf34-460e-bb3c-fbe35cf1ef81,0.6521320298186666,0.6,14.0,0.834346294505854,1.0,0.7885085605778664,0.825897641598029,0.6,0.0,1.0,0
77a3b011-0081-4b06-85a6-23cab04aa6fc,be7b953b-bf68-42e7-957e-b6f8f29af69d,0.6521320298186666,0.6,14.0,0.834346294505854,1.0,0.6945243897343877,0.4669732371344246,1.0,1.0,1.0,0
77a3b011-0081-4b06-85a6-23cab04aa6fc,7a3805f8-637d-41ce-ac78-d79938def8ea,0.6521320298186666,0.6,14.0,0.834346294505854,0.2,0.6005977206832448,0.609661198171549,0.0,5.0,5.0,1
77a3b011-0081-4b06-85a6-23cab04aa6fc,79cb3b8e-aafa-418e-97aa-f7fdcb3d6c58,0.6521320298186666,0.6,14.0,0.834346294505854,0.2,0.3730266808058288,0.7752357696427774,0.3,3.0,5.0,1
77a3b011-0081-4b06-85a6-23cab04aa6fc,bfa4d06d-4c33-44f5-a582-6f5fc24bfd7f,0.6521320298186666,0.6,14.0,0.834346294505854,0.2,0.6497798817429743,0.4331009496434778,1.0,2.0,3.0,1
77a3b011-0081-4b06-85a6-23cab04aa6fc,ff0af660-6a5f-4fd7-b2e1-c43344816514,0.6521320298186666,0.6,14.0,0.834346294505854,1.0,0.5024161230527904,0.7433967816161681,0.3,1.0,5.0,0
77a3b011-0081-4b06-85a6-23cab04aa6fc,6a217f2a-6a27-417d-a68f-a01e2a149c82,0.6521320298186666,0.6,14.0,0.834346294505854,1.0,0.6505590801619944,0.0878064055229939,0.6,3.0,4.0,0
77a3b011-0081-4b06-85a6-23cab04aa6fc,3feb240a-54de-4548-9d6d-6b68da72c588,0.6521320298186666,0.6,14.0,0.834346294505854,0.6,0.3534939575862086,0.46875086538360267,0.6,4.0,6.0,0
77a3b011-0081-4b06-85a6-23cab04aa6fc,663e97bc-95a7-41b9-9e8e-0aaa991d7522,0.6521320298186666,0.6,14.0,0.834346294505854,0.2,0.45979536292483636,0.25030114523410607,1.0,0.0,2.0,1
77a3b011-0081-4b06-85a6-23cab04aa6fc,6cef895f-06aa-4942-bedd-72fff31eb379,0.6521320298186666,0.6,14.0,0.834346294505854,0.2,0.8773089936408774,0.6446474280251517,1.0,2.0,4.0,1
77a3b011-0081-4b06-85a6-23cab04aa6fc,cf67b867-661f-4761-aa9e-bd64b50cabad,0.6521320298186666,0.6,14.0,0.834346294505854,0.6,0.9775452477834666,0.8291857681957223,0.6,2.0,5.0,1
77a3b011-0081-4b06-85a6-23cab04aa6fc,965ef1a3-f422-4510-af75-d3f89e3642dd,0.6521320298186666,0.6,14.0,0.834346294505854,1.0,0.4273005359792914,0.6938722867459519,0.6,1.0,5.0,0
77a3b011-0081-4b06-85a6-23cab04aa6fc,7a3805f8-637d-41ce-ac78-d79938def8ea,0.6521320298186666,0.6,14.0,0.834346294505854,0.2,0.6005977206832448,0.609661198171549,0.0,2.0,1.0,1
77a3b011-0081-4b06-85a6-23cab04aa6fc,90e0e36e-2a3f-4349-b92f-d283a363e309,0.6521320298186666,0.6,14.0,0.834346294505854,0.6,0.37903438078382046,0.7659731746919894,0.6,5.0,4.0,0
77a3b011-0081-4b06-85a6-23cab04aa6fc,7b512031-30a6-4d3c-8e53-4acf4b15efd9,0.6521320298186666,0.6,14.0,0.834346294505854,0.6,0.20961141822392887,0.22555703805048077,1.0,4.0,2.0,0
77a3b011-0081-4b06-85a6-23cab04aa6fc,c1dad211-ef14-4930-9fde-65d8d01eb8a2,0.6521320298186666,0.6,14.0,0.834346294505854,1.0,0.2775989588417923,0.19963019650413683,0.3,2.0,1.0,0
77a3b011-0081-4b06-85a6-23cab04aa6fc,88e79e28-8590-4873-baf3-158ade3d3e32,0.6521320298186666,0.6,14.0,0.834346294505854,1.0,0.9148647291612199,0.12864998776038128,0.0,2.0,3.0,1
77a3b011-0081-4b06-85a6-23cab04aa6fc,a17bf541-effa-44fe-bb93-e99cb560a113,0.6521320298186666,0.6,14.0,0.834346294505854,0.6,0.6843407970867683,0.1004271940167254,0.6,1.0,0.0,0
77a3b011-0081-4b06-85a6-23cab04aa6fc,768074f2-fa60-4a87-b7e9-0fe45c042ba8,0.6521320298186666,0.6,14.0,0.834346294505854,0.6,0.44816631031351084,0.885378023796285,0.0,4.0,4.0,0
77a3b011-0081-4b06-85a6-23cab04aa6fc,34aadaae-a82c-41a6-b6ac-2ab4f11a8047,0.6521320298186666,0.6,14.0,0.834346294505854,0.2,0.11867463394112543,0.26611592959755015,0.6,5.0,6.0,1
77a3b011-0081-4b06-85a6-23cab04aa6fc,e033b700-4879-4d96-af09-314a42b40ec0,0.6521320298186666,0.6,14.0,0.834346294505854,0.6,0.5265277997852419,0.306413896951497,1.0,0.0,1.0,0
77a3b011-0081-4b06-85a6-23cab04aa6fc,90e0e36e-2a3f-4349-b92f-d283a363e309,0.6521320298186666,0.6,14.0,0.834346294505854,0.6,0.37903438078382046,0.7659731746919894,0.6,3.0,2.0,1
77a3b011-0081-4b06-85a6-23cab04aa6fc,cd43d020-95b3-4fce-8795-f8fd1c5756af,0.6521320298186666,0.6,14.0,0.834346294505854,0.6,0.5573941486973442,0.11632937988922598,0.3,4.0,3.0,0
0500fb4a-04dc-4499-95fb-d017383252d1,c3ccbfd0-fc33-4b81-bec0-7bb56f47c14f,0.26513734538827016,0.2,12.0,0.7534297242361616,1.0,0.7957102117424933,0.04996005462064468,1.0,1.0,3.0,0
0500fb4a-04dc-4499-95fb-d017383252d1,87a7aeb8-bf34-460e-bb3c-fbe35cf1ef81,0.26513734538827016,0.2,12.0,0.7534297242361616,1.0,0.7885085605778664,0.825897641598029,0.6,0.0,5.0,1
0500fb4a-04dc-4499-95fb-d017383252d1,1fca9427-3cae-42d5-bed5-488302ac2459,0.26513734538827016,0.2,12.0,0.7534297242361616,0.6,0.396450442114459,0.6699625843471093,0.0,3.0,4.0,1
0500fb4a-04dc-4499-95fb-d017383252d1,bb149053-41e0-46bd-ae04-d392610b827f,0.26513734538827016,0.2,12.0,0.7534297242361616,1.0,0.9892289095536471,0.5376980874726343,0.3,5.0,0.0,0
0500fb4a-04dc-4499-95fb-d017383252d1,139389de-ef52-4a31-a3a6-711cb26f1f6a,0.26513734538827016,0.2,12.0,0.7534297242361616,0.2,0.6569353768626665,0.927362807810403,1.0,1.0,2.0,1
0500fb4a-04dc-4499-95fb-d017383252d1,1f8de1f5-f4a5-410b-85f9-a2177b221fd0,0.26513734538827016,0.2,12.0,0.7534297242361616,0.2,0.9355406398663405,0.9993664824422813,1.0,3.0,1.0,1
0500fb4a-04dc-4499-95fb-d017383252d1,5c1d0582-adee-41cb-bbe3-230e78acd299,0.26513734538827016,0.2,12.0,0.7534297242361616,0.6,0.13442713841525677,0.8039132575143135,1.0,5.0,1.0,0
0500fb4a-04dc-4499-95fb-d017383252d1,74148153-f45d-4239-a353-bd87a356743e,0.26513734538827016,0.2,12.0,0.7534297242361616,0.6,0.6999994035333063,0.6902791079691951,0.6,3.0,5.0,1
0500fb4a-04dc-4499-95fb-d017383252d1,3e8780dc-c7a9-4934-8e6f-110d379812e4,0.26513734538827016,0.2,12.0,0.7534297242361616,1.0,0.5060570262278341,0.2300402347272693,0.6,2.0,1.0,0
0500fb4a-04dc-4499-95fb-d017383252d1,5939c634-d641-4ed7-8910-517780e88b75,0.26513734538827016,0.2,12.0,0.7534297242361616,0.6,0.7523652503478826,0.6850593430585846,0.3,3.0,1.0,1
0500fb4a-04dc-4499-95fb-d017383252d1,c2aa2f4b-31d0-4751-b78b-9bc94a917dd3,0.26513734538827016,0.2,12.0,0.7534297242361616,0.2,0.9632839642542039,0.47862263242291936,0.3,1.0,5.0,0
0500fb4a-04dc-4499-95fb-d017383252d1,f9e2c26a-8651-45e9-95ac-020bf84e5d87,0.26513734538827016,0.2,12.0,0.7534297242361616,1.0,0.5925107460897749,0.3638178643767461,0.6,4.0,2.0,0
0500fb4a-04dc-4499-95fb-d017383252d1,bc2b645f-2327-4ce9-a2d2-c4dfb4c037a4,0.26513734538827016,0.2,12.0,0.7534297242361616,0.6,0.565732669170513,0.9898859782322003,1.0,2.0,5.0,1
0500fb4a-04dc-4499-95fb-d017383252d1,18c8f5c0-62d6-4353-8121-04a82ac26ed8,0.26513734538827016,0.2,12.0,0.7534297242361616,1.0,0.14611128000847454,0.5869443165834576,0.3,2.0,2.0,0
0500fb4a-04dc-4499-95fb-d017383252d1,ab31027b-1533-4573-87ee-591c4e74f603,0.26513734538827016,0.2,12.0,0.7534297242361616,0.2,0.13414284675556443,0.8188515466757538,1.0,4.0,5.0,1
0500fb4a-04dc-4499-95fb-d017383252d1,b5455ff3-4469-4b08-b2d0-3b4b8a9faa28,0.26513734538827016,0.2,12.0,0.7534297242361616,0.2,0.8168045396107254,0.12498281746751883,0.3,3.0,3.0,1
0500fb4a-04dc-4499-95fb-d017383252d1,ff0af660-6a5f-4fd7-b2e1-c43344816514,0.26513734538827016,0.2,12.0,0.7534297242361616,1.0,0.5024161230527904,0.7433967816161681,0.3,3.0,3.0,0
0500fb4a-04dc-4499-95fb-d017383252d1,e4e6b795-9ea2-4e67-a482-101b379e3dd3,0.26513734538827016,0.2,12.0,0.7534297242361616,0.6,0.7178715876853263,0.49460864618565403,0.0,2.0,6.0,0
0500fb4a-04dc-4499-95fb-d017383252d1,e8df6458-6771-4ac9-9072-87c3e1750d40,0.26513734538827016,0.2,12.0,0.7534297242361616,0.2,0.43364799363262085,0.28863566461256474,0.0,3.0,6.0,1
0500fb4a-04dc-4499-95fb-d017383252d1,f2b47773-ae1a-4e1a-83d1-6e1190805e45,0.26513734538827016,0.2,12.0,0.7534297242361616,0.2,0.47451581704366996,0.8941437054017293,0.0,2.0,3.0,1
0500fb4a-04dc-4499-95fb-d017383252d1,b76881f6-7f27-4c43-8ef9-41162752919f,0.26513734538827016,0.2,12.0,0.7534297242361616,1.0,0.440401152269174,0.05205596231391263,0.0,4.0,5.0,1
0500fb4a-04dc-4499-95fb-d017383252d1,4fdb3305-ba7f-45fd-908f-aee1f36874a7,0.26513734538827016,0.2,12.0,0.7534297242361616,0.2,0.9186809012161644,0.8525202868433427,1.0,3.0,5.0,1
0500fb4a-04dc-4499-95fb-d017383252d1,225af4bb-7dea-491a-b6ce-984e91ad99bf,0.26513734538827016,0.2,12.0,0.7534297242361616,0.2,0.954287099322196,0.3931698082459284,0.3,4.0,6.0,0
0500fb4a-04dc-4499-95fb-d017383252d1,65c54c61-8bed-4502-891f-54207581973c,0.26513734538827016,0.2,12.0,0.7534297242361616,0.6,0.5609694251913983,0.4769640187588726,1.0,4.0,4.0,0
0500fb4a-04dc-4499-95fb-d017383252d1,72e21539-04f0-470f-b69d-9a418f7ff37b,0.26513734538827016,0.2,12.0,0.7534297242361616,0.2,0.6144010067276086,0.8682015664155024,0.6,0.0,0.0,1
0500fb4a-04dc-4499-95fb-d017383252d1,684277da-f62a-49f6-b09e-1b7e786c463b,0.26513734538827016,0.2,12.0,0.7534297242361616,1.0,0.457984105173436,0.7791379129900283,0.6,1.0,5.0,0
0500fb4a-04dc-4499-95fb-d017383252d1,db87c9f7-0d43-43e7-bfc8-10a75114f27b,0.26513734538827016,0.2,12.0,0.7534297242361616,1.0,0.5554553024932305,0.03495342538664914,0.6,4.0,5.0,0
0500fb4a-04dc-4499-95fb-d017383252d1,10fa412c-7efe-46f7-89b0-c6aa11d87532,0.26513734538827016,0.2,12.0,0.7534297242361616,1.0,0.911960789245008,0.6298188715387788,0.3,2.0,0.0,1
0500fb4a-04dc-4499-95fb-d017383252d1,1e7d8873-b56a-4886-a1ad-5de73c350f8e,0.26513734538827016,0.2,12.0,0.7534297242361616,0.6,0.39376459292746124,0.062329554128436215,0.6,4.0,2.0,1
0500fb4a-04dc-4499-95fb-d017383252d1,b404278c-bd4e-43f3-b805-2473f7c0eb3d,0.26513734538827016,0.2,12.0,0.7534297242361616,0.6,0.2463507248368063,0.8830515088702483,0.3,1.0,6.0,1
0500fb4a-04dc-4499-95fb-d017383252d1,965ef1a3-f422-4510-af75-d3f89e3642dd,0.26513734538827016,0.2,12.0,0.7534297242361616,1.0,0.4273005359792914,0.6938722867459519,0.6,5.0,0.0,0
0500fb4a-04dc-4499-95fb-d017383252d1,6059807a-e497-4a84-9074-8799b7986611,0.26513734538827016,0.2,12.0,0.7534297242361616,0.6,0.4781895633511416,0.7748754537301457,0.0,0.0,6.0,1
0500fb4a-04dc-4499-95fb-d017383252d1,fc4acfb5-647c-49b2-9c8c-e8b0e4b17239,0.26513734538827016,0.2,12.0,0.7534297242361616,0.6,0.9661698956227394,0.22641288621518874,0.0,1.0,2.0,0
0500fb4a-04dc-4499-95fb-d017383252d1,667e3056-15dd-4db1-8e1b-b615cf4a3827,0.26513734538827016,0.2,12.0,0.7534297242361616,0.6,0.15606825708589728,0.7606037779959967,0.0,4.0,6.0,1
0500fb4a-04dc-4499-95fb-d017383252d1,5b598b97-310b-48b1-a31c-086e59102b7b,0.26513734538827016,0.2,12.0,0.7534297242361616,0.2,0.7003193052156396,0.8859898883469448,0.0,0.0,2.0,1
0500fb4a-04dc-4499-95fb-d017383252d1,74e91ec2-7e97-4477-a254-e11129eee045,0.26513734538827016,0.2,12.0,0.7534297242361616,1.0,0.4127752338799551,0.9613455666412534,0.3,1.0,2.0,1
0500fb4a-04dc-4499-95fb-d017383252d1,0b680785-5c4e-4ff3-90da-a95bdb6ddea3,0.26513734538827016,0.2,12.0,0.7534297242361616,1.0,0.9476882864447816,0.37902629176285674,0.0,3.0,1.0,0
0500fb4a-04dc-4499-95fb-d017383252d1,9102dfee-3ffe-4500-abcd-856f5c7ba81a,0.26513734538827016,0.2,12.0,0.7534297242361616,0.2,0.14792713695477017,0.6300659561232757,1.0,3.0,2.0,0
0500fb4a-04dc-4499-95fb-d017383252d1,1f8de1f5-f4a5-410b-85f9-a2177b221fd0,0.26513734538827016,0.2,12.0,0.7534297242361616,0.2,0.9355406398663405,0.9993664824422813,1.0,3.0,5.0,1
0500fb4a-04dc-4499-95fb-d017383252d1,786a081e-bed1-4dd5-af8f-b24a2969db27,0.26513734538827016,0.2,12.0,0.7534297242361616,1.0,0.2204606202831086,0.8790686327551894,0.6,2.0,3.0,0
f17af99a-7a18-409e-adac-bb4ea8165cd8,6df290df-6194-497e-9997-fd6713e1435f,0.4143442210910619,1.0,11.0,0.5786083910076198,1.0,0.7637061762371852,0.8809980926459479,0.6,2.0,2.0,0
f17af99a-7a18-409e-adac-bb4ea8165cd8,27de15b7-4423-4163-9a52-27eba3556133,0.4143442210910619,1.0,11.0,0.5786083910076198,0.2,0.8025233861040034,0.45458734247358457,0.6,5.0,5.0,1
f17af99a-7a18-409e-adac-bb4ea8165cd8,d1505a61-3c3b-4c86-a8ae-c4ab1a296525,0.4143442210910619,1.0,11.0,0.5786083910076198,1.0,0.5383907575441277,0.2096336099684688,0.6,3.0,0.0,0
f17af99a-7a18-409e-adac-bb4ea8165cd8,e8df6458-6771-4ac9-9072-87c3e1750d40,0.4143442210910619,1.0,11.0,0.5786083910076198,0.2,0.43364799363262085,0.28863566461256474,0.0,0.0,4.0,1
f17af99a-7a18-409e-adac-bb4ea8165cd8,684277da-f62a-49f6-b09e-1b7e786c463b,0.4143442210910619,1.0,11.0,0.5786083910076198,1.0,0.457984105173436,0.7791379129900283,0.6,5.0,2.0,0
f17af99a-7a18-409e-adac-bb4ea8165cd8,85ca56ac-d00f-4985-9a10-09bdbdcf0764,0.4143442210910619,1.0,11.0,0.5786083910076198,1.0,0.7672921606674585,0.4762417440869502,0.3,1.0,6.0,0
f17af99a-7a18-409e-adac-bb4ea8165cd8,be9d36c1-5645-43bf-b29e-f59fe75b58fc,0.4143442210910619,1.0,11.0,0.5786083910076198,0.2,0.9631836571803765,0.9302866275169228,1.0,5.0,4.0,0
f17af99a-7a18-409e-adac-bb4ea8165cd8,6670ddb8-85fa-45e6-9af6-91adbac350a8,0.4143442210910619,1.0,11.0,0.5786083910076198,1.0,0.5273671033049591,0.12936862090556023,0.0,5.0,2.0,1
f17af99a-7a18-409e-adac-bb4ea8165cd8,61f8b793-eb21-415f-be6a-1dace64c1dab,0.4143442210910619,1.0,11.0,0.5786083910076198,0.2,0.5789373941878594,0.5534783138488689,0.0,0.0,2.0,1
f17af99a-7a18-409e-adac-bb4ea8165cd8,786a081e-bed1-4dd5-af8f-b24a2969db27,0.4143442210910619,1.0,11.0,0.5786083910076198,1.0,0.2204606202831086,0.8790686327551894,0.6,5.0,2.0,1
f17af99a-7a18-409e-adac-bb4ea8165cd8,fe09dd6a-bc95-42e6-bb3c-61d404a20200,0.4143442210910619,1.0,11.0,0.5786083910076198,0.2,0.852490071939042,0.9956463958670673,0.3,0.0,6.0,1
f17af99a-7a18-409e-adac-bb4ea8165cd8,c5beb2bc-7876-4318-b66a-dab1f0815f72,0.4143442210910619,1.0,11.0,0.5786083910076198,0.6,0.40881718791361676,0.5939586390142232,0.0,4.0,2.0,1
f17af99a-7a18-409e-adac-bb4ea8165cd8,e45bd99d-504e-4e64-83b1-c517b6b084cf,0.4143442210910619,1.0,11.0,0.5786083910076198,1.0,0.2973675063752232,0.26685392748809267,0.0,1.0,2.0,1
f17af99a-7a18-409e-adac-bb4ea8165cd8,7d8ed681-553e-4f86-8328-93bdf476bee2,0.4143442210910619,1.0,11.0,0.5786083910076198,0.6,0.8243337011258274,0.4855544869796419,1.0,5.0,6.0,0
f17af99a-7a18-409e-adac-bb4ea8165cd8,34aadaae-a82c-41a6-b6ac-2ab4f11a8047,0.4143442210910619,1.0,11.0,0.5786083910076198,0.2,0.11867463394112543,0.26611592959755015,0.6,1.0,5.0,0
f17af99a-7a18-409e-adac-bb4ea8165cd8,e8df6458-6771-4ac9-9072-87c3e1750d40,0.4143442210910619,1.0,11.0,0.5786083910076198,0.2,0.43364799363262085,0.28863566461256474,0.0,0.0,5.0,1
f17af99a-7a18-409e-adac-bb4ea8165cd8,5e05eec7-1e62-4d54-96f8-a536e832863a,0.4143442210910619,1.0,11.0,0.5786083910076198,0.2,0.99982637880827,0.7415351340320897,0.0,1.0,2.0,0
f17af99a-7a18-409e-adac-bb4ea8165cd8,bc2b645f-2327-4ce9-a2d2-c4dfb4c037a4,0.4143442210910619,1.0,11.0,0.5786083910076198,0.6,0.565732669170513,0.9898859782322003,1.0,4.0,2.0,0
f17af99a-7a18-409e-adac-bb4ea8165cd8,f62e1330-1cf0-425f-9f10-6ddf9042abcd,0.4143442210910619,1.0,11.0,0.5786083910076198,1.0,0.9321622696421319,0.2356252848280802,1.0,4.0,0.0,0
f17af99a-7a18-409e-adac-bb4ea8165cd8,686e3aa2-fafa-49b8-ae04-90315babb1d4,0.4143442210910619,1.0,11.0,0.5786083910076198,0.2,0.2485402182633587,0.3567460645487345,1.0,2.0,3.0,1
f17af99a-7a18-409e-adac-bb4ea8165cd8,7c786351-37ac-47a2-9542-40b90f3efee8,0.4143442210910619,1.0,11.0,0.5786083910076198,0.6,0.6561708102091133,0.18646349182808575,0.3,5.0,0.0,0
f17af99a-7a18-409e-adac-bb4ea8165cd8,0bc32369-5cc1-4c6e-9b9e-a0d6ad643532,0.4143442210910619,1.0,11.0,0.5786083910076198,0.6,0.6337720175795309,0.5219080741476771,1.0,0.0,1.0,0
f17af99a-7a18-409e-adac-bb4ea8165cd8,18c8f5c0-62d6-4353-8121-04a82ac26ed8,0.4143442210910619,1.0,11.0,0.5786083910076198,1.0,0.14611128000847454,0.5869443165834576,0.3,2.0,2.0,1
f17af99a-7a18-409e-adac-bb4ea8165cd8,29943de0-bf3c-49cd-84da-43ca10216d5a,0.4143442210910619,1.0,11.0,0.5786083910076198,1.0,0.24742902261843305,0.882207830248756,0.0,0.0,1.0,0
f17af99a-7a18-409e-adac-bb4ea8165cd8,5e04770f-4a25-48a2-ad93-cef1ed97d455,0.4143442210910619,1.0,11.0,0.5786083910076198,1.0,0.6810890391339975,0.862719881758954,0.3,2.0,6.0,0
f17af99a-7a18-409e-adac-bb4ea8165cd8,e4e6b795-9ea2-4e67-a482-101b379e3dd3,0.4143442210910619,1.0,11.0,0.5786083910076198,0.6,0.7178715876853263,0.49460864618565403,0.0,1.0,1.0,0
f17af99a-7a18-409e-adac-bb4ea8165cd8,cf67b867-661f-4761-aa9e-bd64b50cabad,0.4143442210910619,1.0,11.0,0.5786083910076198,0.6,0.9775452477834666,0.8291857681957223,0.6,5.0,1.0,1
f17af99a-7a18-409e-adac-bb4ea8165cd8,9f019ca3-6a4d-4f1c-8cfd-4fc983011cd8,0.4143442210910619,1.0,11.0,0.5786083910076198,0.6,0.8592879525285462,0.4771610349793223,0.6,0.0,1.0,1
f17af99a-7a18-409e-adac-bb4ea8165cd8,78c12d9f-999b-460d-b319-9bd7627866b0,0.4143442210910619,1.0,11.0,0.5786083910076198,0.2,0.5225456025796394,0.35235373770664025,0.3,0.0,6.0,1
f17af99a-7a18-409e-adac-bb4ea8165cd8,686e3aa2-fafa-49b8-ae04-90315babb1d4,0.4143442210910619,1.0,11.0,0.5786083910076198,0.2,0.2485402182633587,0.3567460645487345,1.0,4.0,0.0,0
f17af99a-7a18-409e-adac-bb4ea8165cd8,3fb0a35d-d0bf-4534-9f63-995064c4e8af,0.4143442210910619,1.0,11.0,0.5786083910076198,0.2,0.4877773325800844,0.17627426660923395,0.3,0.0,1.0,1
f17af99a-7a18-409e-adac-bb4ea8165cd8,b7334163-6b0b-4be1-b584-94370f17d451,0.4143442210910619,1.0,11.0,0.5786083910076198,1.0,0.6214743123780008,0.24793030815786732,0.6,4.0,0.0,0
f17af99a-7a18-409e-adac-bb4ea8165cd8,7bf57e1f-8d6e-4525-9822-40fe99cb92db,0.4143442210910619,1.0,11.0,0.5786083910076198,0.6,0.646849787279288,0.8371345930324872,0.6,4.0,4.0,0
f17af99a-7a18-409e-adac-bb4ea8165cd8,b5455ff3-4469-4b08-b2d0-3b4b8a9faa28,0.4143442210910619,1.0,11.0,0.5786083910076198,0.2,0.8168045396107254,0.12498281746751883,0.3,3.0,5.0,0
f17af99a-7a18-409e-adac-bb4ea8165cd8,f02458a6-6ff7-47a1-8e01-b8ff21f7812d,0.4143442210910619,1.0,11.0,0.5786083910076198,0.2,0.336680938116936,0.2620493339390677,0.6,1.0,0.0,1
f17af99a-7a18-409e-adac-bb4ea8165cd8,8e97dadb-1a1b-42b9-ab2b-901aa2169415,0.4143442210910619,1.0,11.0,0.5786083910076198,0.6,0.4258214568056816,0.9395878832020562,1.0,4.0,0.0,1
f17af99a-7a18-409e-adac-bb4ea8165cd8,9fbecf58-4b47-499b-af70-5be883e292d6,0.4143442210910619,1.0,11.0,0.5786083910076198,1.0,0.6813001709251447,0.40858971174533243,0.0,1.0,2.0,0
f17af99a-7a18-409e-adac-bb4ea8165cd8,4e038b59-7940-4187-89a4-aa8900eb4584,0.4143442210910619,1.0,11.0,0.5786083910076198,0.6,0.8162686834681103,0.09548613580741361,0.3,0.0,3.0,1
f17af99a-7a18-409e-adac-bb4ea8165cd8,4fdb3305-ba7f-45fd-908f-aee1f36874a7,0.4143442210910619,1.0,11.0,0.5786083910076198,0.2,0.9186809012161644,0.8525202868433427,1.0,5.0,3.0,0
f17af99a-7a18-409e-adac-bb4ea8165cd8,e4e6b795-9ea2-4e67-a482-101b379e3dd3,0.4143442210910619,1.0,11.0,0.5786083910076198,0.6,0.7178715876853263,0.49460864618565403,0.0,3.0,0.0,0
dd586335-e884-4c24-a167-710c3872e9c4,e45bd99d-504e-4e64-83b1-c517b6b084cf,0.5716453518020375,0.6,17.0,0.46463303775674414,1.0,0.2973675063752232,0.26685392748809267,0.0,4.0,0.0,0
dd586335-e884-4c24-a167-710c3872e9c4,9ba51c49-9d6a-423a-905e-593237ec3ec2,0.5716453518020375,0.6,17.0,0.46463303775674414,0.2,0.5056427924137512,0.14164644156570538,1.0,2.0,0.0,0
dd586335-e884-4c24-a167-710c3872e9c4,dfb0809f-a08c-4519-85d0-1f790e6cd5d9,0.5716453518020375,0.6,17.0,0.46463303775674414,1.0,0.12996439027292325,0.8581884567519729,1.0,1.0,5.0,1
dd586335-e884-4c24-a167-710c3872e9c4,122cf437-7436-42ed-ba9f-fd1238cad94f,0.5716453518020375,0.6,17.0,0.46463303775674414,0.6,0.7296624097080157,0.24684751428984442,0.6,2.0,6.0,1
dd586335-e884-4c24-a167-710c3872e9c4,965ef1a3-f422-4510-af75-d3f89e3642dd,0.5716453518020375,0.6,17.0,0.46463303775674414,1.0,0.4273005359792914,0.6938722867459519,0.6,3.0,0.0,0
dd586335-e884-4c24-a167-710c3872e9c4,f2b47773-ae1a-4e1a-83d1-6e1190805e45,0.5716453518020375,0.6,17.0,0.46463303775674414,0.2,0.47451581704366996,0.8941437054017293,0.0,2.0,0.0,1
dd586335-e884-4c24-a167-710c3872e9c4,dbb00897-88a6-4e66-bf2b-d540c730bdb9,0.5716453518020375,0.6,17.0,0.46463303775674414,0.6,0.9518329178984374,0.4047620165937216,0.0,5.0,1.0,0
dd586335-e884-4c24-a167-710c3872e9c4,fb36e3d1-7446-45e0-9d41-48f394b60fa9,0.5716453518020375,0.6,17.0,0.46463303775674414,0.6,0.6937735815060089,0.32932384475875576,0.0,1.0,1.0,1
dd586335-e884-4c24-a167-710c3872e9c4,8d5761d4-efd9-4f9b-a561-e385778a1505,0.5716453518020375,0.6,17.0,0.46463303775674414,0.2,0.5667301021003356,0.19240837052962323,0.3,0.0,3.0,1
dd586335-e884-4c24-a167-710c3872e9c4,1c71f507-dfea-4b96-86e6-8a12d5a0d8da,0.5716453518020375,0.6,17.0,0.46463303775674414,1.0,0.9354478790984506,0.6224732640307242,0.0,5.0,4.0,1
dd586335-e884-4c24-a167-710c3872e9c4,8977ae1e-0308-44ae-a8c8-f83ca0744d63,0.5716453518020375,0.6,17.0,0.46463303775674414,0.6,0.8507600711322102,0.25582976206381436,0.6,2.0,6.0,0
dd586335-e884-4c24-a167-710c3872e9c4,c4200dd0-0628-49ac-a3d4-9cafb23a3f7c,0.5716453518020375,0.6,17.0,0.46463303775674414,0.6,0.23204019132352335,0.14567973078804342,0.3,1.0,6.0,0
dd586335-e884-4c24-a167-710c3872e9c4,4e038b59-7940-4187-89a4-aa8900eb4584,0.5716453518020375,0.6,17.0,0.46463303775674414,0.6,0.8162686834681103,0.09548613580741361,0.3,0.0,3.0,1
dd586335-e884-4c24-a167-710c3872e9c4,d05c6a73-7fda-4aba-88c3-900cedb6b9a6,0.5716453518020375,0.6,17.0,0.46463303775674414,0.6,0.37465691625557584,0.04502897108590176,0.0,2.0,4.0,1
dd586335-e884-4c24-a167-710c3872e9c4,61ae4cd0-4feb-4315-9993-55959a8ab125,0.5716453518020375,0.6,17.0,0.46463303775674414,0.6,0.5247340762216478,0.34315624408831924,0.0,3.0,5.0,0
dd586335-e884-4c24-a167-710c3872e9c4,34df5d01-15ed-49be-beaf-1edba5ce73f3,0.5716453518020375,0.6,17.0,0.46463303775674414,0.2,0.570771685431961,0.8647552667165631,0.3,1.0,1.0,1
dd586335-e884-4c24-a167-710c3872e9c4,e3e4e158-1e76-4fc3-a85b-e05b8b8a0ccb,0.5716453518020375,0.6,17.0,0.46463303775674414,0.6,0.639410932283415,0.2933005026004223,0.0,0.0,5.0,1
dd586335-e884-4c24-a167-710c3872e9c4,b972f906-99a3-4c64-8a3c-52215d80d34b,0.5716453518020375,0.6,17.0,0.46463303775674414,0.2,0.7557609477960204,0.33890958121625947,0.3,0.0,4.0,0
dd586335-e884-4c24-a167-710c3872e9c4,b306c2e8-e14e-48ab-ba50-0a1e2c26a1c9,0.5716453518020375,0.6,17.0,0.46463303775674414,0.2,0.3501289126422822,0.7428895955658196,0.3,5.0,0.0,1
dd586335-e884-4c24-a167-710c3872e9c4,b7c1594e-c23f-4a6c-b842-737b0c93b147,0.5716453518020375,0.6,17.0,0.46463303775674414,1.0,0.3323463750225212,0.10510906779710338,0.3,1.0,2.0,1
dd586335-e884-4c24-a167-710c3872e9c4,04b630df-e955-44a2-ba81-7807bb8bbf0e,0.5716453518020375,0.6,17.0,0.46463303775674414,0.6,0.26969467315661044,0.7945253868283686,1.0,2.0,4.0,1
dd586335-e884-4c24-a167-710c3872e9c4,69f0bb17-25d2-40ca-9934-1d66d65b38ec,0.5716453518020375,0.6,17.0,0.46463303775674414,1.0,0.5123580186270776,0.31857910523425825,0.6,5.0,4.0,0
dd586335-e884-4c24-a167-710c3872e9c4,f9e2c26a-8651-45e9-95ac-020bf84e5d87,0.5716453518020375,0.6,17.0,0.46463303775674414,1.0,0.5925107460897749,0.3638178643767461,0.6,1.0,3.0,0
dd586335-e884-4c24-a167-710c3872e9c4,2f2c32fa-6e32-4764-b476-b6f9b3cc5cd7,0.5716453518020375,0.6,17.0,0.46463303775674414,0.2,0.13396258547827183,0.29306867008666404,0.0,3.0,1.0,0
dd586335-e884-4c24-a167-710c3872e9c4,4590aaee-b789-46de-a082-c6807a962ec2,0.5716453518020375,0.6,17.0,0.46463303775674414,1.0,0.9792453221449127,0.1694110619506124,1.0,4.0,6.0,0
dd586335-e884-4c24-a167-710c3872e9c4,f99793e2-bf1f-4652-b717-b380cf1b82d9,0.5716453518020375,0.6,17.0,0.46463303775674414,1.0,0.3478973552809047,0.15349034844890785,0.0,2.0,5.0,0
dd586335-e884-4c24-a167-710c3872e9c4,dfb0809f-a08c-4519-85d0-1f790e6cd5d9,0.5716453518020375,0.6,17.0,0.46463303775674414,1.0,0.12996439027292325,0.8581884567519729,1.0,1.0,4.0,0
dd586335-e884-4c24-a167-710c3872e9c4,10fa412c-7efe-46f7-89b0-c6aa11d87532,0.5716453518020375,0.6,17.0,0.46463303775674414,1.0,0.911960789245008,0.6298188715387788,0.3,0.0,1.0,0
dd586335-e884-4c24-a167-710c3872e9c4,686e3aa2-fafa-49b8-ae04-90315babb1d4,0.5716453518020375,0.6,17.0,0.46463303775674414,0.2,0.2485402182633587,0.3567460645487345,1.0,1.0,3.0,1
dd586335-e884-4c24-a167-710c3872e9c4,4e038b59-7940-4187-89a4-aa8900eb4584,0.5716453518020375,0.6,17.0,0.46463303775674414,0.6,0.8162686834681103,0.09548613580741361,0.3,4.0,5.0,1
dd586335-e884-4c24-a167-710c3872e9c4,a86f1d29-fc0a-43b2-a5f5-1c81ea61e113,0.5716453518020375,0.6,17.0,0.46463303775674414,0.2,0.5459412758711781,0.9929580634194145,0.6,5.0,1.0,1
dd586335-e884-4c24-a167-710c3872e9c4,5b598b97-310b-48b1-a31c-086e59102b7b,0.5716453518020375,0.6,17.0,0.46463303775674414,0.2,0.7003193052156396,0.8859898883469448,0.0,0.0,2.0,1
dd586335-e884-4c24-a167-710c3872e9c4,72e21539-04f0-470f-b69d-9a418f7ff37b,0.5716453518020375,0.6,17.0,0.46463303775674414,0.2,0.6144010067276086,0.8682015664155024,0.6,2.0,4.0,1
dd586335-e884-4c24-a167-710c3872e9c4,b306c2e8-e14e-48ab-ba50-0a1e2c26a1c9,0.5716453518020375,0.6,17.0,0.46463303775674414,0.2,0.3501289126422822,0.7428895955658196,0.3,4.0,3.0,0
dd586335-e884-4c24-a167-710c3872e9c4,2e56c0c7-a2d4-4606-8362-ead47ba989cf,0.5716453518020375,0.6,17.0,0.46463303775674414,1.0,0.9838404823093492,0.5555768002260758,0.0,0.0,3.0,0
dd586335-e884-4c24-a167-710c3872e9c4,7e5fb408-a839-4c94-af31-f8f846c10b16,0.5716453518020375,0.6,17.0,0.46463303775674414,0.6,0.3750883081968893,0.7913034251586659,1.0,0.0,3.0,0
dd586335-e884-4c24-a167-710c3872e9c4,1975da03-cf78-4c90-a916-3660a489f0dc,0.5716453518020375,0.6,17.0,0.46463303775674414,0.6,0.4213481052285838,0.6693330773357604,0.6,1.0,4.0,1
dd586335-e884-4c24-a167-710c3872e9c4,5bccbbea-6061-4c3b-babf-9f5de9889c73,0.5716453518020375,0.6,17.0,0.46463303775674414,0.2,0.4789495794434827,0.42500061980149273,0.3,2.0,2.0,1
dd586335-e884-4c24-a167-710c3872e9c4,b8a59f9c-9152-4e9d-9227-81b450029be0,0.5716453518020375,0.6,17.0,0.46463303775674414,0.2,0.9082416607735994,0.8438860705844703,1.0,0.0,5.0,1
dd586335-e884-4c24-a167-710c3872e9c4,bb149053-41e0-46bd-ae04-d392610b827f,0.5716453518020375,0.6,17.0,0.46463303775674414,1.0,0.9892289095536471,0.5376980874726343,0.3,2.0,3.0,1
96521323-56fd-4b7f-9f1d-c001f7b3faf6,5a34f357-525c-4e8c-9761-fca6c5ef4a54,0.6919984595300382,0.6,9.0,0.40112294096075324,1.0,0.32612342892093527,0.37000647225331373,0.3,5.0,1.0,0
96521323-56fd-4b7f-9f1d-c001f7b3faf6,3ceffdd1-05b8-4296-8ead-87aa963b9836,0.6919984595300382,0.6,9.0,0.40112294096075324,1.0,0.4937077765458606,0.9078087859837904,0.3,3.0,4.0,1
96521323-56fd-4b7f-9f1d-c001f7b3faf6,c5beb2bc-7876-4318-b66a-dab1f0815f72,0.6919984595300382,0.6,9.0,0.40112294096075324,0.6,0.40881718791361676,0.5939586390142232,0.0,0.0,6.0,1
96521323-56fd-4b7f-9f1d-c001f7b3faf6,f62e1330-1cf0-425f-9f10-6ddf9042abcd,0.6919984595300382,0.6,9.0,0.40112294096075324,1.0,0.9321622696421319,0.2356252848280802,1.0,4.0,4.0,0
96521323-56fd-4b7f-9f1d-c001f7b3faf6,bc2b645f-2327-4ce9-a2d2-c4dfb4c037a4,0.6919984595300382,0.6,9.0,0.40112294096075324,0.6,0.565732669170513,0.9898859782322003,1.0,2.0,2.0,0
96521323-56fd-4b7f-9f1d-c001f7b3faf6,a32c33b9-2ae0-4565-b4cd-8c363bd2dbb1,0.6919984595300382,0.6,9.0,0.40112294096075324,0.6,0.4675427346881219,0.5919389716094521,0.3,2.0,2.0,1
96521323-56fd-4b7f-9f1d-c001f7b3faf6,1e9ac78a-0ad3-4758-94d2-679a7c60a672,0.6919984595300382,0.6,9.0,0.40112294096075324,0.6,0.1486437037821284,0.8157193928134632,0.6,3.0,4.0,0
96521323-56fd-4b7f-9f1d-c001f7b3faf6,84c440d3-55ef-46aa-abeb-ca96e8632be9,0.6919984595300382,0.6,9.0,0.40112294096075324,0.6,0.5539423499120992,0.05768859541460958,0.6,3.0,3.0,1
96521323-56fd-4b7f-9f1d-c001f7b3faf6,9d28a4ed-19ea-45ff-8c87-cd755a39633c,0.6919984595300382,0.6,9.0,0.40112294096075324,1.0,0.9699569764835101,0.3864034459374597,1.0,1.0,2.0,0
96521323-56fd-4b7f-9f1d-c001f7b3faf6,7b512031-30a6-4d3c-8e53-4acf4b15efd9,0.6919984595300382,0.6,9.0,0.40112294096075324,0.6,0.20961141822392887,0.22555703805048077,1.0,2.0,2.0,1
96521323-56fd-4b7f-9f1d-c001f7b3faf6,d72916bd-ef8f-4502-bba8-725c04f85a5f,0.6919984595300382,0.6,9.0,0.40112294096075324,0.2,0.854828063402321,0.2603597878713769,0.0,3.0,0.0,0
96521323-56fd-4b7f-9f1d-c001f7b3faf6,29943de0-bf3c-49cd-84da-43ca10216d5a,0.6919984595300382,0.6,9.0,0.40112294096075324,1.0,0.24742902261843305,0.882207830248756,0.0,0.0,4.0,0
96521323-56fd-4b7f-9f1d-c001f7b3faf6,34df5d01-15ed-49be-beaf-1edba5ce73f3,0.6919984595300382,0.6,9.0,0.40112294096075324,0.2,0.570771685431961,0.8647552667165631,0.3,1.0,3.0,0
96521323-56fd-4b7f-9f1d-c001f7b3faf6,90e0e36e-2a3f-4349-b92f-d283a363e309,0.6919984595300382,0.6,9.0,0.40112294096075324,0.6,0.37903438078382046,0.7659731746919894,0.6,3.0,6.0,0
96521323-56fd-4b7f-9f1d-c001f7b3faf6,c0831cb8-2671-4f2e-9498-e74d21da6f33,0.6919984595300382,0.6,9.0,0.40112294096075324,0.2,0.678838712580165,0.49622340240440477,1.0,5.0,0.0,0
96521323-56fd-4b7f-9f1d-c001f7b3faf6,15ffb6f4-0363-4611-afec-93fefe2ffd83,0.6919984595300382,0.6,9.0,0.40112294096075324,0.2,0.9223427256162328,0.7798431272433336,0.3,5.0,6.0,1
96521323-56fd-4b7f-9f1d-c001f7b3faf6,be9d36c1-5645-43bf-b29e-f59fe75b58fc,0.6919984595300382,0.6,9.0,0.40112294096075324,0.2,0.9631836571803765,0.9302866275169228,1.0,1.0,4.0,0
96521323-56fd-4b7f-9f1d-c001f7b3faf6,8977ae1e-0308-44ae-a8c8-f83ca0744d63,0.6919984595300382,0.6,9.0,0.40112294096075324,0.6,0.8507600711322102,0.25582976206381436,0.6,4.0,2.0,0
96521323-56fd-4b7f-9f1d-c001f7b3faf6,85736eaa-5d46-446f-bc37-90664659af7c,0.6919984595300382,0.6,9.0,0.40112294096075324,0.2,0.5071632128531129,0.5363921784426651,0.3,4.0,1.0,0
96521323-56fd-4b7f-9f1d-c001f7b3faf6,8d8bd000-8a84-4c8b-bdc8-797008544155,0.6919984595300382,0.6,9.0,0.40112294096075324,1.0,0.14606305453676433,0.13377939697072627,0.0,0.0,3.0,0
96521323-56fd-4b7f-9f1d-c001f7b3faf6,86df6ab5-0a91-4c31-ae77-b6a97acaa3b6,0.6919984595300382,0.6,9.0,0.40112294096075324,0.2,0.6626325512293207,0.22621734088053103,1.0,4.0,0.0,1
96521323-56fd-4b7f-9f1d-c001f7b3faf6,4923fb26-e583-4c24-ac52-8838a0ed3a98,0.6919984595300382,0.6,9.0,0.40112294096075324,1.0,0.553388277838538,0.7019544741283528,1.0,0.0,1.0,0
96521323-56fd-4b7f-9f1d-c001f7b3faf6,b30a4759-4017-4c73-a262-ebb3da889ea2,0.6919984595300382,0.6,9.0,0.40112294096075324,0.2,0.2824565624064378,0.9351062106319883,1.0,4.0,2.0,0
96521323-56fd-4b7f-9f1d-c001f7b3faf6,8ed783a1-387d-4717-b5f7-15de4d9164c0,0.6919984595300382,0.6,9.0,0.40112294096075324,1.0,0.6957695377284588,0.9476351583956032,0.0,3.0,0.0,0
96521323-56fd-4b7f-9f1d-c001f7b3faf6,3feb240a-54de-4548-9d6d-6b68da72c588,0.6919984595300382,0.6,9.0,0.40112294096075324,0.6,0.3534939575862086,0.46875086538360267,0.6,4.0,2.0,0
96521323-56fd-4b7f-9f1d-c001f7b3faf6,1448df8a-d98e-4341-b986-a8f8b8a384c2,0.6919984595300382,0.6,9.0,0.40112294096075324,1.0,0.1288249955168966,0.3673497152563451,0.6,2.0,6.0,0
96521323-56fd-4b7f-9f1d-c001f7b3faf6,3e8780dc-c7a9-4934-8e6f-110d379812e4,0.6919984595300382,0.6,9.0,0.40112294096075324,1.0,0.5060570262278341,0.2300402347272693,0.6,2.0,4.0,0
96521323-56fd-4b7f-9f1d-c001f7b3faf6,666c606e-4a7f-4e66-9fac-fbc0339d13f8,0.6919984595300382,0.6,9.0,0.40112294096075324,1.0,0.9652102148867648,0.8330892916579566,0.3,2.0,1.0,0
96521323-56fd-4b7f-9f1d-c001f7b3faf6,bcc862ed-ee8c-4519-bd6f-df3684168181,0.6919984595300382,0.6,9.0,0.40112294096075324,1.0,0.9327717807626915,0.3397410335113047,0.3,5.0,5.0,0
96521323-56fd-4b7f-9f1d-c001f7b3faf6,7e5fb408-a839-4c94-af31-f8f846c10b16,0.6919984595300382,0.6,9.0,0.40112294096075324,0.6,0.3750883081968893,0.7913034251586659,1.0,3.0,2.0,1
96521323-56fd-4b7f-9f1d-c001f7b3faf6,d05c6a73-7fda-4aba-88c3-900cedb6b9a6,0.6919984595300382,0.6,9.0,0.40112294096075324,0.6,0.37465691625557584,0.04502897108590176,0.0,0.0,3.0,0
96521323-56fd-4b7f-9f1d-c001f7b3faf6,f32bd05f-f328-4f1a-be52-e7eeae8d75e8,0.6919984595300382,0.6,9.0,0.40112294096075324,1.0,0.7522989076063284,0.09818661644669102,0.3,5.0,3.0,0
96521323-56fd-4b7f-9f1d-c001f7b3faf6,b5455ff3-4469-4b08-b2d0-3b4b8a9faa28,0.6919984595300382,0.6,9.0,0.40112294096075324,0.2,0.8168045396107254,0.12498281746751883,0.3,5.0,6.0,0
96521323-56fd-4b7f-9f1d-c001f7b3faf6,5939c634-d641-4ed7-8910-517780e88b75,0.6919984595300382,0.6,9.0,0.40112294096075324,0.6,0.7523652503478826,0.6850593430585846,0.3,1.0,1.0,1
96521323-56fd-4b7f-9f1d-c001f7b3faf6,1e0eed17-c905-405d-992d-8f226b5d3e6b,0.6919984595300382,0.6,9.0,0.40112294096075324,0.6,0.4397816989523534,0.9351795022685058,0.0,5.0,1.0,0
96521323-56fd-4b7f-9f1d-c001f7b3faf6,290546aa-9a27-44b0-96cf-1cbe5de0ac63,0.6919984595300382,0.6,9.0,0.40112294096075324,0.2,0.8840031953521331,0.909469052204089,0.3,2.0,5.0,1
96521323-56fd-4b7f-9f1d-c001f7b3faf6,34aadaae-a82c-41a6-b6ac-2ab4f11a8047,0.6919984595300382,0.6,9.0,0.40112294096075324,0.2,0.11867463394112543,0.26611592959755015,0.6,5.0,5.0,1
96521323-56fd-4b7f-9f1d-c001f7b3faf6,15ffb6f4-0363-4611-afec-93fefe2ffd83,0.6919984595300382,0.6,9.0,0.40112294096075324,0.2,0.9223427256162328,0.7798431272433336,0.3,0.0,3.0,0
96521323-56fd-4b7f-9f1d-c001f7b3faf6,c0831cb8-2671-4f2e-9498-e74d21da6f33,0.6919984595300382,0.6,9.0,0.40112294096075324,0.2,0.678838712580165,0.49622340240440477,1.0,5.0,5.0,1
96521323-56fd-4b7f-9f1d-c001f7b3faf6,153e892c-7403-48b3-b3e5-7a4444a6af33,0.6919984595300382,0.6,9.0,0.40112294096075324,1.0,0.268440635924974,0.5517497858340187,0.3,3.0,3.0,0
034636bc-a4ba-439f-8635-bbab7f946bd9,27de15b7-4423-4163-9a52-27eba3556133,0.28445911932661405,0.2,10.0,0.2956437930040423,0.2,0.8025233861040034,0.45458734247358457,0.6,0.0,6.0,0
034636bc-a4ba-439f-8635-bbab7f946bd9,2a4e6f6f-8a97-4b0f-8706-b5b5c9a3506e,0.28445911932661405,0.2,10.0,0.2956437930040423,1.0,0.508305717299449,0.5779541132057853,1.0,2.0,4.0,0
034636bc-a4ba-439f-8635-bbab7f946bd9,5c628898-abde-4c5b-8dc9-253bfab0c323,0.28445911932661405,0.2,10.0,0.2956437930040423,0.6,0.29562602483866546,0.8882279982692427,0.3,1.0,5.0,0
034636bc-a4ba-439f-8635-bbab7f946bd9,45cea0cf-acbc-4a1c-ae67-7da156ce4e33,0.28445911932661405,0.2,10.0,0.2956437930040423,0.6,0.44790999008794674,0.8240533460888545,0.3,2.0,5.0,1
034636bc-a4ba-439f-8635-bbab7f946bd9,69f0bb17-25d2-40ca-9934-1d66d65b38ec,0.28445911932661405,0.2,10.0,0.2956437930040423,1.0,0.5123580186270776,0.31857910523425825,0.6,1.0,5.0,1
034636bc-a4ba-439f-8635-bbab7f946bd9,42438319-d9cd-4491-91c4-7e8df4051b62,0.28445911932661405,0.2,10.0,0.2956437930040423,0.2,0.6023180626659986,0.9806347370894578,0.0,3.0,5.0,1
034636bc-a4ba-439f-8635-bbab7f946bd9,694b0a7e-d4bd-489d-991e-0fc7e0b7eae9,0.28445911932661405,0.2,10.0,0.2956437930040423,0.6,0.3343722183141432,0.2359196929431705,1.0,4.0,4.0,1
034636bc-a4ba-439f-8635-bbab7f946bd9,34df5d01-15ed-49be-beaf-1edba5ce73f3,0.28445911932661405,0.2,10.0,0.2956437930040423,0.2,0.570771685431961,0.8647552667165631,0.3,3.0,2.0,0
034636bc-a4ba-439f-8635-bbab7f946bd9,773cb37f-03e9-462d-9f7c-bb397a470391,0.28445911932661405,0.2,10.0,0.2956437930040423,1.0,0.138085119243381,0.17870489763614517,0.6,0.0,6.0,0
034636bc-a4ba-439f-8635-bbab7f946bd9,7e5fb408-a839-4c94-af31-f8f846c10b16,0.28445911932661405,0.2,10.0,0.2956437930040423,0.6,0.3750883081968893,0.7913034251586659,1.0,5.0,5.0,0
034636bc-a4ba-439f-8635-bbab7f946bd9,dd23fd07-88e1-462e-bc3b-00e51b7428ff,0.28445911932661405,0.2,10.0,0.2956437930040423,0.2,0.9167390499607783,0.453942637731402,1.0,0.0,5.0,0
034636bc-a4ba-439f-8635-bbab7f946bd9,b76881f6-7f27-4c43-8ef9-41162752919f,0.28445911932661405,0.2,10.0,0.2956437930040423,1.0,0.440401152269174,0.05205596231391263,0.0,0.0,5.0,0
034636bc-a4ba-439f-8635-bbab7f946bd9,2f2c32fa-6e32-4764-b476-b6f9b3cc5cd7,0.28445911932661405,0.2,10.0,0.2956437930040423,0.2,0.13396258547827183,0.29306867008666404,0.0,0.0,0.0,1
034636bc-a4ba-439f-8635-bbab7f946bd9,be7b953b-bf68-42e7-957e-b6f8f29af69d,0.28445911932661405,0.2,10.0,0.2956437930040423,1.0,0.6945243897343877,0.4669732371344246,1.0,3.0,2.0,0
034636bc-a4ba-439f-8635-bbab7f946bd9,6a40cbad-655b-4606-9b92-d053c779e9a1,0.28445911932661405,0.2,10.0,0.2956437930040423,0.2,0.7251468800412657,0.941344002350994,0.0,0.0,4.0,1
034636bc-a4ba-439f-8635-bbab7f946bd9,2f2c32fa-6e32-4764-b476-b6f9b3cc5cd7,0.28445911932661405,0.2,10.0,0.2956437930040423,0.2,0.13396258547827183,0.29306867008666404,0.0,3.0,2.0,1
034636bc-a4ba-439f-8635-bbab7f946bd9,6194ece5-783c-4da7-bdc5-d5536c904afd,0.28445911932661405,0.2,10.0,0.2956437930040423,0.6,0.6048572623235224,0.928472011746639,0.3,3.0,1.0,0
034636bc-a4ba-439f-8635-bbab7f946bd9,9e41ae98-3ee0-4c48-9029-b5642a7cc95d,0.28445911932661405,0.2,10.0,0.2956437930040423,1.0,0.7260508358588046,0.04490801776792286,0.6,4.0,6.0,0
034636bc-a4ba-439f-8635-bbab7f946bd9,61f8b793-eb21-415f-be6a-1dace64c1dab,0.28445911932661405,0.2,10.0,0.2956437930040423,0.2,0.5789373941878594,0.5534783138488689,0.0,1.0,3.0,0
034636bc-a4ba-439f-8635-bbab7f946bd9,c192b11f-4447-40a2-80a6-390cd362dfa5,0.28445911932661405,0.2,10.0,0.2956437930040423,1.0,0.7363853294533637,0.9004772949138748,0.6,4.0,5.0,0
034636bc-a4ba-439f-8635-bbab7f946bd9,8d3c9344-6c45-43f7-a583-eb49f1bd7c4b,0.28445911932661405,0.2,10.0,0.2956437930040423,1.0,0.32697303710818776,0.18910296519857916,0.6,0.0,0.0,0
034636bc-a4ba-439f-8635-bbab7f946bd9,fccbd80d-e8cc-4cf0-adb9-85c0aa640f7f,0.28445911932661405,0.2,10.0,0.2956437930040423,1.0,0.7950919292205237,0.850748587791265,0.0,5.0,1.0,0
034636bc-a4ba-439f-8635-bbab7f946bd9,9913533d-faae-4d19-b26f-7d58e0c13607,0.28445911932661405,0.2,10.0,0.2956437930040423,0.6,0.8682957247821264,0.11927861507246895,0.3,1.0,0.0,0
034636bc-a4ba-439f-8635-bbab7f946bd9,1e7d8873-b56a-4886-a1ad-5de73c350f8e,0.28445911932661405,0.2,10.0,0.2956437930040423,0.6,0.39376459292746124,0.062329554128436215,0.6,0.0,4.0,0
034636bc-a4ba-439f-8635-bbab7f946bd9,04b630df-e955-44a2-ba81-7807bb8bbf0e,0.28445911932661405,0.2,10.0,0.2956437930040423,0.6,0.26969467315661044,0.7945253868283686,1.0,3.0,4.0,1
034636bc-a4ba-439f-8635-bbab7f946bd9,1e0eed17-c905-405d-992d-8f226b5d3e6b,0.28445911932661405,0.2,10.0,0.2956437930040423,0.6,0.4397816989523534,0.9351795022685058,0.0,5.0,3.0,1
034636bc-a4ba-439f-8635-bbab7f946bd9,69f0bb17-25d2-40ca-9934-1d66d65b38ec,0.28445911932661405,0.2,10.0,0.2956437930040423,1.0,0.5123580186270776,0.31857910523425825,0.6,3.0,2.0,0
034636bc-a4ba-439f-8635-bbab7f946bd9,f99793e2-bf1f-4652-b717-b380cf1b82d9,0.28445911932661405,0.2,10.0,0.2956437930040423,1.0,0.3478973552809047,0.15349034844890785,0.0,1.0,6.0,0
034636bc-a4ba-439f-8635-bbab7f946bd9,fb36e3d1-7446-45e0-9d41-48f394b60fa9,0.28445911932661405,0.2,10.0,0.2956437930040423,0.6,0.6937735815060089,0.32932384475875576,0.0,0.0,3.0,0
034636bc-a4ba-439f-8635-bbab7f946bd9,be9d36c1-5645-43bf-b29e-f59fe75b58fc,0.28445911932661405,0.2,10.0,0.2956437930040423,0.2,0.9631836571803765,0.9302866275169228,1.0,1.0,0.0,1
034636bc-a4ba-439f-8635-bbab7f946bd9,6a217f2a-6a27-417d-a68f-a01e2a149c82,0.28445911932661405,0.2,10.0,0.2956437930040423,1.0,0.6505590801619944,0.0878064055229939,0.6,1.0,5.0,0
034636bc-a4ba-439f-8635-bbab7f946bd9,85736eaa-5d46-446f-bc37-90664659af7c,0.28445911932661405,0.2,10.0,0.2956437930040423,0.2,0.5071632128531129,0.5363921784426651,0.3,3.0,0.0,1
034636bc-a4ba-439f-8635-bbab7f946bd9,7c786351-37ac-47a2-9542-40b90f3efee8,0.28445911932661405,0.2,10.0,0.2956437930040423,0.6,0.6561708102091133,0.18646349182808575,0.3,4.0,5.0,0
034636bc-a4ba-439f-8635-bbab7f946bd9,fda140a2-2654-463e-a825-e101e2f7921b,0.28445911932661405,0.2,10.0,0.2956437930040423,0.2,0.3998020556294877,0.9744658783076392,0.0,4.0,1.0,0
034636bc-a4ba-439f-8635-bbab7f946bd9,4b00903d-63e9-4414-b21a-341b0a8b4f74,0.28445911932661405,0.2,10.0,0.2956437930040423,0.2,0.6633655398442496,0.5256274218571385,0.0,4.0,4.0,0
034636bc-a4ba-439f-8635-bbab7f946bd9,b02c207c-3d8f-47d1-94d5-ea09db74e5c8,0.28445911932661405,0.2,10.0,0.2956437930040423,0.6,0.3575527172065134,0.7990422256936793,0.3,5.0,5.0,0
034636bc-a4ba-439f-8635-bbab7f946bd9,97ffd70a-47e9-4398-92a1-d66d4e4e7ac9,0.28445911932661405,0.2,10.0,0.2956437930040423,1.0,0.4738888800802551,0.7582398953411875,1.0,4.0,3.0,0
034636bc-a4ba-439f-8635-bbab7f946bd9,7a3805f8-637d-41ce-ac78-d79938def8ea,0.28445911932661405,0.2,10.0,0.2956437930040423,0.2,0.6005977206832448,0.609661198171549,0.0,4.0,3.0,0
034636bc-a4ba-439f-8635-bbab7f946bd9,e8df6458-6771-4ac9-9072-87c3e1750d40,0.28445911932661405,0.2,10.0,0.2956437930040423,0.2,0.43364799363262085,0.28863566461256474,0.0,5.0,6.0,1
034636bc-a4ba-439f-8635-bbab7f946bd9,a38cc35a-c8b1-493c-ad3e-67dba34f85e7,0.28445911932661405,0.2,10.0,0.2956437930040423,0.6,0.41036269496507194,0.08761541400278205,0.0,3.0,1.0,0
6a85e3c0-ee87-4507-a107-183f2cc8d2a8,775861d5-545e-4ddf-b332-3aabb9bd0e76,0.5751047757686248,1.0,5.0,0.3532327784084358,1.0,0.8513642364331833,0.05300666587800451,0.6,0.0,6.0,1
6a85e3c0-ee87-4507-a107-183f2cc8d2a8,b8a59f9c-9152-4e9d-9227-81b450029be0,0.5751047757686248,1.0,5.0,0.3532327784084358,0.2,0.9082416607735994,0.8438860705844703,1.0,3.0,4.0,1
6a85e3c0-ee87-4507-a107-183f2cc8d2a8,e8099b2a-0582-4c26-a562-02489ef37a4d,0.5751047757686248,1.0,5.0,0.3532327784084358,1.0,0.5135230437741315,0.3765636685032894,1.0,0.0,6.0,1
6a85e3c0-ee87-4507-a107-183f2cc8d2a8,b939da7f-028e-4294-87a9-cae844ef2396,0.5751047757686248,1.0,5.0,0.3532327784084358,1.0,0.28159591151234475,0.3654017291850822,1.0,2.0,6.0,1
6a85e3c0-ee87-4507-a107-183f2cc8d2a8,8c822518-d0dc-460d-93c7-d9d033a078ba,0.5751047757686248,1.0,5.0,0.3532327784084358,1.0,0.5475099359609544,0.9553256935848943,1.0,3.0,1.0,0
6a85e3c0-ee87-4507-a107-183f2cc8d2a8,35fc8989-8da0-422f-a619-1517d94a5ef1,0.5751047757686248,1.0,5.0,0.3532327784084358,0.6,0.53636942704019,0.22090661672949963,1.0,0.0,1.0,0
6a85e3c0-ee87-4507-a107-183f2cc8d2a8,3e8780dc-c7a9-4934-8e6f-110d379812e4,0.5751047757686248,1.0,5.0,0.3532327784084358,1.0,0.5060570262278341,0.2300402347272693,0.6,2.0,1.0,0
6a85e3c0-ee87-4507-a107-183f2cc8d2a8,cd408280-465f-4896-b05f-85290441236d,0.5751047757686248,1.0,5.0,0.3532327784084358,1.0,0.22129010421141973,0.167964745667194,0.6,1.0,1.0,0
6a85e3c0-ee87-4507-a107-183f2cc8d2a8,86df6ab5-0a91-4c31-ae77-b6a97acaa3b6,0.5751047757686248,1.0,5.0,0.3532327784084358,0.2,0.6626325512293207,0.22621734088053103,1.0,3.0,6.0,1
6a85e3c0-ee87-4507-a107-183f2cc8d2a8,06f5b296-916f-4c42-aec7-d6f62bba9d9b,0.5751047757686248,1.0,5.0,0.3532327784084358,0.2,0.3223108679637023,0.4183220717622109,1.0,5.0,3.0,1
6a85e3c0-ee87-4507-a107-183f2cc8d2a8,2fcb1115-b785-4e53-aef6-79c4dbe42cda,0.5751047757686248,1.0,5.0,0.3532327784084358,0.2,0.9505514578919633,0.7971802886027384,0.6,2.0,1.0,1
6a85e3c0-ee87-4507-a107-183f2cc8d2a8,c0fc8404-31a2-4e51-8d19-2dec5d8f3a52,0.5751047757686248,1.0,5.0,0.3532327784084358,1.0,0.7233296207802987,0.9797696833559353,1.0,5.0,3.0,1
6a85e3c0-ee87-4507-a107-183f2cc8d2a8,b675fdc1-c9db-4f65-ad76-cb5d41d88b8a,0.5751047757686248,1.0,5.0,0.3532327784084358,0.2,0.6871950997280843,0.6183737144963264,0.0,1.0,3.0,1
6a85e3c0-ee87-4507-a107-183f2cc8d2a8,99eca1c6-c6f2-4d74-a551-b71f85fad723,0.5751047757686248,1.0,5.0,0.3532327784084358,1.0,0.37557872113137425,0.6908530230033296,0.0,0.0,5.0,0
6a85e3c0-ee87-4507-a107-183f2cc8d2a8,50485b49-6f87-4fbb-a6d8-cc894f5ad343,0.5751047757686248,1.0,5.0,0.3532327784084358,0.2,0.489665412099198,0.42118413108785735,0.3,3.0,5.0,1
6a85e3c0-ee87-4507-a107-183f2cc8d2a8,8d5761d4-efd9-4f9b-a561-e385778a1505,0.5751047757686248,1.0,5.0,0.3532327784084358,0.2,0.5667301021003356,0.19240837052962323,0.3,1.0,1.0,1
6a85e3c0-ee87-4507-a107-183f2cc8d2a8,4923fb26-e583-4c24-ac52-8838a0ed3a98,0.5751047757686248,1.0,5.0,0.3532327784084358,1.0,0.553388277838538,0.7019544741283528,1.0,1.0,1.0,0
6a85e3c0-ee87-4507-a107-183f2cc8d2a8,c0fc8404-31a2-4e51-8d19-2dec5d8f3a52,0.5751047757686248,1.0,5.0,0.3532327784084358,1.0,0.7233296207802987,0.9797696833559353,1.0,1.0,6.0,0
6a85e3c0-ee87-4507-a107-183f2cc8d2a8,ce563c1b-e3b8-441d-8833-a4b1974ef8ad,0.5751047757686248,1.0,5.0,0.3532327784084358,0.2,0.2484209913313706,0.8711314111441384,0.6,1.0,6.0,0
6a85e3c0-ee87-4507-a107-183f2cc8d2a8,1c71f507-dfea-4b96-86e6-8a12d5a0d8da,0.5751047757686248,1.0,5.0,0.3532327784084358,1.0,0.9354478790984506,0.6224732640307242,0.0,5.0,1.0,0
6a85e3c0-ee87-4507-a107-183f2cc8d2a8,8d5761d4-efd9-4f9b-a561-e385778a1505,0.5751047757686248,1.0,5.0,0.3532327784084358,0.2,0.5667301021003356,0.19240837052962323,0.3,0.0,0.0,1
6a85e3c0-ee87-4507-a107-183f2cc8d2a8,773cb37f-03e9-462d-9f7c-bb397a470391,0.5751047757686248,1.0,5.0,0.3532327784084358,1.0,0.138085119243381,0.17870489763614517,0.6,5.0,5.0,1
6a85e3c0-ee87-4507-a107-183f2cc8d2a8,425b9a2c-d3c2-418b-8da0-71ea5c07dd63,0.5751047757686248,1.0,5.0,0.3532327784084358,0.2,0.5351171693089606,0.9651204126148089,0.0,5.0,4.0,0
6a85e3c0-ee87-4507-a107-183f2cc8d2a8,b30a4759-4017-4c73-a262-ebb3da889ea2,0.5751047757686248,1.0,5.0,0.3532327784084358,0.2,0.2824565624064378,0.9351062106319883,1.0,0.0,1.0,1
6a85e3c0-ee87-4507-a107-183f2cc8d2a8,382dc6cd-e931-4c06-8335-e8acc1df4c50,0.5751047757686248,1.0,5.0,0.3532327784084358,0.2,0.558623921637297,0.1308595947819554,1.0,1.0,1.0,1
6a85e3c0-ee87-4507-a107-183f2cc8d2a8,1448df8a-d98e-4341-b986-a8f8b8a384c2,0.5751047757686248,1.0,5.0,0.3532327784084358,1.0,0.1288249955168966,0.3673497152563451,0.6,5.0,5.0,0
6a85e3c0-ee87-4507-a107-183f2cc8d2a8,50485b49-6f87-4fbb-a6d8-cc894f5ad343,0.5751047757686248,1.0,5.0,0.3532327784084358,0.2,0.489665412099198,0.42118413108785735,0.3,4.0,2.0,0
6a85e3c0-ee87-4507-a107-183f2cc8d2a8,d1505a61-3c3b-4c86-a8ae-c4ab1a296525,0.5751047757686248,1.0,5.0,0.3532327784084358,1.0,0.5383907575441277,0.2096336099684688,0.6,1.0,2.0,0
6a85e3c0-ee87-4507-a107-183f2cc8d2a8,d05c6a73-7fda-4aba-88c3-900cedb6b9a6,0.5751047757686248,1.0,5.0,0.3532327784084358,0.6,0.37465691625557584,0.04502897108590176,0.0,2.0,3.0,1
6a85e3c0-ee87-4507-a107-183f2cc8d2a8,172d7aba-b1e9-40bf-b1cb-cf4e91d5184a,0.5751047757686248,1.0,5.0,0.3532327784084358,1.0,0.8526659690466724,0.6328103281975677,0.6,5.0,5.0,0
6a85e3c0-ee87-4507-a107-183f2cc8d2a8,7c817b5c-6572-44b4-8692-fb0a6e6339be,0.5751047757686248,1.0,5.0,0.3532327784084358,1.0,0.5648788196988385,0.6966139096390322,0.6,3.0,3.0,0
6a85e3c0-ee87-4507-a107-183f2cc8d2a8,5b598b97-310b-48b1-a31c-086e59102b7b,0.5751047757686248,1.0,5.0,0.3532327784084358,0.2,0.7003193052156396,0.8859898883469448,0.0,5.0,5.0,1
6a85e3c0-ee87-4507-a107-183f2cc8d2a8,df3f8908-754b-4f66-b4a5-0f54f1bbdef1,0.5751047757686248,1.0,5.0,0.3532327784084358,0.2,0.9006532918063022,0.624832175706485,0.6,2.0,2.0,0
6a85e3c0-ee87-4507-a107-183f2cc8d2a8,4df46fb7-f407-42f6-a653-9d8438903f61,0.5751047757686248,1.0,5.0,0.3532327784084358,1.0,0.9723558352169928,0.2356344975085155,1.0,2.0,3.0,0
6a85e3c0-ee87-4507-a107-183f2cc8d2a8,f2d9a85b-88a4-4950-96c1-3a460d8c8fab,0.5751047757686248,1.0,5.0,0.3532327784084358,1.0,0.3746902350991088,0.34879260140220214,0.3,3.0,4.0,0
6a85e3c0-ee87-4507-a107-183f2cc8d2a8,c4200dd0-0628-49ac-a3d4-9cafb23a3f7c,0.5751047757686248,1.0,5.0,0.3532327784084358,0.6,0.23204019132352335,0.14567973078804342,0.3,2.0,1.0,0
6a85e3c0-ee87-4507-a107-183f2cc8d2a8,0b680785-5c4e-4ff3-90da-a95bdb6ddea3,0.5751047757686248,1.0,5.0,0.3532327784084358,1.0,0.9476882864447816,0.37902629176285674,0.0,1.0,5.0,0
6a85e3c0-ee87-4507-a107-183f2cc8d2a8,4eda28e3-9d9e-4f06-badb-0cb04245ce38,0.5751047757686248,1.0,5.0,0.3532327784084358,0.6,0.2524816678776829,0.7419096525240588,0.6,4.0,4.0,1
6a85e3c0-ee87-4507-a107-183f2cc8d2a8,d8d30dac-fd61-48d1-8bf9-aa602ff08b1b,0.5751047757686248,1.0,5.0,0.3532327784084358,0.6,0.5193853910130869,0.5025270481245171,0.0,4.0,4.0,0
6a85e3c0-ee87-4507-a107-183f2cc8d2a8,547da744-4911-48fa-9b2f-1b550cf8ac17,0.5751047757686248,1.0,5.0,0.3532327784084358,1.0,0.45632620168229077,0.11858678619598295,1.0,1.0,4.0,0
15a19d4f-afca-4dc7-881f-db60eeaa08e2,dd23fd07-88e1-462e-bc3b-00e51b7428ff,0.7170232574562654,0.6,18.0,0.9812856183064456,0.2,0.9167390499607783,0.453942637731402,1.0,5.0,5.0,1
15a19d4f-afca-4dc7-881f-db60eeaa08e2,7e095f22-5248-4ba3-b91c-aefd7470fd6a,0.7170232574562654,0.6,18.0,0.9812856183064456,0.6,0.520298671705361,0.6766771512956176,0.3,0.0,5.0,1
15a19d4f-afca-4dc7-881f-db60eeaa08e2,9913533d-faae-4d19-b26f-7d58e0c13607,0.7170232574562654,0.6,18.0,0.9812856183064456,0.6,0.8682957247821264,0.11927861507246895,0.3,4.0,4.0,0
15a19d4f-afca-4dc7-881f-db60eeaa08e2,10fa412c-7efe-46f7-89b0-c6aa11d87532,0.7170232574562654,0.6,18.0,0.9812856183064456,1.0,0.911960789245008,0.6298188715387788,0.3,2.0,6.0,1
15a19d4f-afca-4dc7-881f-db60eeaa08e2,c4200dd0-0628-49ac-a3d4-9cafb23a3f7c,0.7170232574562654,0.6,18.0,0.9812856183064456,0.6,0.23204019132352335,0.14567973078804342,0.3,1.0,2.0,1
15a19d4f-afca-4dc7-881f-db60eeaa08e2,172d7aba-b1e9-40bf-b1cb-cf4e91d5184a,0.7170232574562654,0.6,18.0,0.9812856183064456,1.0,0.8526659690466724,0.6328103281975677,0.6,3.0,5.0,1
15a19d4f-afca-4dc7-881f-db60eeaa08e2,8d3c9344-6c45-43f7-a583-eb49f1bd7c4b,0.7170232574562654,0.6,18.0,0.9812856183064456,1.0,0.32697303710818776,0.18910296519857916,0.6,1.0,2.0,0
15a19d4f-afca-4dc7-881f-db60eeaa08e2,0279e518-1bb2-4b7d-adb3-74104bab7995,0.7170232574562654,0.6,18.0,0.9812856183064456,1.0,0.48298817741352884,0.6867808649438274,0.6,4.0,4.0,1
15a19d4f-afca-4dc7-881f-db60eeaa08e2,21197103-286c-4e08-8f2e-e1f0c1aa4b65,0.7170232574562654,0.6,18.0,0.9812856183064456,0.2,0.974231980237957,0.8883695246489081,0.6,4.0,4.0,1
15a19d4f-afca-4dc7-881f-db60eeaa08e2,bf54fdb0-6d82-479e-a9d5-78fc64767a17,0.7170232574562654,0.6,18.0,0.9812856183064456,0.2,0.17614837616217327,0.6505421545039386,1.0,1.0,4.0,1
15a19d4f-afca-4dc7-881f-db60eeaa08e2,b08c5e45-1706-4711-993f-50cbf58e2335,0.7170232574562654,0.6,18.0,0.9812856183064456,0.6,0.7901117853804409,0.22604311984039915,0.0,3.0,1.0,1
15a19d4f-afca-4dc7-881f-db60eeaa08e2,2a4e6f6f-8a97-4b0f-8706-b5b5c9a3506e,0.7170232574562654,0.6,18.0,0.9812856183064456,1.0,0.508305717299449,0.5779541132057853,1.0,3.0,1.0,1
15a19d4f-afca-4dc7-881f-db60eeaa08e2,4e038b59-7940-4187-89a4-aa8900eb4584,0.7170232574562654,0.6,18.0,0.9812856183064456,0.6,0.8162686834681103,0.09548613580741361,0.3,4.0,5.0,1
15a19d4f-afca-4dc7-881f-db60eeaa08e2,7d674302-c495-4faa-b60b-2f991e7f10b1,0.7170232574562654,0.6,18.0,0.9812856183064456,0.6,0.6945598719886059,0.6688730857607941,1.0,4.0,2.0,1
15a19d4f-afca-4dc7-881f-db60eeaa08e2,6bc2f168-7233-41b6-b378-1e91e4060318,0.7170232574562654,0.6,18.0,0.9812856183064456,0.6,0.8903489988595626,0.4493952204847722,0.6,4.0,4.0,0
15a19d4f-afca-4dc7-881f-db60eeaa08e2,e8df6458-6771-4ac9-9072-87c3e1750d40,0.7170232574562654,0.6,18.0,0.9812856183064456,0.2,0.43364799363262085,0.28863566461256474,0.0,3.0,2.0,1
15a19d4f-afca-4dc7-881f-db60eeaa08e2,1f8de1f5-f4a5-410b-85f9-a2177b221fd0,0.7170232574562654,0.6,18.0,0.9812856183064456,0.2,0.9355406398663405,0.9993664824422813,1.0,1.0,0.0,1
15a19d4f-afca-4dc7-881f-db60eeaa08e2,9fbecf58-4b47-499b-af70-5be883e292d6,0.7170232574562654,0.6,18.0,0.9812856183064456,1.0,0.6813001709251447,0.40858971174533243,0.0,0.0,0.0,0
15a19d4f-afca-4dc7-881f-db60eeaa08e2,5b598b97-310b-48b1-a31c-086e59102b7b,0.7170232574562654,0.6,18.0,0.9812856183064456,0.2,0.7003193052156396,0.8859898883469448,0.0,5.0,1.0,0
15a19d4f-afca-4dc7-881f-db60eeaa08e2,fe09dd6a-bc95-42e6-bb3c-61d404a20200,0.7170232574562654,0.6,18.0,0.9812856183064456,0.2,0.852490071939042,0.9956463958670673,0.3,3.0,5.0,1
15a19d4f-afca-4dc7-881f-db60eeaa08e2,768074f2-fa60-4a87-b7e9-0fe45c042ba8,0.7170232574562654,0.6,18.0,0.9812856183064456,0.6,0.44816631031351084,0.885378023796285,0.0,2.0,5.0,0
15a19d4f-afca-4dc7-881f-db60eeaa08e2,fe09dd6a-bc95-42e6-bb3c-61d404a20200,0.7170232574562654,0.6,18.0,0.9812856183064456,0.2,0.852490071939042,0.9956463958670673,0.3,5.0,5.0,1
15a19d4f-afca-4dc7-881f-db60eeaa08e2,fe09dd6a-bc95-42e6-bb3c-61d404a20200,0.7170232574562654,0.6,18.0,0.9812856183064456,0.2,0.852490071939042,0.9956463958670673,0.3,2.0,4.0,1
15a19d4f-afca-4dc7-881f-db60eeaa08e2,94f447d1-ce40-4abc-9492-1b4fa652cdf8,0.7170232574562654,0.6,18.0,0.9812856183064456,0.2,0.7747992350688047,0.24068147068829215,1.0,3.0,5.0,0
15a19d4f-afca-4dc7-881f-db60eeaa08e2,8c20762d-72fc-4a90-9284-b697f6205faa,0.7170232574562654,0.6,18.0,0.9812856183064456,0.2,0.809327370784988,0.46262162923016714,0.6,0.0,0.0,1
15a19d4f-afca-4dc7-881f-db60eeaa08e2,c65f2822-55d3-4e67-b0e3-dcb7ed48c4fc,0.7170232574562654,0.6,18.0,0.9812856183064456,0.2,0.5969201348829377,0.6751594254540361,0.3,3.0,3.0,1
15a19d4f-afca-4dc7-881f-db60eeaa08e2,cd408280-465f-4896-b05f-85290441236d,0.7170232574562654,0.6,18.0,0.9812856183064456,1.0,0.22129010421141973,0.167964745667194,0.6,1.0,6.0,1
15a19d4f-afca-4dc7-881f-db60eeaa08e2,97ffd70a-47e9-4398-92a1-d66d4e4e7ac9,0.7170232574562654,0.6,18.0,0.9812856183064456,1.0,0.4738888800802551,0.7582398953411875,1.0,3.0,6.0,0
15a19d4f-afca-4dc7-881f-db60eeaa08e2,382dc6cd-e931-4c06-8335-e8acc1df4c50,0.7170232574562654,0.6,18.0,0.9812856183064456,0.2,0.558623921637297,0.1308595947819554,1.0,5.0,3.0,1
15a19d4f-afca-4dc7-881f-db60eeaa08e2,74e91ec2-7e97-4477-a254-e11129eee045,0.7170232574562654,0.6,18.0,0.9812856183064456,1.0,0.4127752338799551,0.9613455666412534,0.3,0.0,3.0,0
15a19d4f-afca-4dc7-881f-db60eeaa08e2,bc2b645f-2327-4ce9-a2d2-c4dfb4c037a4,0.7170232574562654,0.6,18.0,0.9812856183064456,0.6,0.565732669170513,0.9898859782322003,1.0,4.0,1.0,0
15a19d4f-afca-4dc7-881f-db60eeaa08e2,c192b11f-4447-40a2-80a6-390cd362dfa5,0.7170232574562654,0.6,18.0,0.9812856183064456,1.0,0.7363853294533637,0.9004772949138748,0.6,5.0,5.0,0
15a19d4f-afca-4dc7-881f-db60eeaa08e2,51656879-b9de-4976-b3d5-c8a240739e35,0.7170232574562654,0.6,18.0,0.9812856183064456,0.6,0.12393733137164058,0.5053225155587664,1.0,0.0,0.0,0
15a19d4f-afca-4dc7-881f-db60eeaa08e2,1e9ac78a-0ad3-4758-94d2-679a7c60a672,0.7170232574562654,0.6,18.0,0.9812856183064456,0.6,0.1486437037821284,0.8157193928134632,0.6,5.0,2.0,0
15a19d4f-afca-4dc7-881f-db60eeaa08e2,be7b953b-bf68-42e7-957e-b6f8f29af69d,0.7170232574562654,0.6,18.0,0.9812856183064456,1.0,0.6945243897343877,0.4669732371344246,1.0,2.0,3.0,0
15a19d4f-afca-4dc7-881f-db60eeaa08e2,5e04770f-4a25-48a2-ad93-cef1ed97d455,0.7170232574562654,0.6,18.0,0.9812856183064456,1.0,0.6810890391339975,0.862719881758954,0.3,4.0,3.0,0
15a19d4f-afca-4dc7-881f-db60eeaa08e2,4590aaee-b789-46de-a082-c6807a962ec2,0.7170232574562654,0.6,18.0,0.9812856183064456,1.0,0.9792453221449127,0.1694110619506124,1.0,1.0,4.0,1
15a19d4f-afca-4dc7-881f-db60eeaa08e2,2fd06511-a2df-41a4-b9b8-72ad25edbef7,0.7170232574562654,0.6,18.0,0.9812856183064456,1.0,0.8121414643536927,0.9186858244934103,0.3,3.0,3.0,0
15a19d4f-afca-4dc7-881f-db60eeaa08e2,cfaac6f7-b976-4661-8cd2-98f3a4e3a281,0.7170232574562654,0.6,18.0,0.9812856183064456,0.2,0.17993656314318568,0.2972789514204549,0.3,1.0,3.0,0
15a19d4f-afca-4dc7-881f-db60eeaa08e2,0b680785-5c4e-4ff3-90da-a95bdb6ddea3,0.7170232574562654,0.6,18.0,0.9812856183064456,1.0,0.9476882864447816,0.37902629176285674,0.0,3.0,0.0,0
2ce0795b-fe26-44f7-9815-1ba76a57e05c,015a673e-67b9-4560-949f-f0f29ba09691,0.5672458083760255,0.6,3.0,0.8661026906616545,0.6,0.772469818793257,0.851704139635052,0.0,4.0,1.0,1
2ce0795b-fe26-44f7-9815-1ba76a57e05c,6e8ca283-10c7-434c-826a-837f38ec5444,0.5672458083760255,0.6,3.0,0.8661026906616545,0.2,0.6513768543337128,0.6342982912007427,1.0,2.0,0.0,1
2ce0795b-fe26-44f7-9815-1ba76a57e05c,9102dfee-3ffe-4500-abcd-856f5c7ba81a,0.5672458083760255,0.6,3.0,0.8661026906616545,0.2,0.14792713695477017,0.6300659561232757,1.0,4.0,1.0,1
2ce0795b-fe26-44f7-9815-1ba76a57e05c,160450d5-9356-496d-a71d-78413a2828c7,0.5672458083760255,0.6,3.0,0.8661026906616545,0.2,0.6437789001540966,0.8506322574276396,1.0,0.0,1.0,1
2ce0795b-fe26-44f7-9815-1ba76a57e05c,8618c927-9c33-4057-8bfe-9828bd93601a,0.5672458083760255,0.6,3.0,0.8661026906616545,0.6,0.22804722680585615,0.021203888490483047,0.6,5.0,4.0,1
2ce0795b-fe26-44f7-9815-1ba76a57e05c,6670ddb8-85fa-45e6-9af6-91adbac350a8,0.5672458083760255,0.6,3.0,0.8661026906616545,1.0,0.5273671033049591,0.12936862090556023,0.0,4.0,5.0,0
2ce0795b-fe26-44f7-9815-1ba76a57e05c,0279e518-1bb2-4b7d-adb3-74104bab7995,0.5672458083760255,0.6,3.0,0.8661026906616545,1.0,0.48298817741352884,0.6867808649438274,0.6,1.0,2.0,0
2ce0795b-fe26-44f7-9815-1ba76a57e05c,666c606e-4a7f-4e66-9fac-fbc0339d13f8,0.5672458083760255,0.6,3.0,0.8661026906616545,1.0,0.9652102148867648,0.8330892916579566,0.3,1.0,0.0,1
2ce0795b-fe26-44f7-9815-1ba76a57e05c,df3f8908-754b-4f66-b4a5-0f54f1bbdef1,0.5672458083760255,0.6,3.0,0.8661026906616545,0.2,0.9006532918063022,0.624832175706485,0.6,3.0,0.0,1
2ce0795b-fe26-44f7-9815-1ba76a57e05c,6a24fb3d-8584-44db-80ec-a8943d9d4953,0.5672458083760255,0.6,3.0,0.8661026906616545,0.2,0.7990830790974275,0.6468922285040184,0.6,0.0,4.0,1
2ce0795b-fe26-44f7-9815-1ba76a57e05c,020ff159-4271-4aa5-87f3-9295346f6563,0.5672458083760255,0.6,3.0,0.8661026906616545,0.6,0.31530071999913584,0.1616253953204818,0.0,3.0,4.0,1
2ce0795b-fe26-44f7-9815-1ba76a57e05c,be7b953b-bf68-42e7-957e-b6f8f29af69d,0.5672458083760255,0.6,3.0,0.8661026906616545,1.0,0.6945243897343877,0.4669732371344246,1.0,4.0,6.0,0
2ce0795b-fe26-44f7-9815-1ba76a57e05c,4923fb26-e583-4c24-ac52-8838a0ed3a98,0.5672458083760255,0.6,3.0,0.8661026906616545,1.0,0.553388277838538,0.7019544741283528,1.0,3.0,2.0,0
2ce0795b-fe26-44f7-9815-1ba76a57e05c,db87c9f7-0d43-43e7-bfc8-10a75114f27b,0.5672458083760255,0.6,3.0,0.8661026906616545,1.0,0.5554553024932305,0.03495342538664914,0.6,0.0,5.0,1
2ce0795b-fe26-44f7-9815-1ba76a57e05c,6a40cbad-655b-4606-9b92-d053c779e9a1,0.5672458083760255,0.6,3.0,0.8661026906616545,0.2,0.7251468800412657,0.941344002350994,0.0,1.0,1.0,1
2ce0795b-fe26-44f7-9815-1ba76a57e05c,723b0875-2f5c-406d-91ef-1ef6768c21e1,0.5672458083760255,0.6,3.0,0.8661026906616545,0.6,0.5865033881557733,0.9546606431143135,0.6,5.0,4.0,1
2ce0795b-fe26-44f7-9815-1ba76a57e05c,0764c1e1-84c4-4344-814b-56f447356699,0.5672458083760255,0.6,3.0,0.8661026906616545,0.2,0.36478434898577183,0.31372887152086304,0.3,2.0,4.0,1
2ce0795b-fe26-44f7-9815-1ba76a57e05c,e4e6b795-9ea2-4e67-a482-101b379e3dd3,0.5672458083760255,0.6,3.0,0.8661026906616545,0.6,0.7178715876853263,0.49460864618565403,0.0,5.0,4.0,1
2ce0795b-fe26-44f7-9815-1ba76a57e05c,6194ece5-783c-4da7-bdc5-d5536c904afd,0.5672458083760255,0.6,3.0,0.8661026906616545,0.6,0.6048572623235224,0.928472011746639,0.3,0.0,2.0,1
2ce0795b-fe26-44f7-9815-1ba76a57e05c,bbaf1fa3-f0d2-4cf1-a007-2ff9a73a4732,0.5672458083760255,0.6,3.0,0.8661026906616545,0.6,0.943547710035929,0.4668619140050845,1.0,2.0,1.0,1
2ce0795b-fe26-44f7-9815-1ba76a57e05c,5145c478-0b39-4ab7-a906-e1b9735ba3ce,0.5672458083760255,0.6,3.0,0.8661026906616545,0.6,0.8786936977058606,0.9587100682359623,1.0,0.0,0.0,1
2ce0795b-fe26-44f7-9815-1ba76a57e05c,7b512031-30a6-4d3c-8e53-4acf4b15efd9,0.5672458083760255,0.6,3.0,0.8661026906616545,0.6,0.20961141822392887,0.22555703805048077,1.0,5.0,0.0,1
2ce0795b-fe26-44f7-9815-1ba76a57e05c,c3ccbfd0-fc33-4b81-bec0-7bb56f47c14f,0.5672458083760255,0.6,3.0,0.8661026906616545,1.0,0.7957102117424933,0.04996005462064468,1.0,3.0,1.0,1
2ce0795b-fe26-44f7-9815-1ba76a57e05c,c4200dd0-0628-49ac-a3d4-9cafb23a3f7c,0.5672458083760255,0.6,3.0,0.8661026906616545,0.6,0.23204019132352335,0.14567973078804342,0.3,0.0,1.0,0
2ce0795b-fe26-44f7-9815-1ba76a57e05c,ce563c1b-e3b8-441d-8833-a4b1974ef8ad,0.5672458083760255,0.6,3.0,0.8661026906616545,0.2,0.2484209913313706,0.8711314111441384,0.6,0.0,4.0,1
2ce0795b-fe26-44f7-9815-1ba76a57e05c,8977ae1e-0308-44ae-a8c8-f83ca0744d63,0.5672458083760255,0.6,3.0,0.8661026906616545,0.6,0.8507600711322102,0.25582976206381436,0.6,3.0,5.0,0
2ce0795b-fe26-44f7-9815-1ba76a57e05c,786a081e-bed1-4dd5-af8f-b24a2969db27,0.5672458083760255,0.6,3.0,0.8661026906616545,1.0,0.2204606202831086,0.8790686327551894,0.6,4.0,4.0,1
2ce0795b-fe26-44f7-9815-1ba76a57e05c,5145c478-0b39-4ab7-a906-e1b9735ba3ce,0.5672458083760255,0.6,3.0,0.8661026906616545,0.6,0.8786936977058606,0.9587100682359623,1.0,5.0,6.0,1
2ce0795b-fe26-44f7-9815-1ba76a57e05c,df3f8908-754b-4f66-b4a5-0f54f1bbdef1,0.5672458083760255,0.6,3.0,0.8661026906616545,0.2,0.9006532918063022,0.624832175706485,0.6,2.0,0.0,1
2ce0795b-fe26-44f7-9815-1ba76a57e05c,f2d9a85b-88a4-4950-96c1-3a460d8c8fab,0.5672458083760255,0.6,3.0,0.8661026906616545,1.0,0.3746902350991088,0.34879260140220214,0.3,4.0,3.0,1
2ce0795b-fe26-44f7-9815-1ba76a57e05c,cf67b867-661f-4761-aa9e-bd64b50cabad,0.5672458083760255,0.6,3.0,0.8661026906616545,0.6,0.9775452477834666,0.8291857681957223,0.6,5.0,3.0,1
2ce0795b-fe26-44f7-9815-1ba76a57e05c,1b648ad6-0817-4f80-a7aa-9a94a583454e,0.5672458083760255,0.6,3.0,0.8661026906616545,1.0,0.9167464792916038,0.10114468166917334,0.0,5.0,2.0,1
2ce0795b-fe26-44f7-9815-1ba76a57e05c,fe09dd6a-bc95-42e6-bb3c-61d404a20200,0.5672458083760255,0.6,3.0,0.8661026906616545,0.2,0.852490071939042,0.9956463958670673,0.3,5.0,1.0,0
2ce0795b-fe26-44f7-9815-1ba76a57e05c,b675fdc1-c9db-4f65-ad76-cb5d41d88b8a,0.5672458083760255,0.6,3.0,0.8661026906616545,0.2,0.6871950997280843,0.6183737144963264,0.0,5.0,6.0,0
2ce0795b-fe26-44f7-9815-1ba76a57e05c,5b598b97-310b-48b1-a31c-086e59102b7b,0.5672458083760255,0.6,3.0,0.8661026906616545,0.2,0.7003193052156396,0.8859898883469448,0.0,3.0,5.0,1
2ce0795b-fe26-44f7-9815-1ba76a57e05c,18c8f5c0-62d6-4353-8121-04a82ac26ed8,0.5672458083760255,0.6,3.0,0.8661026906616545,1.0,0.14611128000847454,0.5869443165834576,0.3,4.0,1.0,1
2ce0795b-fe26-44f7-9815-1ba76a57e05c,059f7915-4179-4fab-ab9a-979f2ce6e218,0.5672458083760255,0.6,3.0,0.8661026906616545,1.0,0.9507761192432672,0.14440395180459542,0.6,2.0,4.0,0
2ce0795b-fe26-44f7-9815-1ba76a57e05c,6c5eaa38-0652-4762-8f1b-fcb80dbf8936,0.5672458083760255,0.6,3.0,0.8661026906616545,0.6,0.23950518641691337,0.7304636636619138,0.6,4.0,6.0,0
2ce0795b-fe26-44f7-9815-1ba76a57e05c,6e8ca283-10c7-434c-826a-837f38ec5444,0.5672458083760255,0.6,3.0,0.8661026906616545,0.2,0.6513768543337128,0.6342982912007427,1.0,0.0,5.0,0
2ce0795b-fe26-44f7-9815-1ba76a57e05c,b67ddff0-7385-4797-a300-4a5924cf13c8,0.5672458083760255,0.6,3.0,0.8661026906616545,1.0,0.3295857149138473,0.12338020427621188,1.0,3.0,6.0,0
ebd66252-40ee-41b0-9d77-5b31fb56069d,773cb37f-03e9-462d-9f7c-bb397a470391,0.4073725242856011,0.6,5.0,0.4418140710243485,1.0,0.138085119243381,0.17870489763614517,0.6,3.0,2.0,0
ebd66252-40ee-41b0-9d77-5b31fb56069d,b02c207c-3d8f-47d1-94d5-ea09db74e5c8,0.4073725242856011,0.6,5.0,0.4418140710243485,0.6,0.3575527172065134,0.7990422256936793,0.3,5.0,3.0,1
ebd66252-40ee-41b0-9d77-5b31fb56069d,c0fc8404-31a2-4e51-8d19-2dec5d8f3a52,0.4073725242856011,0.6,5.0,0.4418140710243485,1.0,0.7233296207802987,0.9797696833559353,1.0,0.0,0.0,0
ebd66252-40ee-41b0-9d77-5b31fb56069d,ad90952f-caf0-425d-8039-7263f702df91,0.4073725242856011,0.6,5.0,0.4418140710243485,0.2,0.9254823202465832,0.36840241779614114,0.0,3.0,6.0,1
ebd66252-40ee-41b0-9d77-5b31fb56069d,86df6ab5-0a91-4c31-ae77-b6a97acaa3b6,0.4073725242856011,0.6,5.0,0.4418140710243485,0.2,0.6626325512293207,0.22621734088053103,1.0,5.0,1.0,0
ebd66252-40ee-41b0-9d77-5b31fb56069d,9f7ae8c9-dc90-4236-adb6-2109245d9021,0.4073725242856011,0.6,5.0,0.4418140710243485,0.6,0.8963101399292399,0.12506351553810924,0.0,0.0,3.0,0
ebd66252-40ee-41b0-9d77-5b31fb56069d,43b70bae-10ef-4dc3-9f9b-b39a1eacb2d1,0.4073725242856011,0.6,5.0,0.4418140710243485,1.0,0.6227481543871835,0.008705213531018718,1.0,0.0,0.0,1
ebd66252-40ee-41b0-9d77-5b31fb56069d,6a24fb3d-8584-44db-80ec-a8943d9d4953,0.4073725242856011,0.6,5.0,0.4418140710243485,0.2,0.7990830790974275,0.6468922285040184,0.6,4.0,0.0,0
ebd66252-40ee-41b0-9d77-5b31fb56069d,d8d30dac-fd61-48d1-8bf9-aa602ff08b1b,0.4073725242856011,0.6,5.0,0.4418140710243485,0.6,0.5193853910130869,0.5025270481245171,0.0,5.0,5.0,1
ebd66252-40ee-41b0-9d77-5b31fb56069d,f2d9a85b-88a4-4950-96c1-3a460d8c8fab,0.4073725242856011,0.6,5.0,0.4418140710243485,1.0,0.3746902350991088,0.34879260140220214,0.3,1.0,0.0,0
ebd66252-40ee-41b0-9d77-5b31fb56069d,0c914be4-9a3f-42b1-9a0d-7b75e4458ea2,0.4073725242856011,0.6,5.0,0.4418140710243485,0.2,0.6120270413649967,0.8895054166969376,0.3,3.0,4.0,1
ebd66252-40ee-41b0-9d77-5b31fb56069d,4eda28e3-9d9e-4f06-badb-0cb04245ce38,0.4073725242856011,0.6,5.0,0.4418140710243485,0.6,0.2524816678776829,0.7419096525240588,0.6,1.0,1.0,1
ebd66252-40ee-41b0-9d77-5b31fb56069d,09a8b01c-9886-431b-860f-484d959f9fd8,0.4073725242856011,0.6,5.0,0.4418140710243485,0.2,0.7949409365509817,0.650881327422057,0.0,4.0,3.0,0
ebd66252-40ee-41b0-9d77-5b31fb56069d,ff0af660-6a5f-4fd7-b2e1-c43344816514,0.4073725242856011,0.6,5.0,0.4418140710243485,1.0,0.5024161230527904,0.7433967816161681,0.3,0.0,4.0,0
ebd66252-40ee-41b0-9d77-5b31fb56069d,8618c927-9c33-4057-8bfe-9828bd93601a,0.4073725242856011,0.6,5.0,0.4418140710243485,0.6,0.22804722680585615,0.021203888490483047,0.6,3.0,6.0,0
ebd66252-40ee-41b0-9d77-5b31fb56069d,68ffa0bd-b298-4476-a51a-141035550fd6,0.4073725242856011,0.6,5.0,0.4418140710243485,1.0,0.7873450415195071,0.20198131932556307,0.3,0.0,2.0,1
ebd66252-40ee-41b0-9d77-5b31fb56069d,7bf57e1f-8d6e-4525-9822-40fe99cb92db,0.4073725242856011,0.6,5.0,0.4418140710243485,0.6,0.646849787279288,0.8371345930324872,0.6,1.0,6.0,0
ebd66252-40ee-41b0-9d77-5b31fb56069d,04b630df-e955-44a2-ba81-7807bb8bbf0e,0.4073725242856011,0.6,5.0,0.4418140710243485,0.6,0.26969467315661044,0.7945253868283686,1.0,2.0,6.0,0
ebd66252-40ee-41b0-9d77-5b31fb56069d,b675fdc1-c9db-4f65-ad76-cb5d41d88b8a,0.4073725242856011,0.6,5.0,0.4418140710243485,0.2,0.6871950997280843,0.6183737144963264,0.0,0.0,2.0,0
ebd66252-40ee-41b0-9d77-5b31fb56069d,b1ef27f4-c212-4d80-95b3-1ccfcccee40b,0.4073725242856011,0.6,5.0,0.4418140710243485,1.0,0.273179116013828,0.9075422104826739,1.0,0.0,4.0,0
ebd66252-40ee-41b0-9d77-5b31fb56069d,6059807a-e497-4a84-9074-8799b7986611,0.4073725242856011,0.6,5.0,0.4418140710243485,0.6,0.4781895633511416,0.7748754537301457,0.0,0.0,2.0,0
ebd66252-40ee-41b0-9d77-5b31fb56069d,230352f2-770a-46c0-abe4-d7625139ab5e,0.4073725242856011,0.6,5.0,0.4418140710243485,0.2,0.6004574087726475,0.5930492421524886,0.0,2.0,3.0,1
ebd66252-40ee-41b0-9d77-5b31fb56069d,2a4e6f6f-8a97-4b0f-8706-b5b5c9a3506e,0.4073725242856011,0.6,5.0,0.4418140710243485,1.0,0.508305717299449,0.5779541132057853,1.0,2.0,0.0,1
ebd66252-40ee-41b0-9d77-5b31fb56069d,e78aa463-4c6f-47dc-a5bb-968ac81532c7,0.4073725242856011,0.6,5.0,0.4418140710243485,0.6,0.961259998425001,0.14413543131777729,0.6,4.0,0.0,1
ebd66252-40ee-41b0-9d77-5b31fb56069d,bfa4d06d-4c33-44f5-a582-6f5fc24bfd7f,0.4073725242856011,0.6,5.0,0.4418140710243485,0.2,0.6497798817429743,0.4331009496434778,1.0,2.0,2.0,0
ebd66252-40ee-41b0-9d77-5b31fb56069d,85f2c72b-1210-493c-bae7-744c4b2353fc,0.4073725242856011,0.6,5.0,0.4418140710243485,0.6,0.5307520434712122,0.17871782093842026,1.0,5.0,4.0,0
ebd66252-40ee-41b0-9d77-5b31fb56069d,b9638733-3416-47d7-b548-7e0af0dbe65f,0.4073725242856011,0.6,5.0,0.4418140710243485,0.2,0.7200468573060492,0.4981514611185579,0.6,4.0,5.0,1
ebd66252-40ee-41b0-9d77-5b31fb56069d,b306c2e8-e14e-48ab-ba50-0a1e2c26a1c9,0.4073725242856011,0.6,5.0,0.4418140710243485,0.2,0.3501289126422822,0.7428895955658196,0.3,0.0,2.0,0
ebd66252-40ee-41b0-9d77-5b31fb56069d,5b598b97-310b-48b1-a31c-086e59102b7b,0.4073725242856011,0.6,5.0,0.4418140710243485,0.2,0.7003193052156396,0.8859898883469448,0.0,2.0,4.0,0
ebd66252-40ee-41b0-9d77-5b31fb56069d,cd408280-465f-4896-b05f-85290441236d,0.4073725242856011,0.6,5.0,0.4418140710243485,1.0,0.22129010421141973,0.167964745667194,0.6,3.0,1.0,1
ebd66252-40ee-41b0-9d77-5b31fb56069d,42438319-d9cd-4491-91c4-7e8df4051b62,0.4073725242856011,0.6,5.0,0.4418140710243485,0.2,0.6023180626659986,0.9806347370894578,0.0,2.0,3.0,1
ebd66252-40ee-41b0-9d77-5b31fb56069d,d879a756-cb6b-4026-a00a-656051801b5f,0.4073725242856011,0.6,5.0,0.4418140710243485,1.0,0.19670829855613808,0.6495454402345533,1.0,4.0,6.0,1
ebd66252-40ee-41b0-9d77-5b31fb56069d,f2b47773-ae1a-4e1a-83d1-6e1190805e45,0.4073725242856011,0.6,5.0,0.4418140710243485,0.2,0.47451581704366996,0.8941437054017293,0.0,2.0,3.0,0
ebd66252-40ee-41b0-9d77-5b31fb56069d,5145c478-0b39-4ab7-a906-e1b9735ba3ce,0.4073725242856011,0.6,5.0,0.4418140710243485,0.6,0.8786936977058606,0.9587100682359623,1.0,0.0,3.0,0
ebd66252-40ee-41b0-9d77-5b31fb56069d,85930d8e-50d0-4f7b-acb8-caaac625dd0e,0.4073725242856011,0.6,5.0,0.4418140710243485,1.0,0.718363556324442,0.8165727833244342,0.6,4.0,2.0,1
ebd66252-40ee-41b0-9d77-5b31fb56069d,3c045d5e-db0b-42a4-8b36-5a8f0192e0a9,0.4073725242856011,0.6,5.0,0.4418140710243485,0.6,0.9703557392871628,0.4741186336216032,0.3,1.0,4.0,0
ebd66252-40ee-41b0-9d77-5b31fb56069d,d879a756-cb6b-4026-a00a-656051801b5f,0.4073725242856011,0.6,5.0,0.4418140710243485,1.0,0.19670829855613808,0.6495454402345533,1.0,0.0,6.0,1
ebd66252-40ee-41b0-9d77-5b31fb56069d,015a673e-67b9-4560-949f-f0f29ba09691,0.4073725242856011,0.6,5.0,0.4418140710243485,0.6,0.772469818793257,0.851704139635052,0.0,3.0,3.0,1
ebd66252-40ee-41b0-9d77-5b31fb56069d,90e0e36e-2a3f-4349-b92f-d283a363e309,0.4073725242856011,0.6,5.0,0.4418140710243485,0.6,0.37903438078382046,0.7659731746919894,0.6,1.0,2.0,1
ebd66252-40ee-41b0-9d77-5b31fb56069d,e45bd99d-504e-4e64-83b1-c517b6b084cf,0.4073725242856011,0.6,5.0,0.4418140710243485,1.0,0.2973675063752232,0.26685392748809267,0.0,4.0,5.0,0
f64100ff-9bbb-45b5-8e64-e8eff30f5f2c,1fca9427-3cae-42d5-bed5-488302ac2459,0.6956129399977219,0.2,8.0,0.2364125607865747,0.6,0.396450442114459,0.6699625843471093,0.0,5.0,0.0,0
f64100ff-9bbb-45b5-8e64-e8eff30f5f2c,f02458a6-6ff7-47a1-8e01-b8ff21f7812d,0.6956129399977219,0.2,8.0,0.2364125607865747,0.2,0.336680938116936,0.2620493339390677,0.6,3.0,5.0,0
f64100ff-9bbb-45b5-8e64-e8eff30f5f2c,a17bf541-effa-44fe-bb93-e99cb560a113,0.6956129399977219,0.2,8.0,0.2364125607865747,0.6,0.6843407970867683,0.1004271940167254,0.6,1.0,0.0,0
f64100ff-9bbb-45b5-8e64-e8eff30f5f2c,1c71f507-dfea-4b96-86e6-8a12d5a0d8da,0.6956129399977219,0.2,8.0,0.2364125607865747,1.0,0.9354478790984506,0.6224732640307242,0.0,1.0,1.0,0
f64100ff-9bbb-45b5-8e64-e8eff30f5f2c,160450d5-9356-496d-a71d-78413a2828c7,0.6956129399977219,0.2,8.0,0.2364125607865747,0.2,0.6437789001540966,0.8506322574276396,1.0,1.0,2.0,1
f64100ff-9bbb-45b5-8e64-e8eff30f5f2c,33aa1631-5d42-4228-84c3-639ac72cf903,0.6956129399977219,0.2,8.0,0.2364125607865747,1.0,0.20605411083785363,0.7031088164784068,0.3,2.0,6.0,0
f64100ff-9bbb-45b5-8e64-e8eff30f5f2c,bf54fdb0-6d82-479e-a9d5-78fc64767a17,0.6956129399977219,0.2,8.0,0.2364125607865747,0.2,0.17614837616217327,0.6505421545039386,1.0,4.0,2.0,1
f64100ff-9bbb-45b5-8e64-e8eff30f5f2c,020ff159-4271-4aa5-87f3-9295346f6563,0.6956129399977219,0.2,8.0,0.2364125607865747,0.6,0.31530071999913584,0.1616253953204818,0.0,4.0,3.0,1
f64100ff-9bbb-45b5-8e64-e8eff30f5f2c,d96815d9-4db7-48f0-85a0-eddc3b7b916f,0.6956129399977219,0.2,8.0,0.2364125607865747,0.6,0.4536278778772145,0.0754688004112799,1.0,2.0,6.0,0
f64100ff-9bbb-45b5-8e64-e8eff30f5f2c,b972f906-99a3-4c64-8a3c-52215d80d34b,0.6956129399977219,0.2,8.0,0.2364125607865747,0.2,0.7557609477960204,0.33890958121625947,0.3,5.0,2.0,0
f64100ff-9bbb-45b5-8e64-e8eff30f5f2c,2fd06511-a2df-41a4-b9b8-72ad25edbef7,0.6956129399977219,0.2,8.0,0.2364125607865747,1.0,0.8121414643536927,0.9186858244934103,0.3,1.0,6.0,0
f64100ff-9bbb-45b5-8e64-e8eff30f5f2c,2fcb1115-b785-4e53-aef6-79c4dbe42cda,0.6956129399977219,0.2,8.0,0.2364125607865747,0.2,0.9505514578919633,0.7971802886027384,0.6,2.0,2.0,1
f64100ff-9bbb-45b5-8e64-e8eff30f5f2c,2ab0f7b1-b672-4fd3-bf9d-b9435c307791,0.6956129399977219,0.2,8.0,0.2364125607865747,0.6,0.4930337984475558,0.8483250712740258,0.6,2.0,5.0,1
f64100ff-9bbb-45b5-8e64-e8eff30f5f2c,1448df8a-d98e-4341-b986-a8f8b8a384c2,0.6956129399977219,0.2,8.0,0.2364125607865747,1.0,0.1288249955168966,0.3673497152563451,0.6,0.0,4.0,1
f64100ff-9bbb-45b5-8e64-e8eff30f5f2c,b5455ff3-4469-4b08-b2d0-3b4b8a9faa28,0.6956129399977219,0.2,8.0,0.2364125607865747,0.2,0.8168045396107254,0.12498281746751883,0.3,2.0,2.0,1
f64100ff-9bbb-45b5-8e64-e8eff30f5f2c,d96815d9-4db7-48f0-85a0-eddc3b7b916f,0.6956129399977219,0.2,8.0,0.2364125607865747,0.6,0.4536278778772145,0.0754688004112799,1.0,2.0,5.0,1
f64100ff-9bbb-45b5-8e64-e8eff30f5f2c,c4200dd0-0628-49ac-a3d4-9cafb23a3f7c,0.6956129399977219,0.2,8.0,0.2364125607865747,0.6,0.23204019132352335,0.14567973078804342,0.3,4.0,6.0,1
f64100ff-9bbb-45b5-8e64-e8eff30f5f2c,6720ccab-682e-40ac-9103-5e1a7cedc597,0.6956129399977219,0.2,8.0,0.2364125607865747,1.0,0.34528416725327743,0.5038671262185984,1.0,5.0,6.0,0
f64100ff-9bbb-45b5-8e64-e8eff30f5f2c,cd43d020-95b3-4fce-8795-f8fd1c5756af,0.6956129399977219,0.2,8.0,0.2364125607865747,0.6,0.5573941486973442,0.11632937988922598,0.3,4.0,6.0,0
f64100ff-9bbb-45b5-8e64-e8eff30f5f2c,97ffd70a-47e9-4398-92a1-d66d4e4e7ac9,0.6956129399977219,0.2,8.0,0.2364125607865747,1.0,0.4738888800802551,0.7582398953411875,1.0,0.0,6.0,0
f64100ff-9bbb-45b5-8e64-e8eff30f5f2c,89df2650-7e95-4104-8f42-5cb62ffb481a,0.6956129399977219,0.2,8.0,0.2364125607865747,0.2,0.29630278019401196,0.3424606722909498,0.0,4.0,1.0,1
f64100ff-9bbb-45b5-8e64-e8eff30f5f2c,2a4e6f6f-8a97-4b0f-8706-b5b5c9a3506e,0.6956129399977219,0.2,8.0,0.2364125607865747,1.0,0.508305717299449,0.5779541132057853,1.0,5.0,5.0,0
f64100ff-9bbb-45b5-8e64-e8eff30f5f2c,6a217f2a-6a27-417d-a68f-a01e2a149c82,0.6956129399977219,0.2,8.0,0.2364125607865747,1.0,0.6505590801619944,0.0878064055229939,0.6,0.0,6.0,0
f64100ff-9bbb-45b5-8e64-e8eff30f5f2c,5a34f357-525c-4e8c-9761-fca6c5ef4a54,0.6956129399977219,0.2,8.0,0.2364125607865747,1.0,0.32612342892093527,0.37000647225331373,0.3,1.0,3.0,0
f64100ff-9bbb-45b5-8e64-e8eff30f5f2c,fda140a2-2654-463e-a825-e101e2f7921b,0.6956129399977219,0.2,8.0,0.2364125607865747,0.2,0.3998020556294877,0.9744658783076392,0.0,1.0,5.0,1
f64100ff-9bbb-45b5-8e64-e8eff30f5f2c,74148153-f45d-4239-a353-bd87a356743e,0.6956129399977219,0.2,8.0,0.2364125607865747,0.6,0.6999994035333063,0.6902791079691951,0.6,2.0,6.0,1
f64100ff-9bbb-45b5-8e64-e8eff30f5f2c,78c12d9f-999b-460d-b319-9bd7627866b0,0.6956129399977219,0.2,8.0,0.2364125607865747,0.2,0.5225456025796394,0.35235373770664025,0.3,3.0,1.0,1
f64100ff-9bbb-45b5-8e64-e8eff30f5f2c,90e0e36e-2a3f-4349-b92f-d283a363e309,0.6956129399977219,0.2,8.0,0.2364125607865747,0.6,0.37903438078382046,0.7659731746919894,0.6,4.0,1.0,0
f64100ff-9bbb-45b5-8e64-e8eff30f5f2c,e3e4e158-1e76-4fc3-a85b-e05b8b8a0ccb,0.6956129399977219,0.2,8.0,0.2364125607865747,0.6,0.639410932283415,0.2933005026004223,0.0,5.0,1.0,1
f64100ff-9bbb-45b5-8e64-e8eff30f5f2c,8c822518-d0dc-460d-93c7-d9d033a078ba,0.6956129399977219,0.2,8.0,0.2364125607865747,1.0,0.5475099359609544,0.9553256935848943,1.0,1.0,5.0,0
f64100ff-9bbb-45b5-8e64-e8eff30f5f2c,f32bd05f-f328-4f1a-be52-e7eeae8d75e8,0.6956129399977219,0.2,8.0,0.2364125607865747,1.0,0.7522989076063284,0.09818661644669102,0.3,3.0,4.0,0
f64100ff-9bbb-45b5-8e64-e8eff30f5f2c,cfaac6f7-b976-4661-8cd2-98f3a4e3a281,0.6956129399977219,0.2,8.0,0.2364125607865747,0.2,0.17993656314318568,0.2972789514204549,0.3,0.0,2.0,1
f64100ff-9bbb-45b5-8e64-e8eff30f5f2c,153e892c-7403-48b3-b3e5-7a4444a6af33,0.6956129399977219,0.2,8.0,0.2364125607865747,1.0,0.268440635924974,0.5517497858340187,0.3,2.0,1.0,0
f64100ff-9bbb-45b5-8e64-e8eff30f5f2c,6cef895f-06aa-4942-bedd-72fff31eb379,0.6956129399977219,0.2,8.0,0.2364125607865747,0.2,0.8773089936408774,0.6446474280251517,1.0,3.0,1.0,1
f64100ff-9bbb-45b5-8e64-e8eff30f5f2c,61ae4cd0-4feb-4315-9993-55959a8ab125,0.6956129399977219,0.2,8.0,0.2364125607865747,0.6,0.5247340762216478,0.34315624408831924,0.0,3.0,3.0,1
f64100ff-9bbb-45b5-8e64-e8eff30f5f2c,a17bf541-effa-44fe-bb93-e99cb560a113,0.6956129399977219,0.2,8.0,0.2364125607865747,0.6,0.6843407970867683,0.1004271940167254,0.6,4.0,1.0,0
f64100ff-9bbb-45b5-8e64-e8eff30f5f2c,be7b953b-bf68-42e7-957e-b6f8f29af69d,0.6956129399977219,0.2,8.0,0.2364125607865747,1.0,0.6945243897343877,0.4669732371344246,1.0,2.0,5.0,0
f64100ff-9bbb-45b5-8e64-e8eff30f5f2c,bb149053-41e0-46bd-ae04-d392610b827f,0.6956129399977219,0.2,8.0,0.2364125607865747,1.0,0.9892289095536471,0.5376980874726343,0.3,5.0,5.0,0
f64100ff-9bbb-45b5-8e64-e8eff30f5f2c,0764c1e1-84c4-4344-814b-56f447356699,0.6956129399977219,0.2,8.0,0.2364125607865747,0.2,0.36478434898577183,0.31372887152086304,0.3,1.0,0.0,0
f64100ff-9bbb-45b5-8e64-e8eff30f5f2c,3e875754-69cd-4fee-94a5-57d6da42ef91,0.6956129399977219,0.2,8.0,0.2364125607865747,0.2,0.2450411346868676,0.8598019829721676,0.3,4.0,2.0,1
06f9aaad-c9be-488e-8c58-1f41deb47d2e,8bf86bf8-6510-4e3c-a240-21e3b94e264e,0.23816821416729145,0.6,4.0,0.7102957240847421,0.6,0.9444299160166787,0.9759914132168259,0.0,3.0,1.0,0
06f9aaad-c9be-488e-8c58-1f41deb47d2e,cd43d020-95b3-4fce-8795-f8fd1c5756af,0.23816821416729145,0.6,4.0,0.7102957240847421,0.6,0.5573941486973442,0.11632937988922598,0.3,2.0,5.0,1
06f9aaad-c9be-488e-8c58-1f41deb47d2e,2270dcd6-f4ba-4acf-b863-271ea249c419,0.23816821416729145,0.6,4.0,0.7102957240847421,0.6,0.888509462672205,0.11768090665028597,0.0,1.0,0.0,1
06f9aaad-c9be-488e-8c58-1f41deb47d2e,3c045d5e-db0b-42a4-8b36-5a8f0192e0a9,0.23816821416729145,0.6,4.0,0.7102957240847421,0.6,0.9703557392871628,0.4741186336216032,0.3,0.0,2.0,1
06f9aaad-c9be-488e-8c58-1f41deb47d2e,e33220eb-1aa5-4702-8b7f-82096cbf244c,0.23816821416729145,0.6,4.0,0.7102957240847421,0.2,0.8045091416614435,0.9303962480539164,0.0,2.0,2.0,1
06f9aaad-c9be-488e-8c58-1f41deb47d2e,fe09dd6a-bc95-42e6-bb3c-61d404a20200,0.23816821416729145,0.6,4.0,0.7102957240847421,0.2,0.852490071939042,0.9956463958670673,0.3,1.0,0.0,1
06f9aaad-c9be-488e-8c58-1f41deb47d2e,9ba51c49-9d6a-423a-905e-593237ec3ec2,0.23816821416729145,0.6,4.0,0.7102957240847421,0.2,0.5056427924137512,0.14164644156570538,1.0,0.0,6.0,0
06f9aaad-c9be-488e-8c58-1f41deb47d2e,139389de-ef52-4a31-a3a6-711cb26f1f6a,0.23816821416729145,0.6,4.0,0.7102957240847421,0.2,0.6569353768626665,0.927362807810403,1.0,1.0,6.0,1
06f9aaad-c9be-488e-8c58-1f41deb47d2e,8c20762d-72fc-4a90-9284-b697f6205faa,0.23816821416729145,0.6,4.0,0.7102957240847421,0.2,0.809327370784988,0.46262162923016714,0.6,3.0,1.0,0
06f9aaad-c9be-488e-8c58-1f41deb47d2e,dd23fd07-88e1-462e-bc3b-00e51b7428ff,0.23816821416729145,0.6,4.0,0.7102957240847421,0.2,0.9167390499607783,0.453942637731402,1.0,0.0,0.0,1
06f9aaad-c9be-488e-8c58-1f41deb47d2e,4e038b59-7940-4187-89a4-aa8900eb4584,0.23816821416729145,0.6,4.0,0.7102957240847421,0.6,0.8162686834681103,0.09548613580741361,0.3,5.0,2.0,1
06f9aaad-c9be-488e-8c58-1f41deb47d2e,1c71f507-dfea-4b96-86e6-8a12d5a0d8da,0.23816821416729145,0.6,4.0,0.7102957240847421,1.0,0.9354478790984506,0.6224732640307242,0.0,2.0,5.0,0
06f9aaad-c9be-488e-8c58-1f41deb47d2e,1dbb57c0-dbf1-4996-b33e-610ff0e1a4c5,0.23816821416729145,0.6,4.0,0.7102957240847421,0.2,0.6520298599863723,0.91316722678243,1.0,5.0,3.0,0
06f9aaad-c9be-488e-8c58-1f41deb47d2e,172d7aba-b1e9-40bf-b1cb-cf4e91d5184a,0.23816821416729145,0.6,4.0,0.7102957240847421,1.0,0.8526659690466724,0.6328103281975677,0.6,4.0,0.0,0
06f9aaad-c9be-488e-8c58-1f41deb47d2e,153d2d46-4437-4840-90a1-e5308394b291,0.23816821416729145,0.6,4.0,0.7102957240847421,0.6,0.8859430875649702,0.004809331333315514,0.6,0.0,5.0,0
06f9aaad-c9be-488e-8c58-1f41deb47d2e,7e5fb408-a839-4c94-af31-f8f846c10b16,0.23816821416729145,0.6,4.0,0.7102957240847421,0.6,0.3750883081968893,0.7913034251586659,1.0,0.0,2.0,1
06f9aaad-c9be-488e-8c58-1f41deb47d2e,3e8780dc-c7a9-4934-8e6f-110d379812e4,0.23816821416729145,0.6,4.0,0.7102957240847421,1.0,0.5060570262278341,0.2300402347272693,0.6,1.0,3.0,0
06f9aaad-c9be-488e-8c58-1f41deb47d2e,2fcb1115-b785-4e53-aef6-79c4dbe42cda,0.23816821416729145,0.6,4.0,0.7102957240847421,0.2,0.9505514578919633,0.7971802886027384,0.6,1.0,3.0,1
06f9aaad-c9be-488e-8c58-1f41deb47d2e,0d91a5c8-4b22-4198-b963-be98907527f4,0.23816821416729145,0.6,4.0,0.7102957240847421,0.2,0.36811976533001634,0.7445398250927052,0.0,1.0,1.0,1
06f9aaad-c9be-488e-8c58-1f41deb47d2e,2ab0f7b1-b672-4fd3-bf9d-b9435c307791,0.23816821416729145,0.6,4.0,0.7102957240847421,0.6,0.4930337984475558,0.8483250712740258,0.6,4.0,2.0,1
06f9aaad-c9be-488e-8c58-1f41deb47d2e,72e21539-04f0-470f-b69d-9a418f7ff37b,0.23816821416729145,0.6,4.0,0.7102957240847421,0.2,0.6144010067276086,0.8682015664155024,0.6,0.0,2.0,0
06f9aaad-c9be-488e-8c58-1f41deb47d2e,5a34f357-525c-4e8c-9761-fca6c5ef4a54,0.23816821416729145,0.6,4.0,0.7102957240847421,1.0,0.32612342892093527,0.37000647225331373,0.3,5.0,5.0,0
06f9aaad-c9be-488e-8c58-1f41deb47d2e,bf1c16a4-e182-4ecc-8023-e458da60daac,0.23816821416729145,0.6,4.0,0.7102957240847421,1.0,0.24964749169716674,0.6258043806862246,0.6,4.0,3.0,0
06f9aaad-c9be-488e-8c58-1f41deb47d2e,1c71f507-dfea-4b96-86e6-8a12d5a0d8da,0.23816821416729145,0.6,4.0,0.7102957240847421,1.0,0.9354478790984506,0.6224732640307242,0.0,2.0,0.0,1
06f9aaad-c9be-488e-8c58-1f41deb47d2e,c5beb2bc-7876-4318-b66a-dab1f0815f72,0.23816821416729145,0.6,4.0,0.7102957240847421,0.6,0.40881718791361676,0.5939586390142232,0.0,3.0,6.0,0
06f9aaad-c9be-488e-8c58-1f41deb47d2e,5145c478-0b39-4ab7-a906-e1b9735ba3ce,0.23816821416729145,0.6,4.0,0.7102957240847421,0.6,0.8786936977058606,0.9587100682359623,1.0,0.0,0.0,1
06f9aaad-c9be-488e-8c58-1f41deb47d2e,ca05174e-a4f7-4654-890c-a2d577d622a4,0.23816821416729145,0.6,4.0,0.7102957240847421,0.6,0.2772344656929614,0.3717860192537389,1.0,1.0,6.0,0
06f9aaad-c9be-488e-8c58-1f41deb47d2e,fccbd80d-e8cc-4cf0-adb9-85c0aa640f7f,0.23816821416729145,0.6,4.0,0.7102957240847421,1.0,0.7950919292205237,0.850748587791265,0.0,1.0,6.0,0
06f9aaad-c9be-488e-8c58-1f41deb47d2e,fccbd80d-e8cc-4cf0-adb9-85c0aa640f7f,0.23816821416729145,0.6,4.0,0.7102957240847421,1.0,0.7950919292205237,0.850748587791265,0.0,4.0,6.0,0
06f9aaad-c9be-488e-8c58-1f41deb47d2e,3fb0a35d-d0bf-4534-9f63-995064c4e8af,0.23816821416729145,0.6,4.0,0.7102957240847421,0.2,0.4877773325800844,0.17627426660923395,0.3,3.0,6.0,1
06f9aaad-c9be-488e-8c58-1f41deb47d2e,1e7d8873-b56a-4886-a1ad-5de73c350f8e,0.23816821416729145,0.6,4.0,0.7102957240847421,0.6,0.39376459292746124,0.062329554128436215,0.6,2.0,6.0,1
06f9aaad-c9be-488e-8c58-1f41deb47d2e,bbaf1fa3-f0d2-4cf1-a007-2ff9a73a4732,0.23816821416729145,0.6,4.0,0.7102957240847421,0.6,0.943547710035929,0.4668619140050845,1.0,4.0,1.0,1
06f9aaad-c9be-488e-8c58-1f41deb47d2e,be7b953b-bf68-42e7-957e-b6f8f29af69d,0.23816821416729145,0.6,4.0,0.7102957240847421,1.0,0.6945243897343877,0.4669732371344246,1.0,5.0,6.0,0
06f9aaad-c9be-488e-8c58-1f41deb47d2e,4fdb3305-ba7f-45fd-908f-aee1f36874a7,0.23816821416729145,0.6,4.0,0.7102957240847421,0.2,0.9186809012161644,0.8525202868433427,1.0,4.0,1.0,1
06f9aaad-c9be-488e-8c58-1f41deb47d2e,5145c478-0b39-4ab7-a906-e1b9735ba3ce,0.23816821416729145,0.6,4.0,0.7102957240847421,0.6,0.8786936977058606,0.9587100682359623,1.0,3.0,5.0,1
06f9aaad-c9be-488e-8c58-1f41deb47d2e,4ba8e189-dadf-4dd5-b53d-7c4e20e6a1b9,0.23816821416729145,0.6,4.0,0.7102957240847421,1.0,0.4261308026245366,0.5885791737632688,0.3,4.0,2.0,1
06f9aaad-c9be-488e-8c58-1f41deb47d2e,9ef9ff12-8bfc-4d55-ba1e-d4fa03792c95,0.23816821416729145,0.6,4.0,0.7102957240847421,0.2,0.482599597367356,0.7341152293318791,0.0,2.0,5.0,1
06f9aaad-c9be-488e-8c58-1f41deb47d2e,09a8b01c-9886-431b-860f-484d959f9fd8,0.23816821416729145,0.6,4.0,0.7102957240847421,0.2,0.7949409365509817,0.650881327422057,0.0,4.0,6.0,1
06f9aaad-c9be-488e-8c58-1f41deb47d2e,b08e025f-b00e-487d-9769-6e771d335fcd,0.23816821416729145,0.6,4.0,0.7102957240847421,0.6,0.35587631985892465,0.5051778789164922,0.3,0.0,0.0,0
06f9aaad-c9be-488e-8c58-1f41deb47d2e,cf67b867-661f-4761-aa9e-bd64b50cabad,0.23816821416729145,0.6,4.0,0.7102957240847421,0.6,0.9775452477834666,0.8291857681957223,0.6,2.0,0.0,1
b4af39a7-7dab-420e-a09f-210b3dfb9d41,2767a00e-73cb-4ec0-8f10-1f2685529dd8,0.7269545230538776,0.2,0.0,0.6592513757010658,0.2,0.14774330715500755,0.17529814661096454,0.3,0.0,6.0,1
b4af39a7-7dab-420e-a09f-210b3dfb9d41,b675fdc1-c9db-4f65-ad76-cb5d41d88b8a,0.7269545230538776,0.2,0.0,0.6592513757010658,0.2,0.6871950997280843,0.6183737144963264,0.0,5.0,0.0,0
b4af39a7-7dab-420e-a09f-210b3dfb9d41,b939da7f-028e-4294-87a9-cae844ef2396,0.7269545230538776,0.2,0.0,0.6592513757010658,1.0,0.28159591151234475,0.3654017291850822,1.0,4.0,5.0,1
b4af39a7-7dab-420e-a09f-210b3dfb9d41,85930d8e-50d0-4f7b-acb8-caaac625dd0e,0.7269545230538776,0.2,0.0,0.6592513757010658,1.0,0.718363556324442,0.8165727833244342,0.6,2.0,5.0,1
b4af39a7-7dab-420e-a09f-210b3dfb9d41,d72916bd-ef8f-4502-bba8-725c04f85a5f,0.7269545230538776,0.2,0.0,0.6592513757010658,0.2,0.854828063402321,0.2603597878713769,0.0,5.0,2.0,0
b4af39a7-7dab-420e-a09f-210b3dfb9d41,1dbb57c0-dbf1-4996-b33e-610ff0e1a4c5,0.7269545230538776,0.2,0.0,0.6592513757010658,0.2,0.6520298599863723,0.91316722678243,1.0,5.0,5.0,0
b4af39a7-7dab-420e-a09f-210b3dfb9d41,768074f2-fa60-4a87-b7e9-0fe45c042ba8,0.7269545230538776,0.2,0.0,0.6592513757010658,0.6,0.44816631031351084,0.885378023796285,0.0,0.0,4.0,0
b4af39a7-7dab-420e-a09f-210b3dfb9d41,382dc6cd-e931-4c06-8335-e8acc1df4c50,0.7269545230538776,0.2,0.0,0.6592513757010658,0.2,0.558623921637297,0.1308595947819554,1.0,0.0,1.0,1
b4af39a7-7dab-420e-a09f-210b3dfb9d41,6670ddb8-85fa-45e6-9af6-91adbac350a8,0.7269545230538776,0.2,0.0,0.6592513757010658,1.0,0.5273671033049591,0.12936862090556023,0.0,2.0,4.0,0
b4af39a7-7dab-420e-a09f-210b3dfb9d41,c2aa2f4b-31d0-4751-b78b-9bc94a917dd3,0.7269545230538776,0.2,0.0,0.6592513757010658,0.2,0.9632839642542039,0.47862263242291936,0.3,3.0,4.0,1
b4af39a7-7dab-420e-a09f-210b3dfb9d41,06deada8-30c5-413b-9c3c-714dac3f16dc,0.7269545230538776,0.2,0.0,0.6592513757010658,1.0,0.35763710304451657,0.8208832504363414,1.0,1.0,2.0,1
b4af39a7-7dab-420e-a09f-210b3dfb9d41,8d5761d4-efd9-4f9b-a561-e385778a1505,0.7269545230538776,0.2,0.0,0.6592513757010658,0.2,0.5667301021003356,0.19240837052962323,0.3,2.0,0.0,0
b4af39a7-7dab-420e-a09f-210b3dfb9d41,3ceffdd1-05b8-4296-8ead-87aa963b9836,0.7269545230538776,0.2,0.0,0.6592513757010658,1.0,0.4937077765458606,0.9078087859837904,0.3,4.0,2.0,0
b4af39a7-7dab-420e-a09f-210b3dfb9d41,1e7d8873-b56a-4886-a1ad-5de73c350f8e,0.7269545230538776,0.2,0.0,0.6592513757010658,0.6,0.39376459292746124,0.062329554128436215,0.6,0.0,4.0,0
b4af39a7-7dab-420e-a09f-210b3dfb9d41,225af4bb-7dea-491a-b6ce-984e91ad99bf,0.7269545230538776,0.2,0.0,0.6592513757010658,0.2,0.954287099322196,0.3931698082459284,0.3,3.0,6.0,1
b4af39a7-7dab-420e-a09f-210b3dfb9d41,6bc2f168-7233-41b6-b378-1e91e4060318,0.7269545230538776,0.2,0.0,0.6592513757010658,0.6,0.8903489988595626,0.4493952204847722,0.6,4.0,4.0,0
b4af39a7-7dab-420e-a09f-210b3dfb9d41,04b630df-e955-44a2-ba81-7807bb8bbf0e,0.7269545230538776,0.2,0.0,0.6592513757010658,0.6,0.26969467315661044,0.7945253868283686,1.0,0.0,2.0,1
b4af39a7-7dab-420e-a09f-210b3dfb9d41,b1ecfa5c-68a1-4a8a-846a-dfb97027e1f6,0.7269545230538776,0.2,0.0,0.6592513757010658,0.6,0.47396075244655456,0.7794108057492125,1.0,0.0,1.0,1
b4af39a7-7dab-420e-a09f-210b3dfb9d41,c1dad211-ef14-4930-9fde-65d8d01eb8a2,0.7269545230538776,0.2,0.0,0.6592513757010658,1.0,0.2775989588417923,0.19963019650413683,0.3,0.0,2.0,0
b4af39a7-7dab-420e-a09f-210b3dfb9d41,299e9ca4-b5a4-4951-88ff-3985383763f0,0.7269545230538776,0.2,0.0,0.6592513757010658,0.2,0.7548560181125934,0.465904244394832,0.6,2.0,3.0,0
b4af39a7-7dab-420e-a09f-210b3dfb9d41,3a71361b-e3e1-4223-b68a-ad50ca4dbe62,0.7269545230538776,0.2,0.0,0.6592513757010658,1.0,0.6047778022342388,0.49194088405803205,0.6,4.0,4.0,1
b4af39a7-7dab-420e-a09f-210b3dfb9d41,172d7aba-b1e9-40bf-b1cb-cf4e91d5184a,0.7269545230538776,0.2,0.0,0.6592513757010658,1.0,0.8526659690466724,0.6328103281975677,0.6,3.0,0.0,1
b4af39a7-7dab-420e-a09f-210b3dfb9d41,b30a4759-4017-4c73-a262-ebb3da889ea2,0.7269545230538776,0.2,0.0,0.6592513757010658,0.2,0.2824565624064378,0.9351062106319883,1.0,3.0,5.0,1
b4af39a7-7dab-420e-a09f-210b3dfb9d41,8618c927-9c33-4057-8bfe-9828bd93601a,0.7269545230538776,0.2,0.0,0.6592513757010658,0.6,0.22804722680585615,0.021203888490483047,0.6,0.0,2.0,1
b4af39a7-7dab-420e-a09f-210b3dfb9d41,be9d36c1-5645-43bf-b29e-f59fe75b58fc,0.7269545230538776,0.2,0.0,0.6592513757010658,0.2,0.9631836571803765,0.9302866275169228,1.0,5.0,0.0,1
b4af39a7-7dab-420e-a09f-210b3dfb9d41,8d8bd000-8a84-4c8b-bdc8-797008544155,0.7269545230538776,0.2,0.0,0.6592513757010658,1.0,0.14606305453676433,0.13377939697072627,0.0,3.0,3.0,1
b4af39a7-7dab-420e-a09f-210b3dfb9d41,ad90952f-caf0-425d-8039-7263f702df91,0.7269545230538776,0.2,0.0,0.6592513757010658,0.2,0.9254823202465832,0.36840241779614114,0.0,0.0,4.0,1
b4af39a7-7dab-420e-a09f-210b3dfb9d41,ad90952f-caf0-425d-8039-7263f702df91,0.7269545230538776,0.2,0.0,0.6592513757010658,0.2,0.9254823202465832,0.36840241779614114,0.0,1.0,3.0,1
b4af39a7-7dab-420e-a09f-210b3dfb9d41,b008e459-aec4-4940-b0b0-b9521473a99b,0.7269545230538776,0.2,0.0,0.6592513757010658,0.2,0.8465976222683373,0.22635650862391665,1.0,0.0,2.0,1
b4af39a7-7dab-420e-a09f-210b3dfb9d41,2a4e6f6f-8a97-4b0f-8706-b5b5c9a3506e,0.7269545230538776,0.2,0.0,0.6592513757010658,1.0,0.508305717299449,0.5779541132057853,1.0,3.0,1.0,0
b4af39a7-7dab-420e-a09f-210b3dfb9d41,b08c5e45-1706-4711-993f-50cbf58e2335,0.7269545230538776,0.2,0.0,0.6592513757010658,0.6,0.7901117853804409,0.22604311984039915,0.0,0.0,5.0,1
b4af39a7-7dab-420e-a09f-210b3dfb9d41,7d8ed681-553e-4f86-8328-93bdf476bee2,0.7269545230538776,0.2,0.0,0.6592513757010658,0.6,0.8243337011258274,0.4855544869796419,1.0,5.0,3.0,1
b4af39a7-7dab-420e-a09f-210b3dfb9d41,90b5993b-1b5d-4363-8738-1f1566b34091,0.7269545230538776,0.2,0.0,0.6592513757010658,0.2,0.20193175818065728,0.8491249460757495,1.0,3.0,0.0,0
b4af39a7-7dab-420e-a09f-210b3dfb9d41,b939da7f-028e-4294-87a9-cae844ef2396,0.7269545230538776,0.2,0.0,0.6592513757010658,1.0,0.28159591151234475,0.3654017291850822,1.0,5.0,4.0,0
b4af39a7-7dab-420e-a09f-210b3dfb9d41,6059807a-e497-4a84-9074-8799b7986611,0.7269545230538776,0.2,0.0,0.6592513757010658,0.6,0.4781895633511416,0.7748754537301457,0.0,1.0,5.0,0
b4af39a7-7dab-420e-a09f-210b3dfb9d41,299e9ca4-b5a4-4951-88ff-3985383763f0,0.7269545230538776,0.2,0.0,0.6592513757010658,0.2,0.7548560181125934,0.465904244394832,0.6,0.0,6.0,1
b4af39a7-7dab-420e-a09f-210b3dfb9d41,09a8b01c-9886-431b-860f-484d959f9fd8,0.7269545230538776,0.2,0.0,0.6592513757010658,0.2,0.7949409365509817,0.650881327422057,0.0,3.0,4.0,1
b4af39a7-7dab-420e-a09f-210b3dfb9d41,f99793e2-bf1f-4652-b717-b380cf1b82d9,0.7269545230538776,0.2,0.0,0.6592513757010658,1.0,0.3478973552809047,0.15349034844890785,0.0,3.0,6.0,0
b4af39a7-7dab-420e-a09f-210b3dfb9d41,172d7aba-b1e9-40bf-b1cb-cf4e91d5184a,0.7269545230538776,0.2,0.0,0.6592513757010658,1.0,0.8526659690466724,0.6328103281975677,0.6,2.0,5.0,1
b4af39a7-7dab-420e-a09f-210b3dfb9d41,dbb00897-88a6-4e66-bf2b-d540c730bdb9,0.7269545230538776,0.2,0.0,0.6592513757010658,0.6,0.9518329178984374,0.4047620165937216,0.0,4.0,3.0,1
bd9f4171-9947-4dc9-acbf-8c8e1fe52ce5,de80c064-1511-4251-84a5-ba1187978d32,0.5285778614513572,0.6,10.0,0.3474909363120654,1.0,0.37359855622088356,0.32543416209529763,0.0,1.0,5.0,0
bd9f4171-9947-4dc9-acbf-8c8e1fe52ce5,d72916bd-ef8f-4502-bba8-725c04f85a5f,0.5285778614513572,0.6,10.0,0.3474909363120654,0.2,0.854828063402321,0.2603597878713769,0.0,2.0,2.0,1
bd9f4171-9947-4dc9-acbf-8c8e1fe52ce5,e33220eb-1aa5-4702-8b7f-82096cbf244c,0.5285778614513572,0.6,10.0,0.3474909363120654,0.2,0.8045091416614435,0.9303962480539164,0.0,1.0,1.0,0
bd9f4171-9947-4dc9-acbf-8c8e1fe52ce5,b85c5447-3934-4a5f-a2ea-5cf406ba1386,0.5285778614513572,0.6,10.0,0.3474909363120654,0.2,0.7359215878835874,0.20471404262800852,1.0,2.0,4.0,0
bd9f4171-9947-4dc9-acbf-8c8e1fe52ce5,6e8ca283-10c7-434c-826a-837f38ec5444,0.5285778614513572,0.6,10.0,0.3474909363120654,0.2,0.6513768543337128,0.6342982912007427,1.0,5.0,2.0,0
bd9f4171-9947-4dc9-acbf-8c8e1fe52ce5,3c045d5e-db0b-42a4-8b36-5a8f0192e0a9,0.5285778614513572,0.6,10.0,0.3474909363120654,0.6,0.9703557392871628,0.4741186336216032,0.3,3.0,4.0,0
bd9f4171-9947-4dc9-acbf-8c8e1fe52ce5,6e8ca283-10c7-434c-826a-837f38ec5444,0.5285778614513572,0.6,10.0,0.3474909363120654,0.2,0.6513768543337128,0.6342982912007427,1.0,3.0,5.0,1
bd9f4171-9947-4dc9-acbf-8c8e1fe52ce5,27de15b7-4423-4163-9a52-27eba3556133,0.5285778614513572,0.6,10.0,0.3474909363120654,0.2,0.8025233861040034,0.45458734247358457,0.6,2.0,6.0,1
bd9f4171-9947-4dc9-acbf-8c8e1fe52ce5,9102dfee-3ffe-4500-abcd-856f5c7ba81a,0.5285778614513572,0.6,10.0,0.3474909363120654,0.2,0.14792713695477017,0.6300659561232757,1.0,5.0,0.0,1
bd9f4171-9947-4dc9-acbf-8c8e1fe52ce5,99eca1c6-c6f2-4d74-a551-b71f85fad723,0.5285778614513572,0.6,10.0,0.3474909363120654,1.0,0.37557872113137425,0.6908530230033296,0.0,2.0,1.0,1
bd9f4171-9947-4dc9-acbf-8c8e1fe52ce5,92da4efc-92e2-4b63-a697-25a464242c2d,0.5285778614513572,0.6,10.0,0.3474909363120654,1.0,0.6595170148426077,0.9265692444764961,1.0,4.0,5.0,0
bd9f4171-9947-4dc9-acbf-8c8e1fe52ce5,172d7aba-b1e9-40bf-b1cb-cf4e91d5184a,0.5285778614513572,0.6,10.0,0.3474909363120654,1.0,0.8526659690466724,0.6328103281975677,0.6,4.0,3.0,1
bd9f4171-9947-4dc9-acbf-8c8e1fe52ce5,4923fb26-e583-4c24-ac52-8838a0ed3a98,0.5285778614513572,0.6,10.0,0.3474909363120654,1.0,0.553388277838538,0.7019544741283528,1.0,2.0,0.0,0
bd9f4171-9947-4dc9-acbf-8c8e1fe52ce5,b9638733-3416-47d7-b548-7e0af0dbe65f,0.5285778614513572,0.6,10.0,0.3474909363120654,0.2,0.7200468573060492,0.4981514611185579,0.6,2.0,4.0,1
bd9f4171-9947-4dc9-acbf-8c8e1fe52ce5,cd43d020-95b3-4fce-8795-f8fd1c5756af,0.5285778614513572,0.6,10.0,0.3474909363120654,0.6,0.5573941486973442,0.11632937988922598,0.3,4.0,0.0,0
bd9f4171-9947-4dc9-acbf-8c8e1fe52ce5,382dc6cd-e931-4c06-8335-e8acc1df4c50,0.5285778614513572,0.6,10.0,0.3474909363120654,0.2,0.558623921637297,0.1308595947819554,1.0,5.0,4.0,1
bd9f4171-9947-4dc9-acbf-8c8e1fe52ce5,2e62bb91-bbcc-427c-86f2-60487a06e1ea,0.5285778614513572,0.6,10.0,0.3474909363120654,0.6,0.9970298553106509,0.5346422845071757,0.3,1.0,5.0,1
bd9f4171-9947-4dc9-acbf-8c8e1fe52ce5,a32c33b9-2ae0-4565-b4cd-8c363bd2dbb1,0.5285778614513572,0.6,10.0,0.3474909363120654,0.6,0.4675427346881219,0.5919389716094521,0.3,2.0,5.0,0
bd9f4171-9947-4dc9-acbf-8c8e1fe52ce5,775861d5-545e-4ddf-b332-3aabb9bd0e76,0.5285778614513572,0.6,10.0,0.3474909363120654,1.0,0.8513642364331833,0.05300666587800451,0.6,0.0,3.0,1
bd9f4171-9947-4dc9-acbf-8c8e1fe52ce5,b306c2e8-e14e-48ab-ba50-0a1e2c26a1c9,0.5285778614513572,0.6,10.0,0.3474909363120654,0.2,0.3501289126422822,0.7428895955658196,0.3,0.0,2.0,0
bd9f4171-9947-4dc9-acbf-8c8e1fe52ce5,9fbecf58-4b47-499b-af70-5be883e292d6,0.5285778614513572,0.6,10.0,0.3474909363120654,1.0,0.6813001709251447,0.40858971174533243,0.0,1.0,6.0,1
bd9f4171-9947-4dc9-acbf-8c8e1fe52ce5,c4200dd0-0628-49ac-a3d4-9cafb23a3f7c,0.5285778614513572,0.6,10.0,0.3474909363120654,0.6,0.23204019132352335,0.14567973078804342,0.3,2.0,0.0,0
bd9f4171-9947-4dc9-acbf-8c8e1fe52ce5,21197103-286c-4e08-8f2e-e1f0c1aa4b65,0.5285778614513572,0.6,10.0,0.3474909363120654,0.2,0.974231980237957,0.8883695246489081,0.6,3.0,2.0,0
bd9f4171-9947-4dc9-acbf-8c8e1fe52ce5,74148153-f45d-4239-a353-bd87a356743e,0.5285778614513572,0.6,10.0,0.3474909363120654,0.6,0.6999994035333063,0.6902791079691951,0.6,5.0,4.0,1
bd9f4171-9947-4dc9-acbf-8c8e1fe52ce5,c192b11f-4447-40a2-80a6-390cd362dfa5,0.5285778614513572,0.6,10.0,0.3474909363120654,1.0,0.7363853294533637,0.9004772949138748,0.6,3.0,3.0,0
bd9f4171-9947-4dc9-acbf-8c8e1fe52ce5,6670ddb8-85fa-45e6-9af6-91adbac350a8,0.5285778614513572,0.6,10.0,0.3474909363120654,1.0,0.5273671033049591,0.12936862090556023,0.0,3.0,5.0,0
bd9f4171-9947-4dc9-acbf-8c8e1fe52ce5,8bf86bf8-6510-4e3c-a240-21e3b94e264e,0.5285778614513572,0.6,10.0,0.3474909363120654,0.6,0.9444299160166787,0.9759914132168259,0.0,3.0,1.0,0
bd9f4171-9947-4dc9-acbf-8c8e1fe52ce5,8ed783a1-387d-4717-b5f7-15de4d9164c0,0.5285778614513572,0.6,10.0,0.3474909363120654,1.0,0.6957695377284588,0.9476351583956032,0.0,2.0,0.0,1
bd9f4171-9947-4dc9-acbf-8c8e1fe52ce5,c777c23f-b2f3-4f1d-bbea-1e7286fac786,0.5285778614513572,0.6,10.0,0.3474909363120654,0.2,0.9597491309827612,0.04607692524933382,0.0,5.0,6.0,0
bd9f4171-9947-4dc9-acbf-8c8e1fe52ce5,e4e6b795-9ea2-4e67-a482-101b379e3dd3,0.5285778614513572,0.6,10.0,0.3474909363120654,0.6,0.7178715876853263,0.49460864618565403,0.0,0.0,0.0,0
bd9f4171-9947-4dc9-acbf-8c8e1fe52ce5,5e05eec7-1e62-4d54-96f8-a536e832863a,0.5285778614513572,0.6,10.0,0.3474909363120654,0.2,0.99982637880827,0.7415351340320897,0.0,0.0,3.0,1
bd9f4171-9947-4dc9-acbf-8c8e1fe52ce5,1e4deb48-10af-482d-89be-a40b3cfa6237,0.5285778614513572,0.6,10.0,0.3474909363120654,0.2,0.45812006017454143,0.5670116153989458,0.0,0.0,3.0,1
bd9f4171-9947-4dc9-acbf-8c8e1fe52ce5,c2aa2f4b-31d0-4751-b78b-9bc94a917dd3,0.5285778614513572,0.6,10.0,0.3474909363120654,0.2,0.9632839642542039,0.47862263242291936,0.3,3.0,4.0,1
bd9f4171-9947-4dc9-acbf-8c8e1fe52ce5,6720ccab-682e-40ac-9103-5e1a7cedc597,0.5285778614513572,0.6,10.0,0.3474909363120654,1.0,0.34528416725327743,0.5038671262185984,1.0,1.0,6.0,0
bd9f4171-9947-4dc9-acbf-8c8e1fe52ce5,2270dcd6-f4ba-4acf-b863-271ea249c419,0.5285778614513572,0.6,10.0,0.3474909363120654,0.6,0.888509462672205,0.11768090665028597,0.0,2.0,1.0,1
bd9f4171-9947-4dc9-acbf-8c8e1fe52ce5,042f11d0-6ddd-4561-8c2c-5e00545a621e,0.5285778614513572,0.6,10.0,0.3474909363120654,1.0,0.7872798003899497,0.9285445017428434,0.6,2.0,5.0,0
bd9f4171-9947-4dc9-acbf-8c8e1fe52ce5,50485b49-6f87-4fbb-a6d8-cc894f5ad343,0.5285778614513572,0.6,10.0,0.3474909363120654,0.2,0.489665412099198,0.42118413108785735,0.3,2.0,0.0,0
bd9f4171-9947-4dc9-acbf-8c8e1fe52ce5,b7c1594e-c23f-4a6c-b842-737b0c93b147,0.5285778614513572,0.6,10.0,0.3474909363120654,1.0,0.3323463750225212,0.10510906779710338,0.3,3.0,0.0,0
bd9f4171-9947-4dc9-acbf-8c8e1fe52ce5,153d2d46-4437-4840-90a1-e5308394b291,0.5285778614513572,0.6,10.0,0.3474909363120654,0.6,0.8859430875649702,0.004809331333315514,0.6,4.0,3.0,0
bd9f4171-9947-4dc9-acbf-8c8e1fe52ce5,e2cc89a7-6e52-40e3-8411-87a3295c8a0e,0.5285778614513572,0.6,10.0,0.3474909363120654,0.2,0.3237254478661281,0.030381800897473776,0.3,3.0,0.0,0
e0e3a954-18d8-4d03-8dec-36805a5c0169,69f0bb17-25d2-40ca-9934-1d66d65b38ec,0.2359637020285045,0.6,3.0,0.8576925162395443,1.0,0.5123580186270776,0.31857910523425825,0.6,5.0,0.0,0
e0e3a954-18d8-4d03-8dec-36805a5c0169,27de15b7-4423-4163-9a52-27eba3556133,0.2359637020285045,0.6,3.0,0.8576925162395443,0.2,0.8025233861040034,0.45458734247358457,0.6,5.0,3.0,0
e0e3a954-18d8-4d03-8dec-36805a5c0169,6df290df-6194-497e-9997-fd6713e1435f,0.2359637020285045,0.6,3.0,0.8576925162395443,1.0,0.7637061762371852,0.8809980926459479,0.6,0.0,1.0,0
e0e3a954-18d8-4d03-8dec-36805a5c0169,15b5cdd7-9aed-490f-9cb8-4f9a900eb398,0.2359637020285045,0.6,3.0,0.8576925162395443,0.2,0.17789822129463906,0.6431782959777482,0.0,4.0,5.0,0
e0e3a954-18d8-4d03-8dec-36805a5c0169,b8a59f9c-9152-4e9d-9227-81b450029be0,0.2359637020285045,0.6,3.0,0.8576925162395443,0.2,0.9082416607735994,0.8438860705844703,1.0,5.0,5.0,0
e0e3a954-18d8-4d03-8dec-36805a5c0169,122cf437-7436-42ed-ba9f-fd1238cad94f,0.2359637020285045,0.6,3.0,0.8576925162395443,0.6,0.7296624097080157,0.24684751428984442,0.6,3.0,3.0,1
e0e3a954-18d8-4d03-8dec-36805a5c0169,7cae5725-f4a7-4615-ab21-00fad572f2f3,0.2359637020285045,0.6,3.0,0.8576925162395443,1.0,0.8991240703271256,0.15308566915688449,0.3,5.0,4.0,1
e0e3a954-18d8-4d03-8dec-36805a5c0169,b5455ff3-4469-4b08-b2d0-3b4b8a9faa28,0.2359637020285045,0.6,3.0,0.8576925162395443,0.2,0.8168045396107254,0.12498281746751883,0.3,0.0,6.0,0
e0e3a954-18d8-4d03-8dec-36805a5c0169,04b630df-e955-44a2-ba81-7807bb8bbf0e,0.2359637020285045,0.6,3.0,0.8576925162395443,0.6,0.26969467315661044,0.7945253868283686,1.0,5.0,2.0,1
e0e3a954-18d8-4d03-8dec-36805a5c0169,89df2650-7e95-4104-8f42-5cb62ffb481a,0.2359637020285045,0.6,3.0,0.8576925162395443,0.2,0.29630278019401196,0.3424606722909498,0.0,2.0,0.0,0
e0e3a954-18d8-4d03-8dec-36805a5c0169,eab77546-5660-4b6f-8ed6-d113d4c924cb,0.2359637020285045,0.6,3.0,0.8576925162395443,0.6,0.6257718626796875,0.29583808895330166,0.0,1.0,6.0,0
e0e3a954-18d8-4d03-8dec-36805a5c0169,d91ea030-edc5-4199-b235-b4f2746330e6,0.2359637020285045,0.6,3.0,0.8576925162395443,1.0,0.7413528687367448,0.2371548448306322,0.6,4.0,5.0,0
e0e3a954-18d8-4d03-8dec-36805a5c0169,1b648ad6-0817-4f80-a7aa-9a94a583454e,0.2359637020285045,0.6,3.0,0.8576925162395443,1.0,0.9167464792916038,0.10114468166917334,0.0,1.0,2.0,0
e0e3a954-18d8-4d03-8dec-36805a5c0169,c2aa2f4b-31d0-4751-b78b-9bc94a917dd3,0.2359637020285045,0.6,3.0,0.8576925162395443,0.2,0.9632839642542039,0.47862263242291936,0.3,1.0,3.0,1
e0e3a954-18d8-4d03-8dec-36805a5c0169,65c54c61-8bed-4502-891f-54207581973c,0.2359637020285045,0.6,3.0,0.8576925162395443,0.6,0.5609694251913983,0.4769640187588726,1.0,5.0,5.0,1
e0e3a954-18d8-4d03-8dec-36805a5c0169,2270dcd6-f4ba-4acf-b863-271ea249c419,0.2359637020285045,0.6,3.0,0.8576925162395443,0.6,0.888509462672205,0.11768090665028597,0.0,4.0,1.0,0
e0e3a954-18d8-4d03-8dec-36805a5c0169,1b648ad6-0817-4f80-a7aa-9a94a583454e,0.2359637020285045,0.6,3.0,0.8576925162395443,1.0,0.9167464792916038,0.10114468166917334,0.0,1.0,0.0,0
e0e3a954-18d8-4d03-8dec-36805a5c0169,897e2fd6-d062-4d6b-8350-be1ff289f7d2,0.2359637020285045,0.6,3.0,0.8576925162395443,1.0,0.27839323550003814,0.5426957391813381,1.0,1.0,6.0,1
e0e3a954-18d8-4d03-8dec-36805a5c0169,7d674302-c495-4faa-b60b-2f991e7f10b1,0.2359637020285045,0.6,3.0,0.8576925162395443,0.6,0.6945598719886059,0.6688730857607941,1.0,1.0,5.0,1
e0e3a954-18d8-4d03-8dec-36805a5c0169,c65f2822-55d3-4e67-b0e3-dcb7ed48c4fc,0.2359637020285045,0.6,3.0,0.8576925162395443,0.2,0.5969201348829377,0.6751594254540361,0.3,2.0,5.0,0
e0e3a954-18d8-4d03-8dec-36805a5c0169,3a71361b-e3e1-4223-b68a-ad50ca4dbe62,0.2359637020285045,0.6,3.0,0.8576925162395443,1.0,0.6047778022342388,0.49194088405803205,0.6,2.0,0.0,0
e0e3a954-18d8-4d03-8dec-36805a5c0169,7b512031-30a6-4d3c-8e53-4acf4b15efd9,0.2359637020285045,0.6,3.0,0.8576925162395443,0.6,0.20961141822392887,0.22555703805048077,1.0,5.0,4.0,1
e0e3a954-18d8-4d03-8dec-36805a5c0169,8c822518-d0dc-460d-93c7-d9d033a078ba,0.2359637020285045,0.6,3.0,0.8576925162395443,1.0,0.5475099359609544,0.9553256935848943,1.0,5.0,0.0,0
e0e3a954-18d8-4d03-8dec-36805a5c0169,5e05eec7-1e62-4d54-96f8-a536e832863a,0.2359637020285045,0.6,3.0,0.8576925162395443,0.2,0.99982637880827,0.7415351340320897,0.0,0.0,6.0,1
e0e3a954-18d8-4d03-8dec-36805a5c0169,290546aa-9a27-44b0-96cf-1cbe5de0ac63,0.2359637020285045,0.6,3.0,0.8576925162395443,0.2,0.8840031953521331,0.909469052204089,0.3,4.0,4.0,1
e0e3a954-18d8-4d03-8dec-36805a5c0169,7d8ed681-553e-4f86-8328-93bdf476bee2,0.2359637020285045,0.6,3.0,0.8576925162395443,0.6,0.8243337011258274,0.4855544869796419,1.0,1.0,1.0,0
e0e3a954-18d8-4d03-8dec-36805a5c0169,7e5fb408-a839-4c94-af31-f8f846c10b16,0.2359637020285045,0.6,3.0,0.8576925162395443,0.6,0.3750883081968893,0.7913034251586659,1.0,4.0,4.0,1
e0e3a954-18d8-4d03-8dec-36805a5c0169,6720ccab-682e-40ac-9103-5e1a7cedc597,0.2359637020285045,0.6,3.0,0.8576925162395443,1.0,0.34528416725327743,0.5038671262185984,1.0,1.0,0.0,0
e0e3a954-18d8-4d03-8dec-36805a5c0169,686e3aa2-fafa-49b8-ae04-90315babb1d4,0.2359637020285045,0.6,3.0,0.8576925162395443,0.2,0.2485402182633587,0.3567460645487345,1.0,1.0,2.0,1
e0e3a954-18d8-4d03-8dec-36805a5c0169,6e8ca283-10c7-434c-826a-837f38ec5444,0.2359637020285045,0.6,3.0,0.8576925162395443,0.2,0.6513768543337128,0.6342982912007427,1.0,0.0,1.0,0
e0e3a954-18d8-4d03-8dec-36805a5c0169,2767a00e-73cb-4ec0-8f10-1f2685529dd8,0.2359637020285045,0.6,3.0,0.8576925162395443,0.2,0.14774330715500755,0.17529814661096454,0.3,2.0,2.0,0
e0e3a954-18d8-4d03-8dec-36805a5c0169,ad90952f-caf0-425d-8039-7263f702df91,0.2359637020285045,0.6,3.0,0.8576925162395443,0.2,0.9254823202465832,0.36840241779614114,0.0,5.0,3.0,1
e0e3a954-18d8-4d03-8dec-36805a5c0169,2767a00e-73cb-4ec0-8f10-1f2685529dd8,0.2359637020285045,0.6,3.0,0.8576925162395443,0.2,0.14774330715500755,0.17529814661096454,0.3,1.0,6.0,1
e0e3a954-18d8-4d03-8dec-36805a5c0169,bbaf1fa3-f0d2-4cf1-a007-2ff9a73a4732,0.2359637020285045,0.6,3.0,0.8576925162395443,0.6,0.943547710035929,0.4668619140050845,1.0,0.0,4.0,1
e0e3a954-18d8-4d03-8dec-36805a5c0169,bc2b645f-2327-4ce9-a2d2-c4dfb4c037a4,0.2359637020285045,0.6,3.0,0.8576925162395443,0.6,0.565732669170513,0.9898859782322003,1.0,2.0,1.0,0
e0e3a954-18d8-4d03-8dec-36805a5c0169,88e79e28-8590-4873-baf3-158ade3d3e32,0.2359637020285045,0.6,3.0,0.8576925162395443,1.0,0.9148647291612199,0.12864998776038128,0.0,1.0,5.0,0
e0e3a954-18d8-4d03-8dec-36805a5c0169,3ddfda87-b4e3-4c16-8683-a4523f15acf2,0.2359637020285045,0.6,3.0,0.8576925162395443,1.0,0.9807055615364045,0.6381156208224877,0.3,4.0,1.0,1
e0e3a954-18d8-4d03-8dec-36805a5c0169,eab77546-5660-4b6f-8ed6-d113d4c924cb,0.2359637020285045,0.6,3.0,0.8576925162395443,0.6,0.6257718626796875,0.29583808895330166,0.0,0.0,6.0,1
e0e3a954-18d8-4d03-8dec-36805a5c0169,8977ae1e-0308-44ae-a8c8-f83ca0744d63,0.2359637020285045,0.6,3.0,0.8576925162395443,0.6,0.8507600711322102,0.25582976206381436,0.6,2.0,2.0,0
e0e3a954-18d8-4d03-8dec-36805a5c0169,9fbecf58-4b47-499b-af70-5be883e292d6,0.2359637020285045,0.6,3.0,0.8576925162395443,1.0,0.6813001709251447,0.40858971174533243,0.0,4.0,2.0,0
91d2eaa6-7002-44d9-9c71-ef8e5690e500,b20bab7d-8fe1-4291-9511-746d551c6381,0.48049520957635783,0.2,18.0,0.7035565655615987,1.0,0.30803403606513613,0.290684856511908,0.0,1.0,4.0,0
91d2eaa6-7002-44d9-9c71-ef8e5690e500,ad581338-27d8-4935-86c9-5f785bf435c2,0.48049520957635783,0.2,18.0,0.7035565655615987,1.0,0.3943185155107163,0.2811618959132587,0.3,2.0,6.0,0
91d2eaa6-7002-44d9-9c71-ef8e5690e500,1e4deb48-10af-482d-89be-a40b3cfa6237,0.48049520957635783,0.2,18.0,0.7035565655615987,0.2,0.45812006017454143,0.5670116153989458,0.0,1.0,4.0,1
91d2eaa6-7002-44d9-9c71-ef8e5690e500,d879a756-cb6b-4026-a00a-656051801b5f,0.48049520957635783,0.2,18.0,0.7035565655615987,1.0,0.19670829855613808,0.6495454402345533,1.0,4.0,1.0,0
91d2eaa6-7002-44d9-9c71-ef8e5690e500,2e62bb91-bbcc-427c-86f2-60487a06e1ea,0.48049520957635783,0.2,18.0,0.7035565655615987,0.6,0.9970298553106509,0.5346422845071757,0.3,4.0,6.0,0
91d2eaa6-7002-44d9-9c71-ef8e5690e500,d8d30dac-fd61-48d1-8bf9-aa602ff08b1b,0.48049520957635783,0.2,18.0,0.7035565655615987,0.6,0.5193853910130869,0.5025270481245171,0.0,4.0,2.0,1
91d2eaa6-7002-44d9-9c71-ef8e5690e500,e44b9013-f4a8-49bf-9379-87dcbb2e8e53,0.48049520957635783,0.2,18.0,0.7035565655615987,1.0,0.36258242224859283,0.32306846386650134,0.3,1.0,6.0,0
91d2eaa6-7002-44d9-9c71-ef8e5690e500,b7f3f687-720d-4c2e-b765-833d1f628763,0.48049520957635783,0.2,18.0,0.7035565655615987,0.6,0.5040757896213439,0.7654432929579714,0.6,4.0,6.0,0
91d2eaa6-7002-44d9-9c71-ef8e5690e500,153e892c-7403-48b3-b3e5-7a4444a6af33,0.48049520957635783,0.2,18.0,0.7035565655615987,1.0,0.268440635924974,0.5517497858340187,0.3,2.0,4.0,1
91d2eaa6-7002-44d9-9c71-ef8e5690e500,319d65cc-35fb-4fd2-8d36-0aaeae8c1599,0.48049520957635783,0.2,18.0,0.7035565655615987,0.2,0.3492163442071033,0.6358648613159886,0.3,0.0,4.0,0
91d2eaa6-7002-44d9-9c71-ef8e5690e500,666c606e-4a7f-4e66-9fac-fbc0339d13f8,0.48049520957635783,0.2,18.0,0.7035565655615987,1.0,0.9652102148867648,0.8330892916579566,0.3,2.0,2.0,0
91d2eaa6-7002-44d9-9c71-ef8e5690e500,b8a59f9c-9152-4e9d-9227-81b450029be0,0.48049520957635783,0.2,18.0,0.7035565655615987,0.2,0.9082416607735994,0.8438860705844703,1.0,5.0,6.0,0
91d2eaa6-7002-44d9-9c71-ef8e5690e500,de80c064-1511-4251-84a5-ba1187978d32,0.48049520957635783,0.2,18.0,0.7035565655615987,1.0,0.37359855622088356,0.32543416209529763,0.0,4.0,4.0,0
91d2eaa6-7002-44d9-9c71-ef8e5690e500,4590aaee-b789-46de-a082-c6807a962ec2,0.48049520957635783,0.2,18.0,0.7035565655615987,1.0,0.9792453221449127,0.1694110619506124,1.0,5.0,0.0,1
91d2eaa6-7002-44d9-9c71-ef8e5690e500,3e8780dc-c7a9-4934-8e6f-110d379812e4,0.48049520957635783,0.2,18.0,0.7035565655615987,1.0,0.5060570262278341,0.2300402347272693,0.6,2.0,3.0,1
91d2eaa6-7002-44d9-9c71-ef8e5690e500,e78aa463-4c6f-47dc-a5bb-968ac81532c7,0.48049520957635783,0.2,18.0,0.7035565655615987,0.6,0.961259998425001,0.14413543131777729,0.6,0.0,3.0,1
91d2eaa6-7002-44d9-9c71-ef8e5690e500,aaf45fe2-a218-49a4-8030-1b040505fcc2,0.48049520957635783,0.2,18.0,0.7035565655615987,0.2,0.36982601339710064,0.6947724975849392,0.3,2.0,6.0,0
91d2eaa6-7002-44d9-9c71-ef8e5690e500,50485b49-6f87-4fbb-a6d8-cc894f5ad343,0.48049520957635783,0.2,18.0,0.7035565655615987,0.2,0.489665412099198,0.42118413108785735,0.3,2.0,6.0,1
91d2eaa6-7002-44d9-9c71-ef8e5690e500,7c786351-37ac-47a2-9542-40b90f3efee8,0.48049520957635783,0.2,18.0,0.7035565655615987,0.6,0.6561708102091133,0.18646349182808575,0.3,4.0,6.0,0
91d2eaa6-7002-44d9-9c71-ef8e5690e500,b20bab7d-8fe1-4291-9511-746d551c6381,0.48049520957635783,0.2,18.0,0.7035565655615987,1.0,0.30803403606513613,0.290684856511908,0.0,3.0,6.0,0
91d2eaa6-7002-44d9-9c71-ef8e5690e500,74148153-f45d-4239-a353-bd87a356743e,0.48049520957635783,0.2,18.0,0.7035565655615987,0.6,0.6999994035333063,0.6902791079691951,0.6,5.0,3.0,1
91d2eaa6-7002-44d9-9c71-ef8e5690e500,8e97dadb-1a1b-42b9-ab2b-901aa2169415,0.48049520957635783,0.2,18.0,0.7035565655615987,0.6,0.4258214568056816,0.9395878832020562,1.0,1.0,2.0,0
91d2eaa6-7002-44d9-9c71-ef8e5690e500,c0831cb8-2671-4f2e-9498-e74d21da6f33,0.48049520957635783,0.2,18.0,0.7035565655615987,0.2,0.678838712580165,0.49622340240440477,1.0,1.0,4.0,0
91d2eaa6-7002-44d9-9c71-ef8e5690e500,122cf437-7436-42ed-ba9f-fd1238cad94f,0.48049520957635783,0.2,18.0,0.7035565655615987,0.6,0.7296624097080157,0.24684751428984442,0.6,3.0,4.0,1
91d2eaa6-7002-44d9-9c71-ef8e5690e500,e3e4e158-1e76-4fc3-a85b-e05b8b8a0ccb,0.48049520957635783,0.2,18.0,0.7035565655615987,0.6,0.639410932283415,0.2933005026004223,0.0,0.0,5.0,1
91d2eaa6-7002-44d9-9c71-ef8e5690e500,15b5cdd7-9aed-490f-9cb8-4f9a900eb398,0.48049520957635783,0.2,18.0,0.7035565655615987,0.2,0.17789822129463906,0.6431782959777482,0.0,4.0,2.0,1
91d2eaa6-7002-44d9-9c71-ef8e5690e500,663e97bc-95a7-41b9-9e8e-0aaa991d7522,0.48049520957635783,0.2,18.0,0.7035565655615987,0.2,0.45979536292483636,0.25030114523410607,1.0,3.0,2.0,0
91d2eaa6-7002-44d9-9c71-ef8e5690e500,fe560b2d-9461-419f-952d-3526d1d58cc6,0.48049520957635783,0.2,18.0,0.7035565655615987,1.0,0.582611192457266,0.5549319795003286,0.0,3.0,3.0,0
91d2eaa6-7002-44d9-9c71-ef8e5690e500,09a8b01c-9886-431b-860f-484d959f9fd8,0.48049520957635783,0.2,18.0,0.7035565655615987,0.2,0.7949409365509817,0.650881327422057,0.0,3.0,5.0,1
91d2eaa6-7002-44d9-9c71-ef8e5690e500,666c606e-4a7f-4e66-9fac-fbc0339d13f8,0.48049520957635783,0.2,18.0,0.7035565655615987,1.0,0.9652102148867648,0.8330892916579566,0.3,2.0,4.0,0
91d2eaa6-7002-44d9-9c71-ef8e5690e500,43b70bae-10ef-4dc3-9f9b-b39a1eacb2d1,0.48049520957635783,0.2,18.0,0.7035565655615987,1.0,0.6227481543871835,0.008705213531018718,1.0,3.0,3.0,0
91d2eaa6-7002-44d9-9c71-ef8e5690e500,85736eaa-5d46-446f-bc37-90664659af7c,0.48049520957635783,0.2,18.0,0.7035565655615987,0.2,0.5071632128531129,0.5363921784426651,0.3,3.0,2.0,1
91d2eaa6-7002-44d9-9c71-ef8e5690e500,18c8f5c0-62d6-4353-8121-04a82ac26ed8,0.48049520957635783,0.2,18.0,0.7035565655615987,1.0,0.14611128000847454,0.5869443165834576,0.3,3.0,1.0,0
91d2eaa6-7002-44d9-9c71-ef8e5690e500,382dc6cd-e931-4c06-8335-e8acc1df4c50,0.48049520957635783,0.2,18.0,0.7035565655615987,0.2,0.558623921637297,0.1308595947819554,1.0,0.0,2.0,0
91d2eaa6-7002-44d9-9c71-ef8e5690e500,9ef9ff12-8bfc-4d55-ba1e-d4fa03792c95,0.48049520957635783,0.2,18.0,0.7035565655615987,0.2,0.482599597367356,0.7341152293318791,0.0,2.0,0.0,0
91d2eaa6-7002-44d9-9c71-ef8e5690e500,7bf57e1f-8d6e-4525-9822-40fe99cb92db,0.48049520957635783,0.2,18.0,0.7035565655615987,0.6,0.646849787279288,0.8371345930324872,0.6,0.0,2.0,1
91d2eaa6-7002-44d9-9c71-ef8e5690e500,1e7d8873-b56a-4886-a1ad-5de73c350f8e,0.48049520957635783,0.2,18.0,0.7035565655615987,0.6,0.39376459292746124,0.062329554128436215,0.6,1.0,6.0,1
91d2eaa6-7002-44d9-9c71-ef8e5690e500,153e892c-7403-48b3-b3e5-7a4444a6af33,0.48049520957635783,0.2,18.0,0.7035565655615987,1.0,0.268440635924974,0.5517497858340187,0.3,2.0,3.0,0
91d2eaa6-7002-44d9-9c71-ef8e5690e500,b85c5447-3934-4a5f-a2ea-5cf406ba1386,0.48049520957635783,0.2,18.0,0.7035565655615987,0.2,0.7359215878835874,0.20471404262800852,1.0,4.0,5.0,1
91d2eaa6-7002-44d9-9c71-ef8e5690e500,1fca9427-3cae-42d5-bed5-488302ac2459,0.48049520957635783,0.2,18.0,0.7035565655615987,0.6,0.396450442114459,0.6699625843471093,0.0,5.0,6.0,1
88c2651e-d5ef-4d3c-8cf5-d93ada88d7f8,c777c23f-b2f3-4f1d-bbea-1e7286fac786,0.2375263520047732,0.2,18.0,0.959300513886425,0.2,0.9597491309827612,0.04607692524933382,0.0,4.0,6.0,1
88c2651e-d5ef-4d3c-8cf5-d93ada88d7f8,b8f55e48-9d55-4d28-bc80-497a7d36ac53,0.2375263520047732,0.2,18.0,0.959300513886425,0.6,0.5364632049642664,0.9010207096938249,0.6,2.0,6.0,1
88c2651e-d5ef-4d3c-8cf5-d93ada88d7f8,3fb0a35d-d0bf-4534-9f63-995064c4e8af,0.2375263520047732,0.2,18.0,0.959300513886425,0.2,0.4877773325800844,0.17627426660923395,0.3,3.0,6.0,1
88c2651e-d5ef-4d3c-8cf5-d93ada88d7f8,bb149053-41e0-46bd-ae04-d392610b827f,0.2375263520047732,0.2,18.0,0.959300513886425,1.0,0.9892289095536471,0.5376980874726343,0.3,3.0,0.0,0
88c2651e-d5ef-4d3c-8cf5-d93ada88d7f8,773cb37f-03e9-462d-9f7c-bb397a470391,0.2375263520047732,0.2,18.0,0.959300513886425,1.0,0.138085119243381,0.17870489763614517,0.6,4.0,2.0,1
88c2651e-d5ef-4d3c-8cf5-d93ada88d7f8,b5455ff3-4469-4b08-b2d0-3b4b8a9faa28,0.2375263520047732,0.2,18.0,0.959300513886425,0.2,0.8168045396107254,0.12498281746751883,0.3,3.0,4.0,1
88c2651e-d5ef-4d3c-8cf5-d93ada88d7f8,3ddfda87-b4e3-4c16-8683-a4523f15acf2,0.2375263520047732,0.2,18.0,0.959300513886425,1.0,0.9807055615364045,0.6381156208224877,0.3,0.0,6.0,0
88c2651e-d5ef-4d3c-8cf5-d93ada88d7f8,effc8e6d-3fa0-4ad0-84e0-49ceb18ecfdf,0.2375263520047732,0.2,18.0,0.959300513886425,1.0,0.1753861576369154,0.018304751217713022,0.6,0.0,5.0,1
88c2651e-d5ef-4d3c-8cf5-d93ada88d7f8,8e97dadb-1a1b-42b9-ab2b-901aa2169415,0.2375263520047732,0.2,18.0,0.959300513886425,0.6,0.4258214568056816,0.9395878832020562,1.0,4.0,4.0,0
88c2651e-d5ef-4d3c-8cf5-d93ada88d7f8,99eca1c6-c6f2-4d74-a551-b71f85fad723,0.2375263520047732,0.2,18.0,0.959300513886425,1.0,0.37557872113137425,0.6908530230033296,0.0,0.0,0.0,0
88c2651e-d5ef-4d3c-8cf5-d93ada88d7f8,1dbb57c0-dbf1-4996-b33e-610ff0e1a4c5,0.2375263520047732,0.2,18.0,0.959300513886425,0.2,0.6520298599863723,0.91316722678243,1.0,1.0,4.0,1
88c2651e-d5ef-4d3c-8cf5-d93ada88d7f8,fe09dd6a-bc95-42e6-bb3c-61d404a20200,0.2375263520047732,0.2,18.0,0.959300513886425,0.2,0.852490071939042,0.9956463958670673,0.3,1.0,0.0,1
88c2651e-d5ef-4d3c-8cf5-d93ada88d7f8,86df6ab5-0a91-4c31-ae77-b6a97acaa3b6,0.2375263520047732,0.2,18.0,0.959300513886425,0.2,0.6626325512293207,0.22621734088053103,1.0,4.0,5.0,0
88c2651e-d5ef-4d3c-8cf5-d93ada88d7f8,723b0875-2f5c-406d-91ef-1ef6768c21e1,0.2375263520047732,0.2,18.0,0.959300513886425,0.6,0.5865033881557733,0.9546606431143135,0.6,5.0,1.0,1
88c2651e-d5ef-4d3c-8cf5-d93ada88d7f8,6059807a-e497-4a84-9074-8799b7986611,0.2375263520047732,0.2,18.0,0.959300513886425,0.6,0.4781895633511416,0.7748754537301457,0.0,4.0,0.0,1
88c2651e-d5ef-4d3c-8cf5-d93ada88d7f8,230352f2-770a-46c0-abe4-d7625139ab5e,0.2375263520047732,0.2,18.0,0.959300513886425,0.2,0.6004574087726475,0.5930492421524886,0.0,4.0,4.0,1
88c2651e-d5ef-4d3c-8cf5-d93ada88d7f8,6a24fb3d-8584-44db-80ec-a8943d9d4953,0.2375263520047732,0.2,18.0,0.959300513886425,0.2,0.7990830790974275,0.6468922285040184,0.6,4.0,4.0,1
88c2651e-d5ef-4d3c-8cf5-d93ada88d7f8,65c54c61-8bed-4502-891f-54207581973c,0.2375263520047732,0.2,18.0,0.959300513886425,0.6,0.5609694251913983,0.4769640187588726,1.0,3.0,4.0,0
88c2651e-d5ef-4d3c-8cf5-d93ada88d7f8,74148153-f45d-4239-a353-bd87a356743e,0.2375263520047732,0.2,18.0,0.959300513886425,0.6,0.6999994035333063,0.6902791079691951,0.6,3.0,3.0,0
88c2651e-d5ef-4d3c-8cf5-d93ada88d7f8,8bf86bf8-6510-4e3c-a240-21e3b94e264e,0.2375263520047732,0.2,18.0,0.959300513886425,0.6,0.9444299160166787,0.9759914132168259,0.0,5.0,0.0,1
88c2651e-d5ef-4d3c-8cf5-d93ada88d7f8,4b297a66-3334-402c-af3b-f9ee2b621b0b,0.2375263520047732,0.2,18.0,0.959300513886425,0.2,0.16180119098371584,0.2582859429792861,0.0,1.0,2.0,0
88c2651e-d5ef-4d3c-8cf5-d93ada88d7f8,fda140a2-2654-463e-a825-e101e2f7921b,0.2375263520047732,0.2,18.0,0.959300513886425,0.2,0.3998020556294877,0.9744658783076392,0.0,2.0,3.0,0
88c2651e-d5ef-4d3c-8cf5-d93ada88d7f8,299e9ca4-b5a4-4951-88ff-3985383763f0,0.2375263520047732,0.2,18.0,0.959300513886425,0.2,0.7548560181125934,0.465904244394832,0.6,2.0,2.0,1
88c2651e-d5ef-4d3c-8cf5-d93ada88d7f8,51656879-b9de-4976-b3d5-c8a240739e35,0.2375263520047732,0.2,18.0,0.959300513886425,0.6,0.12393733137164058,0.5053225155587664,1.0,1.0,6.0,1
88c2651e-d5ef-4d3c-8cf5-d93ada88d7f8,b9085332-b2b1-4b72-8021-b3b81398ce92,0.2375263520047732,0.2,18.0,0.959300513886425,0.6,0.33544730729888195,0.5880404702366536,0.6,4.0,6.0,1
88c2651e-d5ef-4d3c-8cf5-d93ada88d7f8,1e4deb48-10af-482d-89be-a40b3cfa6237,0.2375263520047732,0.2,18.0,0.959300513886425,0.2,0.45812006017454143,0.5670116153989458,0.0,4.0,0.0,1
88c2651e-d5ef-4d3c-8cf5-d93ada88d7f8,15ffb6f4-0363-4611-afec-93fefe2ffd83,0.2375263520047732,0.2,18.0,0.959300513886425,0.2,0.9223427256162328,0.7798431272433336,0.3,2.0,2.0,1
88c2651e-d5ef-4d3c-8cf5-d93ada88d7f8,3c045d5e-db0b-42a4-8b36-5a8f0192e0a9,0.2375263520047732,0.2,18.0,0.959300513886425,0.6,0.9703557392871628,0.4741186336216032,0.3,4.0,3.0,1
88c2651e-d5ef-4d3c-8cf5-d93ada88d7f8,7d674302-c495-4faa-b60b-2f991e7f10b1,0.2375263520047732,0.2,18.0,0.959300513886425,0.6,0.6945598719886059,0.6688730857607941,1.0,3.0,6.0,0
88c2651e-d5ef-4d3c-8cf5-d93ada88d7f8,6df290df-6194-497e-9997-fd6713e1435f,0.2375263520047732,0.2,18.0,0.959300513886425,1.0,0.7637061762371852,0.8809980926459479,0.6,4.0,5.0,1
88c2651e-d5ef-4d3c-8cf5-d93ada88d7f8,1e4deb48-10af-482d-89be-a40b3cfa6237,0.2375263520047732,0.2,18.0,0.959300513886425,0.2,0.45812006017454143,0.5670116153989458,0.0,2.0,6.0,1
88c2651e-d5ef-4d3c-8cf5-d93ada88d7f8,8ab6ed8b-51d4-454f-85f3-3f6b976bb994,0.2375263520047732,0.2,18.0,0.959300513886425,1.0,0.28732703598303644,0.30524872168293893,0.3,1.0,4.0,0
88c2651e-d5ef-4d3c-8cf5-d93ada88d7f8,87a7aeb8-bf34-460e-bb3c-fbe35cf1ef81,0.2375263520047732,0.2,18.0,0.959300513886425,1.0,0.7885085605778664,0.825897641598029,0.6,4.0,6.0,0
88c2651e-d5ef-4d3c-8cf5-d93ada88d7f8,2a4e6f6f-8a97-4b0f-8706-b5b5c9a3506e,0.2375263520047732,0.2,18.0,0.959300513886425,1.0,0.508305717299449,0.5779541132057853,1.0,3.0,2.0,0
88c2651e-d5ef-4d3c-8cf5-d93ada88d7f8,3e875754-69cd-4fee-94a5-57d6da42ef91,0.2375263520047732,0.2,18.0,0.959300513886425,0.2,0.2450411346868676,0.8598019829721676,0.3,3.0,5.0,1
88c2651e-d5ef-4d3c-8cf5-d93ada88d7f8,5bccbbea-6061-4c3b-babf-9f5de9889c73,0.2375263520047732,0.2,18.0,0.959300513886425,0.2,0.4789495794434827,0.42500061980149273,0.3,5.0,4.0,1
88c2651e-d5ef-4d3c-8cf5-d93ada88d7f8,ef4564ad-37cb-422e-9258-c0dd09e686d8,0.2375263520047732,0.2,18.0,0.959300513886425,0.6,0.7134305197216956,0.4952020834976343,0.0,1.0,5.0,0
88c2651e-d5ef-4d3c-8cf5-d93ada88d7f8,8bf86bf8-6510-4e3c-a240-21e3b94e264e,0.2375263520047732,0.2,18.0,0.959300513886425,0.6,0.9444299160166787,0.9759914132168259,0.0,2.0,3.0,1
88c2651e-d5ef-4d3c-8cf5-d93ada88d7f8,4ae5516d-8df6-4ce0-a1a2-7fe96b97c4ed,0.2375263520047732,0.2,18.0,0.959300513886425,0.6,0.7394686693887754,0.3658730909863124,0.3,1.0,3.0,0
88c2651e-d5ef-4d3c-8cf5-d93ada88d7f8,b675fdc1-c9db-4f65-ad76-cb5d41d88b8a,0.2375263520047732,0.2,18.0,0.959300513886425,0.2,0.6871950997280843,0.6183737144963264,0.0,2.0,0.0,1
15a5996e-b2bf-482f-8c25-977e3dd77e20,6a24fb3d-8584-44db-80ec-a8943d9d4953,0.259626635877361,0.2,3.0,0.6464584276941028,0.2,0.7990830790974275,0.6468922285040184,0.6,1.0,4.0,0
15a5996e-b2bf-482f-8c25-977e3dd77e20,ab31027b-1533-4573-87ee-591c4e74f603,0.259626635877361,0.2,3.0,0.6464584276941028,0.2,0.13414284675556443,0.8188515466757538,1.0,2.0,3.0,1
15a5996e-b2bf-482f-8c25-977e3dd77e20,6e8ca283-10c7-434c-826a-837f38ec5444,0.259626635877361,0.2,3.0,0.6464584276941028,0.2,0.6513768543337128,0.6342982912007427,1.0,2.0,2.0,0
15a5996e-b2bf-482f-8c25-977e3dd77e20,4590aaee-b789-46de-a082-c6807a962ec2,0.259626635877361,0.2,3.0,0.6464584276941028,1.0,0.9792453221449127,0.1694110619506124,1.0,5.0,6.0,0
15a5996e-b2bf-482f-8c25-977e3dd77e20,042f11d0-6ddd-4561-8c2c-5e00545a621e,0.259626635877361,0.2,3.0,0.6464584276941028,1.0,0.7872798003899497,0.9285445017428434,0.6,3.0,4.0,0
15a5996e-b2bf-482f-8c25-977e3dd77e20,c777c23f-b2f3-4f1d-bbea-1e7286fac786,0.259626635877361,0.2,3.0,0.6464584276941028,0.2,0.9597491309827612,0.04607692524933382,0.0,2.0,2.0,0
15a5996e-b2bf-482f-8c25-977e3dd77e20,bf1c16a4-e182-4ecc-8023-e458da60daac,0.259626635877361,0.2,3.0,0.6464584276941028,1.0,0.24964749169716674,0.6258043806862246,0.6,5.0,5.0,0
15a5996e-b2bf-482f-8c25-977e3dd77e20,3e8780dc-c7a9-4934-8e6f-110d379812e4,0.259626635877361,0.2,3.0,0.6464584276941028,1.0,0.5060570262278341,0.2300402347272693,0.6,4.0,2.0,0
15a5996e-b2bf-482f-8c25-977e3dd77e20,fc4acfb5-647c-49b2-9c8c-e8b0e4b17239,0.259626635877361,0.2,3.0,0.6464584276941028,0.6,0.9661698956227394,0.22641288621518874,0.0,1.0,3.0,0
15a5996e-b2bf-482f-8c25-977e3dd77e20,3e8780dc-c7a9-4934-8e6f-110d379812e4,0.259626635877361,0.2,3.0,0.6464584276941028,1.0,0.5060570262278341,0.2300402347272693,0.6,3.0,2.0,0
15a5996e-b2bf-482f-8c25-977e3dd77e20,0bc32369-5cc1-4c6e-9b9e-a0d6ad643532,0.259626635877361,0.2,3.0,0.6464584276941028,0.6,0.6337720175795309,0.5219080741476771,1.0,1.0,0.0,1
15a5996e-b2bf-482f-8c25-977e3dd77e20,6cef895f-06aa-4942-bedd-72fff31eb379,0.259626635877361,0.2,3.0,0.6464584276941028,0.2,0.8773089936408774,0.6446474280251517,1.0,3.0,3.0,0
15a5996e-b2bf-482f-8c25-977e3dd77e20,1f8de1f5-f4a5-410b-85f9-a2177b221fd0,0.259626635877361,0.2,3.0,0.6464584276941028,0.2,0.9355406398663405,0.9993664824422813,1.0,1.0,0.0,1
15a5996e-b2bf-482f-8c25-977e3dd77e20,8e97dadb-1a1b-42b9-ab2b-901aa2169415,0.259626635877361,0.2,3.0,0.6464584276941028,0.6,0.4258214568056816,0.9395878832020562,1.0,0.0,4.0,1
15a5996e-b2bf-482f-8c25-977e3dd77e20,bc2b645f-2327-4ce9-a2d2-c4dfb4c037a4,0.259626635877361,0.2,3.0,0.6464584276941028,0.6,0.565732669170513,0.9898859782322003,1.0,2.0,3.0,1
15a5996e-b2bf-482f-8c25-977e3dd77e20,fc4acfb5-647c-49b2-9c8c-e8b0e4b17239,0.259626635877361,0.2,3.0,0.6464584276941028,0.6,0.9661698956227394,0.22641288621518874,0.0,2.0,6.0,1
15a5996e-b2bf-482f-8c25-977e3dd77e20,29943de0-bf3c-49cd-84da-43ca10216d5a,0.259626635877361,0.2,3.0,0.6464584276941028,1.0,0.24742902261843305,0.882207830248756,0.0,5.0,2.0,0
15a5996e-b2bf-482f-8c25-977e3dd77e20,8c822518-d0dc-460d-93c7-d9d033a078ba,0.259626635877361,0.2,3.0,0.6464584276941028,1.0,0.5475099359609544,0.9553256935848943,1.0,5.0,4.0,0
15a5996e-b2bf-482f-8c25-977e3dd77e20,290546aa-9a27-44b0-96cf-1cbe5de0ac63,0.259626635877361,0.2,3.0,0.6464584276941028,0.2,0.8840031953521331,0.909469052204089,0.3,3.0,5.0,1
15a5996e-b2bf-482f-8c25-977e3dd77e20,90b5993b-1b5d-4363-8738-1f1566b34091,0.259626635877361,0.2,3.0,0.6464584276941028,0.2,0.20193175818065728,0.8491249460757495,1.0,5.0,4.0,1
15a5996e-b2bf-482f-8c25-977e3dd77e20,b76881f6-7f27-4c43-8ef9-41162752919f,0.259626635877361,0.2,3.0,0.6464584276941028,1.0,0.440401152269174,0.05205596231391263,0.0,1.0,1.0,1
15a5996e-b2bf-482f-8c25-977e3dd77e20,5145c478-0b39-4ab7-a906-e1b9735ba3ce,0.259626635877361,0.2,3.0,0.6464584276941028,0.6,0.8786936977058606,0.9587100682359623,1.0,0.0,5.0,0
15a5996e-b2bf-482f-8c25-977e3dd77e20,f4511c0e-1907-4564-85be-6208646f9403,0.259626635877361,0.2,3.0,0.6464584276941028,0.6,0.9737144331912416,0.8489993802384885,0.3,5.0,6.0,1
15a5996e-b2bf-482f-8c25-977e3dd77e20,33aa1631-5d42-4228-84c3-639ac72cf903,0.259626635877361,0.2,3.0,0.6464584276941028,1.0,0.20605411083785363,0.7031088164784068,0.3,1.0,4.0,0
15a5996e-b2bf-482f-8c25-977e3dd77e20,fb36e3d1-7446-45e0-9d41-48f394b60fa9,0.259626635877361,0.2,3.0,0.6464584276941028,0.6,0.6937735815060089,0.32932384475875576,0.0,5.0,6.0,1
15a5996e-b2bf-482f-8c25-977e3dd77e20,b1ef27f4-c212-4d80-95b3-1ccfcccee40b,0.259626635877361,0.2,3.0,0.6464584276941028,1.0,0.273179116013828,0.9075422104826739,1.0,2.0,4.0,0
15a5996e-b2bf-482f-8c25-977e3dd77e20,d8d30dac-fd61-48d1-8bf9-aa602ff08b1b,0.259626635877361,0.2,3.0,0.6464584276941028,0.6,0.5193853910130869,0.5025270481245171,0.0,3.0,0.0,1
15a5996e-b2bf-482f-8c25-977e3dd77e20,4eda28e3-9d9e-4f06-badb-0cb04245ce38,0.259626635877361,0.2,3.0,0.6464584276941028,0.6,0.2524816678776829,0.7419096525240588,0.6,0.0,0.0,1
15a5996e-b2bf-482f-8c25-977e3dd77e20,3fb0a35d-d0bf-4534-9f63-995064c4e8af,0.259626635877361,0.2,3.0,0.6464584276941028,0.2,0.4877773325800844,0.17627426660923395,0.3,1.0,0.0,0
15a5996e-b2bf-482f-8c25-977e3dd77e20,1fca9427-3cae-42d5-bed5-488302ac2459,0.259626635877361,0.2,3.0,0.6464584276941028,0.6,0.396450442114459,0.6699625843471093,0.0,3.0,5.0,0
15a5996e-b2bf-482f-8c25-977e3dd77e20,1448df8a-d98e-4341-b986-a8f8b8a384c2,0.259626635877361,0.2,3.0,0.6464584276941028,1.0,0.1288249955168966,0.3673497152563451,0.6,1.0,0.0,1
15a5996e-b2bf-482f-8c25-977e3dd77e20,18c8f5c0-62d6-4353-8121-04a82ac26ed8,0.259626635877361,0.2,3.0,0.6464584276941028,1.0,0.14611128000847454,0.5869443165834576,0.3,1.0,0.0,0
15a5996e-b2bf-482f-8c25-977e3dd77e20,5c628898-abde-4c5b-8dc9-253bfab0c323,0.259626635877361,0.2,3.0,0.6464584276941028,0.6,0.29562602483866546,0.8882279982692427,0.3,2.0,6.0,0
15a5996e-b2bf-482f-8c25-977e3dd77e20,19e80ef1-4224-4720-a093-1f15d029cdae,0.259626635877361,0.2,3.0,0.6464584276941028,1.0,0.8175424886601043,0.7192671703216541,0.6,2.0,3.0,0
15a5996e-b2bf-482f-8c25-977e3dd77e20,a17bf541-effa-44fe-bb93-e99cb560a113,0.259626635877361,0.2,3.0,0.6464584276941028,0.6,0.6843407970867683,0.1004271940167254,0.6,2.0,1.0,1
15a5996e-b2bf-482f-8c25-977e3dd77e20,b61ea83c-607e-45d0-8e7b-1b85dc0719bf,0.259626635877361,0.2,3.0,0.6464584276941028,0.2,0.48020855047645894,0.4947416007255965,1.0,1.0,6.0,1
15a5996e-b2bf-482f-8c25-977e3dd77e20,d72916bd-ef8f-4502-bba8-725c04f85a5f,0.259626635877361,0.2,3.0,0.6464584276941028,0.2,0.854828063402321,0.2603597878713769,0.0,2.0,3.0,1
15a5996e-b2bf-482f-8c25-977e3dd77e20,9ef9ff12-8bfc-4d55-ba1e-d4fa03792c95,0.259626635877361,0.2,3.0,0.6464584276941028,0.2,0.482599597367356,0.7341152293318791,0.0,3.0,0.0,0
15a5996e-b2bf-482f-8c25-977e3dd77e20,c3ccbfd0-fc33-4b81-bec0-7bb56f47c14f,0.259626635877361,0.2,3.0,0.6464584276941028,1.0,0.7957102117424933,0.04996005462064468,1.0,4.0,0.0,1
15a5996e-b2bf-482f-8c25-977e3dd77e20,06497e85-86a1-47f4-bbdd-a5f778924253,0.259626635877361,0.2,3.0,0.6464584276941028,0.2,0.19052222599951962,0.20137632619118384,0.3,2.0,2.0,1
df88c01a-35b6-4934-9513-eb29b5fc25d8,ca05174e-a4f7-4654-890c-a2d577d622a4,0.4913218149872299,1.0,19.0,0.3805497096520277,0.6,0.2772344656929614,0.3717860192537389,1.0,0.0,5.0,0
df88c01a-35b6-4934-9513-eb29b5fc25d8,8ed783a1-387d-4717-b5f7-15de4d9164c0,0.4913218149872299,1.0,19.0,0.3805497096520277,1.0,0.6957695377284588,0.9476351583956032,0.0,5.0,0.0,0
df88c01a-35b6-4934-9513-eb29b5fc25d8,dfb0809f-a08c-4519-85d0-1f790e6cd5d9,0.4913218149872299,1.0,19.0,0.3805497096520277,1.0,0.12996439027292325,0.8581884567519729,1.0,0.0,0.0,0
df88c01a-35b6-4934-9513-eb29b5fc25d8,5e05eec7-1e62-4d54-96f8-a536e832863a,0.4913218149872299,1.0,19.0,0.3805497096520277,0.2,0.99982637880827,0.7415351340320897,0.0,4.0,3.0,0
df88c01a-35b6-4934-9513-eb29b5fc25d8,9102dfee-3ffe-4500-abcd-856f5c7ba81a,0.4913218149872299,1.0,19.0,0.3805497096520277,0.2,0.14792713695477017,0.6300659561232757,1.0,3.0,0.0,0
df88c01a-35b6-4934-9513-eb29b5fc25d8,d1505a61-3c3b-4c86-a8ae-c4ab1a296525,0.4913218149872299,1.0,19.0,0.3805497096520277,1.0,0.5383907575441277,0.2096336099684688,0.6,5.0,4.0,0
df88c01a-35b6-4934-9513-eb29b5fc25d8,9ef9ff12-8bfc-4d55-ba1e-d4fa03792c95,0.4913218149872299,1.0,19.0,0.3805497096520277,0.2,0.482599597367356,0.7341152293318791,0.0,1.0,1.0,0
df88c01a-35b6-4934-9513-eb29b5fc25d8,8e97dadb-1a1b-42b9-ab2b-901aa2169415,0.4913218149872299,1.0,19.0,0.3805497096520277,0.6,0.4258214568056816,0.9395878832020562,1.0,1.0,6.0,1
df88c01a-35b6-4934-9513-eb29b5fc25d8,9f7ae8c9-dc90-4236-adb6-2109245d9021,0.4913218149872299,1.0,19.0,0.3805497096520277,0.6,0.8963101399292399,0.12506351553810924,0.0,2.0,4.0,0
df88c01a-35b6-4934-9513-eb29b5fc25d8,9102dfee-3ffe-4500-abcd-856f5c7ba81a,0.4913218149872299,1.0,19.0,0.3805497096520277,0.2,0.14792713695477017,0.6300659561232757,1.0,0.0,6.0,1
df88c01a-35b6-4934-9513-eb29b5fc25d8,8977ae1e-0308-44ae-a8c8-f83ca0744d63,0.4913218149872299,1.0,19.0,0.3805497096520277,0.6,0.8507600711322102,0.25582976206381436,0.6,3.0,4.0,1
df88c01a-35b6-4934-9513-eb29b5fc25d8,d96815d9-4db7-48f0-85a0-eddc3b7b916f,0.4913218149872299,1.0,19.0,0.3805497096520277,0.6,0.4536278778772145,0.0754688004112799,1.0,5.0,4.0,1
df88c01a-35b6-4934-9513-eb29b5fc25d8,7a3805f8-637d-41ce-ac78-d79938def8ea,0.4913218149872299,1.0,19.0,0.3805497096520277,0.2,0.6005977206832448,0.609661198171549,0.0,3.0,5.0,0
df88c01a-35b6-4934-9513-eb29b5fc25d8,7cae5725-f4a7-4615-ab21-00fad572f2f3,0.4913218149872299,1.0,19.0,0.3805497096520277,1.0,0.8991240703271256,0.15308566915688449,0.3,5.0,5.0,1
df88c01a-35b6-4934-9513-eb29b5fc25d8,99eca1c6-c6f2-4d74-a551-b71f85fad723,0.4913218149872299,1.0,19.0,0.3805497096520277,1.0,0.37557872113137425,0.6908530230033296,0.0,1.0,5.0,1
df88c01a-35b6-4934-9513-eb29b5fc25d8,94f447d1-ce40-4abc-9492-1b4fa652cdf8,0.4913218149872299,1.0,19.0,0.3805497096520277,0.2,0.7747992350688047,0.24068147068829215,1.0,2.0,5.0,1
df88c01a-35b6-4934-9513-eb29b5fc25d8,7b512031-30a6-4d3c-8e53-4acf4b15efd9,0.4913218149872299,1.0,19.0,0.3805497096520277,0.6,0.20961141822392887,0.22555703805048077,1.0,0.0,0.0,1
df88c01a-35b6-4934-9513-eb29b5fc25d8,f2b47773-ae1a-4e1a-83d1-6e1190805e45,0.4913218149872299,1.0,19.0,0.3805497096520277,0.2,0.47451581704366996,0.8941437054017293,0.0,2.0,5.0,0
df88c01a-35b6-4934-9513-eb29b5fc25d8,9ef9ff12-8bfc-4d55-ba1e-d4fa03792c95,0.4913218149872299,1.0,19.0,0.3805497096520277,0.2,0.482599597367356,0.7341152293318791,0.0,1.0,0.0,0
df88c01a-35b6-4934-9513-eb29b5fc25d8,1f8de1f5-f4a5-410b-85f9-a2177b221fd0,0.4913218149872299,1.0,19.0,0.3805497096520277,0.2,0.9355406398663405,0.9993664824422813,1.0,5.0,2.0,0
df88c01a-35b6-4934-9513-eb29b5fc25d8,c777c23f-b2f3-4f1d-bbea-1e7286fac786,0.4913218149872299,1.0,19.0,0.3805497096520277,0.2,0.9597491309827612,0.04607692524933382,0.0,0.0,4.0,0
df88c01a-35b6-4934-9513-eb29b5fc25d8,fccbd80d-e8cc-4cf0-adb9-85c0aa640f7f,0.4913218149872299,1.0,19.0,0.3805497096520277,1.0,0.7950919292205237,0.850748587791265,0.0,3.0,6.0,1
df88c01a-35b6-4934-9513-eb29b5fc25d8,d62328c7-3c09-4bff-896a-238934dcedc8,0.4913218149872299,1.0,19.0,0.3805497096520277,0.2,0.5544033125310288,0.572254789610878,1.0,0.0,5.0,1
df88c01a-35b6-4934-9513-eb29b5fc25d8,c2aa2f4b-31d0-4751-b78b-9bc94a917dd3,0.4913218149872299,1.0,19.0,0.3805497096520277,0.2,0.9632839642542039,0.47862263242291936,0.3,0.0,6.0,1
df88c01a-35b6-4934-9513-eb29b5fc25d8,7c786351-37ac-47a2-9542-40b90f3efee8,0.4913218149872299,1.0,19.0,0.3805497096520277,0.6,0.6561708102091133,0.18646349182808575,0.3,0.0,6.0,0
df88c01a-35b6-4934-9513-eb29b5fc25d8,43b70bae-10ef-4dc3-9f9b-b39a1eacb2d1,0.4913218149872299,1.0,19.0,0.3805497096520277,1.0,0.6227481543871835,0.008705213531018718,1.0,4.0,5.0,1
df88c01a-35b6-4934-9513-eb29b5fc25d8,7e095f22-5248-4ba3-b91c-aefd7470fd6a,0.4913218149872299,1.0,19.0,0.3805497096520277,0.6,0.520298671705361,0.6766771512956176,0.3,5.0,6.0,0
df88c01a-35b6-4934-9513-eb29b5fc25d8,d62328c7-3c09-4bff-896a-238934dcedc8,0.4913218149872299,1.0,19.0,0.3805497096520277,0.2,0.5544033125310288,0.572254789610878,1.0,5.0,6.0,1
df88c01a-35b6-4934-9513-eb29b5fc25d8,eab77546-5660-4b6f-8ed6-d113d4c924cb,0.4913218149872299,1.0,19.0,0.3805497096520277,0.6,0.6257718626796875,0.29583808895330166,0.0,0.0,3.0,0
df88c01a-35b6-4934-9513-eb29b5fc25d8,31a8a011-26d9-417f-9acd-2dc1aa620cb1,0.4913218149872299,1.0,19.0,0.3805497096520277,0.6,0.8578772412513512,0.31368145278296056,0.6,2.0,4.0,0
df88c01a-35b6-4934-9513-eb29b5fc25d8,723b0875-2f5c-406d-91ef-1ef6768c21e1,0.4913218149872299,1.0,19.0,0.3805497096520277,0.6,0.5865033881557733,0.9546606431143135,0.6,5.0,6.0,1
df88c01a-35b6-4934-9513-eb29b5fc25d8,e4e6b795-9ea2-4e67-a482-101b379e3dd3,0.4913218149872299,1.0,19.0,0.3805497096520277,0.6,0.7178715876853263,0.49460864618565403,0.0,0.0,5.0,1
df88c01a-35b6-4934-9513-eb29b5fc25d8,d1505a61-3c3b-4c86-a8ae-c4ab1a296525,0.4913218149872299,1.0,19.0,0.3805497096520277,1.0,0.5383907575441277,0.2096336099684688,0.6,3.0,4.0,1
df88c01a-35b6-4934-9513-eb29b5fc25d8,3ceffdd1-05b8-4296-8ead-87aa963b9836,0.4913218149872299,1.0,19.0,0.3805497096520277,1.0,0.4937077765458606,0.9078087859837904,0.3,3.0,4.0,0
df88c01a-35b6-4934-9513-eb29b5fc25d8,5c628898-abde-4c5b-8dc9-253bfab0c323,0.4913218149872299,1.0,19.0,0.3805497096520277,0.6,0.29562602483866546,0.8882279982692427,0.3,5.0,3.0,0
df88c01a-35b6-4934-9513-eb29b5fc25d8,7d674302-c495-4faa-b60b-2f991e7f10b1,0.4913218149872299,1.0,19.0,0.3805497096520277,0.6,0.6945598719886059,0.6688730857607941,1.0,5.0,2.0,0
df88c01a-35b6-4934-9513-eb29b5fc25d8,786a081e-bed1-4dd5-af8f-b24a2969db27,0.4913218149872299,1.0,19.0,0.3805497096520277,1.0,0.2204606202831086,0.8790686327551894,0.6,2.0,6.0,0
df88c01a-35b6-4934-9513-eb29b5fc25d8,8618c927-9c33-4057-8bfe-9828bd93601a,0.4913218149872299,1.0,19.0,0.3805497096520277,0.6,0.22804722680585615,0.021203888490483047,0.6,1.0,6.0,1
df88c01a-35b6-4934-9513-eb29b5fc25d8,1c71f507-dfea-4b96-86e6-8a12d5a0d8da,0.4913218149872299,1.0,19.0,0.3805497096520277,1.0,0.9354478790984506,0.6224732640307242,0.0,3.0,6.0,0
df88c01a-35b6-4934-9513-eb29b5fc25d8,f2b47773-ae1a-4e1a-83d1-6e1190805e45,0.4913218149872299,1.0,19.0,0.3805497096520277,0.2,0.47451581704366996,0.8941437054017293,0.0,1.0,6.0,0
809152c9-81a1-4031-baf4-d9484446c57d,667e3056-15dd-4db1-8e1b-b615cf4a3827,0.5658007745911524,0.6,14.0,0.43788250601390993,0.6,0.15606825708589728,0.7606037779959967,0.0,3.0,1.0,0
809152c9-81a1-4031-baf4-d9484446c57d,0b680785-5c4e-4ff3-90da-a95bdb6ddea3,0.5658007745911524,0.6,14.0,0.43788250601390993,1.0,0.9476882864447816,0.37902629176285674,0.0,0.0,4.0,1
809152c9-81a1-4031-baf4-d9484446c57d,9d28a4ed-19ea-45ff-8c87-cd755a39633c,0.5658007745911524,0.6,14.0,0.43788250601390993,1.0,0.9699569764835101,0.3864034459374597,1.0,1.0,6.0,0
809152c9-81a1-4031-baf4-d9484446c57d,94f447d1-ce40-4abc-9492-1b4fa652cdf8,0.5658007745911524,0.6,14.0,0.43788250601390993,0.2,0.7747992350688047,0.24068147068829215,1.0,0.0,4.0,0
809152c9-81a1-4031-baf4-d9484446c57d,85736eaa-5d46-446f-bc37-90664659af7c,0.5658007745911524,0.6,14.0,0.43788250601390993,0.2,0.5071632128531129,0.5363921784426651,0.3,5.0,0.0,0
809152c9-81a1-4031-baf4-d9484446c57d,85f2c72b-1210-493c-bae7-744c4b2353fc,0.5658007745911524,0.6,14.0,0.43788250601390993,0.6,0.5307520434712122,0.17871782093842026,1.0,3.0,6.0,0
809152c9-81a1-4031-baf4-d9484446c57d,b76881f6-7f27-4c43-8ef9-41162752919f,0.5658007745911524,0.6,14.0,0.43788250601390993,1.0,0.440401152269174,0.05205596231391263,0.0,4.0,0.0,1
809152c9-81a1-4031-baf4-d9484446c57d,dd23fd07-88e1-462e-bc3b-00e51b7428ff,0.5658007745911524,0.6,14.0,0.43788250601390993,0.2,0.9167390499607783,0.453942637731402,1.0,0.0,0.0,0
809152c9-81a1-4031-baf4-d9484446c57d,6059807a-e497-4a84-9074-8799b7986611,0.5658007745911524,0.6,14.0,0.43788250601390993,0.6,0.4781895633511416,0.7748754537301457,0.0,5.0,3.0,0
809152c9-81a1-4031-baf4-d9484446c57d,1975da03-cf78-4c90-a916-3660a489f0dc,0.5658007745911524,0.6,14.0,0.43788250601390993,0.6,0.4213481052285838,0.6693330773357604,0.6,5.0,5.0,1
809152c9-81a1-4031-baf4-d9484446c57d,694b0a7e-d4bd-489d-991e-0fc7e0b7eae9,0.5658007745911524,0.6,14.0,0.43788250601390993,0.6,0.3343722183141432,0.2359196929431705,1.0,3.0,6.0,1
809152c9-81a1-4031-baf4-d9484446c57d,dba04d24-2e37-4c46-ae54-9c34510dff1f,0.5658007745911524,0.6,14.0,0.43788250601390993,1.0,0.8419986133538263,0.7052929283686935,0.0,1.0,5.0,1
809152c9-81a1-4031-baf4-d9484446c57d,85a991a1-00c2-4f3b-a2f1-2edd3ed3c13b,0.5658007745911524,0.6,14.0,0.43788250601390993,0.6,0.885115810475927,0.053316349790826556,0.3,0.0,4.0,0
809152c9-81a1-4031-baf4-d9484446c57d,5145c478-0b39-4ab7-a906-e1b9735ba3ce,0.5658007745911524,0.6,14.0,0.43788250601390993,0.6,0.8786936977058606,0.9587100682359623,1.0,2.0,3.0,0
809152c9-81a1-4031-baf4-d9484446c57d,9ef9ff12-8bfc-4d55-ba1e-d4fa03792c95,0.5658007745911524,0.6,14.0,0.43788250601390993,0.2,0.482599597367356,0.7341152293318791,0.0,5.0,2.0,1
809152c9-81a1-4031-baf4-d9484446c57d,a86f1d29-fc0a-43b2-a5f5-1c81ea61e113,0.5658007745911524,0.6,14.0,0.43788250601390993,0.2,0.5459412758711781,0.9929580634194145,0.6,5.0,0.0,0
809152c9-81a1-4031-baf4-d9484446c57d,ad581338-27d8-4935-86c9-5f785bf435c2,0.5658007745911524,0.6,14.0,0.43788250601390993,1.0,0.3943185155107163,0.2811618959132587,0.3,0.0,2.0,0
809152c9-81a1-4031-baf4-d9484446c57d,fccbd80d-e8cc-4cf0-adb9-85c0aa640f7f,0.5658007745911524,0.6,14.0,0.43788250601390993,1.0,0.7950919292205237,0.850748587791265,0.0,1.0,2.0,0
809152c9-81a1-4031-baf4-d9484446c57d,6df290df-6194-497e-9997-fd6713e1435f,0.5658007745911524,0.6,14.0,0.43788250601390993,1.0,0.7637061762371852,0.8809980926459479,0.6,5.0,5.0,1
809152c9-81a1-4031-baf4-d9484446c57d,be9d36c1-5645-43bf-b29e-f59fe75b58fc,0.5658007745911524,0.6,14.0,0.43788250601390993,0.2,0.9631836571803765,0.9302866275169228,1.0,5.0,4.0,1
809152c9-81a1-4031-baf4-d9484446c57d,b9085332-b2b1-4b72-8021-b3b81398ce92,0.5658007745911524,0.6,14.0,0.43788250601390993,0.6,0.33544730729888195,0.5880404702366536,0.6,2.0,0.0,0
809152c9-81a1-4031-baf4-d9484446c57d,172d7aba-b1e9-40bf-b1cb-cf4e91d5184a,0.5658007745911524,0.6,14.0,0.43788250601390993,1.0,0.8526659690466724,0.6328103281975677,0.6,3.0,5.0,0
809152c9-81a1-4031-baf4-d9484446c57d,fccbd80d-e8cc-4cf0-adb9-85c0aa640f7f,0.5658007745911524,0.6,14.0,0.43788250601390993,1.0,0.7950919292205237,0.850748587791265,0.0,4.0,1.0,0
809152c9-81a1-4031-baf4-d9484446c57d,1c71f507-dfea-4b96-86e6-8a12d5a0d8da,0.5658007745911524,0.6,14.0,0.43788250601390993,1.0,0.9354478790984506,0.6224732640307242,0.0,2.0,4.0,0
809152c9-81a1-4031-baf4-d9484446c57d,6059807a-e497-4a84-9074-8799b7986611,0.5658007745911524,0.6,14.0,0.43788250601390993,0.6,0.4781895633511416,0.7748754537301457,0.0,3.0,4.0,0
809152c9-81a1-4031-baf4-d9484446c57d,e78aa463-4c6f-47dc-a5bb-968ac81532c7,0.5658007745911524,0.6,14.0,0.43788250601390993,0.6,0.961259998425001,0.14413543131777729,0.6,5.0,4.0,0
809152c9-81a1-4031-baf4-d9484446c57d,042f11d0-6ddd-4561-8c2c-5e00545a621e,0.5658007745911524,0.6,14.0,0.43788250601390993,1.0,0.7872798003899497,0.9285445017428434,0.6,3.0,4.0,0
809152c9-81a1-4031-baf4-d9484446c57d,1448df8a-d98e-4341-b986-a8f8b8a384c2,0.5658007745911524,0.6,14.0,0.43788250601390993,1.0,0.1288249955168966,0.3673497152563451,0.6,1.0,2.0,1
809152c9-81a1-4031-baf4-d9484446c57d,6a40cbad-655b-4606-9b92-d053c779e9a1,0.5658007745911524,0.6,14.0,0.43788250601390993,0.2,0.7251468800412657,0.941344002350994,0.0,4.0,1.0,1
809152c9-81a1-4031-baf4-d9484446c57d,3e8780dc-c7a9-4934-8e6f-110d379812e4,0.5658007745911524,0.6,14.0,0.43788250601390993,1.0,0.5060570262278341,0.2300402347272693,0.6,3.0,5.0,1
809152c9-81a1-4031-baf4-d9484446c57d,694b0a7e-d4bd-489d-991e-0fc7e0b7eae9,0.5658007745911524,0.6,14.0,0.43788250601390993,0.6,0.3343722183141432,0.2359196929431705,1.0,0.0,4.0,0
809152c9-81a1-4031-baf4-d9484446c57d,5939c634-d641-4ed7-8910-517780e88b75,0.5658007745911524,0.6,14.0,0.43788250601390993,0.6,0.7523652503478826,0.6850593430585846,0.3,4.0,1.0,1
809152c9-81a1-4031-baf4-d9484446c57d,547da744-4911-48fa-9b2f-1b550cf8ac17,0.5658007745911524,0.6,14.0,0.43788250601390993,1.0,0.45632620168229077,0.11858678619598295,1.0,1.0,5.0,0
809152c9-81a1-4031-baf4-d9484446c57d,2f70d43e-6f07-4505-9201-cce02cbbe2f9,0.5658007745911524,0.6,14.0,0.43788250601390993,0.2,0.9098855720694773,0.2703699432968346,0.0,4.0,1.0,0
809152c9-81a1-4031-baf4-d9484446c57d,be9d36c1-5645-43bf-b29e-f59fe75b58fc,0.5658007745911524,0.6,14.0,0.43788250601390993,0.2,0.9631836571803765,0.9302866275169228,1.0,1.0,4.0,0
809152c9-81a1-4031-baf4-d9484446c57d,2f70d43e-6f07-4505-9201-cce02cbbe2f9,0.5658007745911524,0.6,14.0,0.43788250601390993,0.2,0.9098855720694773,0.2703699432968346,0.0,2.0,1.0,0
809152c9-81a1-4031-baf4-d9484446c57d,225af4bb-7dea-491a-b6ce-984e91ad99bf,0.5658007745911524,0.6,14.0,0.43788250601390993,0.2,0.954287099322196,0.3931698082459284,0.3,3.0,5.0,1
809152c9-81a1-4031-baf4-d9484446c57d,775861d5-545e-4ddf-b332-3aabb9bd0e76,0.5658007745911524,0.6,14.0,0.43788250601390993,1.0,0.8513642364331833,0.05300666587800451,0.6,4.0,3.0,0
809152c9-81a1-4031-baf4-d9484446c57d,7c817b5c-6572-44b4-8692-fb0a6e6339be,0.5658007745911524,0.6,14.0,0.43788250601390993,1.0,0.5648788196988385,0.6966139096390322,0.6,1.0,4.0,0
809152c9-81a1-4031-baf4-d9484446c57d,6720ccab-682e-40ac-9103-5e1a7cedc597,0.5658007745911524,0.6,14.0,0.43788250601390993,1.0,0.34528416725327743,0.5038671262185984,1.0,2.0,5.0,0
6f28ae4c-af42-461d-ac34-af3846aa2b14,8618c927-9c33-4057-8bfe-9828bd93601a,0.611967597104772,0.6,9.0,0.6549035764993866,0.6,0.22804722680585615,0.021203888490483047,0.6,1.0,6.0,0
6f28ae4c-af42-461d-ac34-af3846aa2b14,d1505a61-3c3b-4c86-a8ae-c4ab1a296525,0.611967597104772,0.6,9.0,0.6549035764993866,1.0,0.5383907575441277,0.2096336099684688,0.6,3.0,5.0,0
6f28ae4c-af42-461d-ac34-af3846aa2b14,b972f906-99a3-4c64-8a3c-52215d80d34b,0.611967597104772,0.6,9.0,0.6549035764993866,0.2,0.7557609477960204,0.33890958121625947,0.3,1.0,4.0,1
6f28ae4c-af42-461d-ac34-af3846aa2b14,72e21539-04f0-470f-b69d-9a418f7ff37b,0.611967597104772,0.6,9.0,0.6549035764993866,0.2,0.6144010067276086,0.8682015664155024,0.6,2.0,6.0,1
6f28ae4c-af42-461d-ac34-af3846aa2b14,7b512031-30a6-4d3c-8e53-4acf4b15efd9,0.611967597104772,0.6,9.0,0.6549035764993866,0.6,0.20961141822392887,0.22555703805048077,1.0,2.0,3.0,1
6f28ae4c-af42-461d-ac34-af3846aa2b14,1fca9427-3cae-42d5-bed5-488302ac2459,0.611967597104772,0.6,9.0,0.6549035764993866,0.6,0.396450442114459,0.6699625843471093,0.0,4.0,0.0,1
6f28ae4c-af42-461d-ac34-af3846aa2b14,c0831cb8-2671-4f2e-9498-e74d21da6f33,0.611967597104772,0.6,9.0,0.6549035764993866,0.2,0.678838712580165,0.49622340240440477,1.0,5.0,2.0,0
6f28ae4c-af42-461d-ac34-af3846aa2b14,4e038b59-7940-4187-89a4-aa8900eb4584,0.611967597104772,0.6,9.0,0.6549035764993866,0.6,0.8162686834681103,0.09548613580741361,0.3,2.0,1.0,0
6f28ae4c-af42-461d-ac34-af3846aa2b14,e4e6b795-9ea2-4e67-a482-101b379e3dd3,0.611967597104772,0.6,9.0,0.6549035764993866,0.6,0.7178715876853263,0.49460864618565403,0.0,5.0,2.0,1
6f28ae4c-af42-461d-ac34-af3846aa2b14,21197103-286c-4e08-8f2e-e1f0c1aa4b65,0.611967597104772,0.6,9.0,0.6549035764993866,0.2,0.974231980237957,0.8883695246489081,0.6,3.0,1.0,1
6f28ae4c-af42-461d-ac34-af3846aa2b14,4b00903d-63e9-4414-b21a-341b0a8b4f74,0.611967597104772,0.6,9.0,0.6549035764993866,0.2,0.6633655398442496,0.5256274218571385,0.0,5.0,6.0,1
6f28ae4c-af42-461d-ac34-af3846aa2b14,e02821d5-6c11-48d3-9e5a-ab797cf10dfd,0.611967597104772,0.6,9.0,0.6549035764993866,0.2,0.30278131508958317,0.8518530351666224,0.6,3.0,5.0,1
6f28ae4c-af42-461d-ac34-af3846aa2b14,7d674302-c495-4faa-b60b-2f991e7f10b1,0.611967597104772,0.6,9.0,0.6549035764993866,0.6,0.6945598719886059,0.6688730857607941,1.0,1.0,1.0,1
6f28ae4c-af42-461d-ac34-af3846aa2b14,87a7aeb8-bf34-460e-bb3c-fbe35cf1ef81,0.611967597104772,0.6,9.0,0.6549035764993866,1.0,0.7885085605778664,0.825897641598029,0.6,3.0,0.0,0
6f28ae4c-af42-461d-ac34-af3846aa2b14,4590aaee-b789-46de-a082-c6807a962ec2,0.611967597104772,0.6,9.0,0.6549035764993866,1.0,0.9792453221449127,0.1694110619506124,1.0,0.0,3.0,1
6f28ae4c-af42-461d-ac34-af3846aa2b14,b5455ff3-4469-4b08-b2d0-3b4b8a9faa28,0.611967597104772,0.6,9.0,0.6549035764993866,0.2,0.8168045396107254,0.12498281746751883,0.3,5.0,2.0,1
6f28ae4c-af42-461d-ac34-af3846aa2b14,f32bd05f-f328-4f1a-be52-e7eeae8d75e8,0.611967597104772,0.6,9.0,0.6549035764993866,1.0,0.7522989076063284,0.09818661644669102,0.3,0.0,2.0,0
6f28ae4c-af42-461d-ac34-af3846aa2b14,8ed783a1-387d-4717-b5f7-15de4d9164c0,0.611967597104772,0.6,9.0,0.6549035764993866,1.0,0.6957695377284588,0.9476351583956032,0.0,2.0,4.0,1
6f28ae4c-af42-461d-ac34-af3846aa2b14,5939c634-d641-4ed7-8910-517780e88b75,0.611967597104772,0.6,9.0,0.6549035764993866,0.6,0.7523652503478826,0.6850593430585846,0.3,1.0,0.0,1
6f28ae4c-af42-461d-ac34-af3846aa2b14,172d7aba-b1e9-40bf-b1cb-cf4e91d5184a,0.611967597104772,0.6,9.0,0.6549035764993866,1.0,0.8526659690466724,0.6328103281975677,0.6,0.0,4.0,0
6f28ae4c-af42-461d-ac34-af3846aa2b14,9f019ca3-6a4d-4f1c-8cfd-4fc983011cd8,0.611967597104772,0.6,9.0,0.6549035764993866,0.6,0.8592879525285462,0.4771610349793223,0.6,4.0,4.0,1
6f28ae4c-af42-461d-ac34-af3846aa2b14,b02c207c-3d8f-47d1-94d5-ea09db74e5c8,0.611967597104772,0.6,9.0,0.6549035764993866,0.6,0.3575527172065134,0.7990422256936793,0.3,5.0,4.0,1
6f28ae4c-af42-461d-ac34-af3846aa2b14,667e3056-15dd-4db1-8e1b-b615cf4a3827,0.611967597104772,0.6,9.0,0.6549035764993866,0.6,0.15606825708589728,0.7606037779959967,0.0,1.0,4.0,1
6f28ae4c-af42-461d-ac34-af3846aa2b14,f4511c0e-1907-4564-85be-6208646f9403,0.611967597104772,0.6,9.0,0.6549035764993866,0.6,0.9737144331912416,0.8489993802384885,0.3,0.0,0.0,0
6f28ae4c-af42-461d-ac34-af3846aa2b14,2e62bb91-bbcc-427c-86f2-60487a06e1ea,0.611967597104772,0.6,9.0,0.6549035764993866,0.6,0.9970298553106509,0.5346422845071757,0.3,2.0,3.0,1
6f28ae4c-af42-461d-ac34-af3846aa2b14,4b297a66-3334-402c-af3b-f9ee2b621b0b,0.611967597104772,0.6,9.0,0.6549035764993866,0.2,0.16180119098371584,0.2582859429792861,0.0,3.0,2.0,0
6f28ae4c-af42-461d-ac34-af3846aa2b14,684277da-f62a-49f6-b09e-1b7e786c463b,0.611967597104772,0.6,9.0,0.6549035764993866,1.0,0.457984105173436,0.7791379129900283,0.6,3.0,1.0,0
6f28ae4c-af42-461d-ac34-af3846aa2b14,160450d5-9356-496d-a71d-78413a2828c7,0.611967597104772,0.6,9.0,0.6549035764993866,0.2,0.6437789001540966,0.8506322574276396,1.0,2.0,3.0,1
6f28ae4c-af42-461d-ac34-af3846aa2b14,225af4bb-7dea-491a-b6ce-984e91ad99bf,0.611967597104772,0.6,9.0,0.6549035764993866,0.2,0.954287099322196,0.3931698082459284,0.3,0.0,6.0,0
6f28ae4c-af42-461d-ac34-af3846aa2b14,3e875754-69cd-4fee-94a5-57d6da42ef91,0.611967597104772,0.6,9.0,0.6549035764993866,0.2,0.2450411346868676,0.8598019829721676,0.3,4.0,5.0,1
6f28ae4c-af42-461d-ac34-af3846aa2b14,122cf437-7436-42ed-ba9f-fd1238cad94f,0.611967597104772,0.6,9.0,0.6549035764993866,0.6,0.7296624097080157,0.24684751428984442,0.6,4.0,2.0,0
6f28ae4c-af42-461d-ac34-af3846aa2b14,d1505a61-3c3b-4c86-a8ae-c4ab1a296525,0.611967597104772,0.6,9.0,0.6549035764993866,1.0,0.5383907575441277,0.2096336099684688,0.6,3.0,1.0,1
6f28ae4c-af42-461d-ac34-af3846aa2b14,c5beb2bc-7876-4318-b66a-dab1f0815f72,0.611967597104772,0.6,9.0,0.6549035764993866,0.6,0.40881718791361676,0.5939586390142232,0.0,3.0,0.0,0
6f28ae4c-af42-461d-ac34-af3846aa2b14,09a8b01c-9886-431b-860f-484d959f9fd8,0.611967597104772,0.6,9.0,0.6549035764993866,0.2,0.7949409365509817,0.650881327422057,0.0,2.0,3.0,0
6f28ae4c-af42-461d-ac34-af3846aa2b14,7bf57e1f-8d6e-4525-9822-40fe99cb92db,0.611967597104772,0.6,9.0,0.6549035764993866,0.6,0.646849787279288,0.8371345930324872,0.6,3.0,0.0,1
6f28ae4c-af42-461d-ac34-af3846aa2b14,8618c927-9c33-4057-8bfe-9828bd93601a,0.611967597104772,0.6,9.0,0.6549035764993866,0.6,0.22804722680585615,0.021203888490483047,0.6,4.0,6.0,1
6f28ae4c-af42-461d-ac34-af3846aa2b14,2f2c32fa-6e32-4764-b476-b6f9b3cc5cd7,0.611967597104772,0.6,9.0,0.6549035764993866,0.2,0.13396258547827183,0.29306867008666404,0.0,2.0,0.0,1
6f28ae4c-af42-461d-ac34-af3846aa2b14,b1ecfa5c-68a1-4a8a-846a-dfb97027e1f6,0.611967597104772,0.6,9.0,0.6549035764993866,0.6,0.47396075244655456,0.7794108057492125,1.0,2.0,5.0,1
6f28ae4c-af42-461d-ac34-af3846aa2b14,7a3805f8-637d-41ce-ac78-d79938def8ea,0.611967597104772,0.6,9.0,0.6549035764993866,0.2,0.6005977206832448,0.609661198171549,0.0,0.0,1.0,0
6f28ae4c-af42-461d-ac34-af3846aa2b14,3feb240a-54de-4548-9d6d-6b68da72c588,0.611967597104772,0.6,9.0,0.6549035764993866,0.6,0.3534939575862086,0.46875086538360267,0.6,2.0,3.0,0
3168e633-79bd-4603-9b83-c8e6941cf3cc,153e892c-7403-48b3-b3e5-7a4444a6af33,0.2421612130607786,1.0,3.0,0.9580721602603024,1.0,0.268440635924974,0.5517497858340187,0.3,3.0,2.0,1
3168e633-79bd-4603-9b83-c8e6941cf3cc,7cae5725-f4a7-4615-ab21-00fad572f2f3,0.2421612130607786,1.0,3.0,0.9580721602603024,1.0,0.8991240703271256,0.15308566915688449,0.3,2.0,0.0,0
3168e633-79bd-4603-9b83-c8e6941cf3cc,fda140a2-2654-463e-a825-e101e2f7921b,0.2421612130607786,1.0,3.0,0.9580721602603024,0.2,0.3998020556294877,0.9744658783076392,0.0,3.0,2.0,1
3168e633-79bd-4603-9b83-c8e6941cf3cc,c65f2822-55d3-4e67-b0e3-dcb7ed48c4fc,0.2421612130607786,1.0,3.0,0.9580721602603024,0.2,0.5969201348829377,0.6751594254540361,0.3,2.0,4.0,1
3168e633-79bd-4603-9b83-c8e6941cf3cc,4fdb3305-ba7f-45fd-908f-aee1f36874a7,0.2421612130607786,1.0,3.0,0.9580721602603024,0.2,0.9186809012161644,0.8525202868433427,1.0,5.0,6.0,1
3168e633-79bd-4603-9b83-c8e6941cf3cc,72e21539-04f0-470f-b69d-9a418f7ff37b,0.2421612130607786,1.0,3.0,0.9580721602603024,0.2,0.6144010067276086,0.8682015664155024,0.6,5.0,4.0,1
3168e633-79bd-4603-9b83-c8e6941cf3cc,8ed783a1-387d-4717-b5f7-15de4d9164c0,0.2421612130607786,1.0,3.0,0.9580721602603024,1.0,0.6957695377284588,0.9476351583956032,0.0,4.0,1.0,0
3168e633-79bd-4603-9b83-c8e6941cf3cc,7a3805f8-637d-41ce-ac78-d79938def8ea,0.2421612130607786,1.0,3.0,0.9580721602603024,0.2,0.6005977206832448,0.609661198171549,0.0,5.0,6.0,1
3168e633-79bd-4603-9b83-c8e6941cf3cc,d879a756-cb6b-4026-a00a-656051801b5f,0.2421612130607786,1.0,3.0,0.9580721602603024,1.0,0.19670829855613808,0.6495454402345533,1.0,4.0,6.0,0
3168e633-79bd-4603-9b83-c8e6941cf3cc,b61ea83c-607e-45d0-8e7b-1b85dc0719bf,0.2421612130607786,1.0,3.0,0.9580721602603024,0.2,0.48020855047645894,0.4947416007255965,1.0,1.0,4.0,1
3168e633-79bd-4603-9b83-c8e6941cf3cc,3fb0a35d-d0bf-4534-9f63-995064c4e8af,0.2421612130607786,1.0,3.0,0.9580721602603024,0.2,0.4877773325800844,0.17627426660923395,0.3,0.0,2.0,1
3168e633-79bd-4603-9b83-c8e6941cf3cc,d879a756-cb6b-4026-a00a-656051801b5f,0.2421612130607786,1.0,3.0,0.9580721602603024,1.0,0.19670829855613808,0.6495454402345533,1.0,1.0,6.0,1
3168e633-79bd-4603-9b83-c8e6941cf3cc,61ae4cd0-4feb-4315-9993-55959a8ab125,0.2421612130607786,1.0,3.0,0.9580721602603024,0.6,0.5247340762216478,0.34315624408831924,0.0,4.0,4.0,1
3168e633-79bd-4603-9b83-c8e6941cf3cc,43b70bae-10ef-4dc3-9f9b-b39a1eacb2d1,0.2421612130607786,1.0,3.0,0.9580721602603024,1.0,0.6227481543871835,0.008705213531018718,1.0,3.0,2.0,0
3168e633-79bd-4603-9b83-c8e6941cf3cc,a8daf424-06ed-42c5-99ea-74a1e01591a9,0.2421612130607786,1.0,3.0,0.9580721602603024,0.6,0.6995840419204985,0.5852213104701965,0.0,5.0,0.0,1
3168e633-79bd-4603-9b83-c8e6941cf3cc,6c5eaa38-0652-4762-8f1b-fcb80dbf8936,0.2421612130607786,1.0,3.0,0.9580721602603024,0.6,0.23950518641691337,0.7304636636619138,0.6,1.0,0.0,1
3168e633-79bd-4603-9b83-c8e6941cf3cc,6194ece5-783c-4da7-bdc5-d5536c904afd,0.2421612130607786,1.0,3.0,0.9580721602603024,0.6,0.6048572623235224,0.928472011746639,0.3,5.0,2.0,0
3168e633-79bd-4603-9b83-c8e6941cf3cc,319d65cc-35fb-4fd2-8d36-0aaeae8c1599,0.2421612130607786,1.0,3.0,0.9580721602603024,0.2,0.3492163442071033,0.6358648613159886,0.3,4.0,3.0,1
3168e633-79bd-4603-9b83-c8e6941cf3cc,425b9a2c-d3c2-418b-8da0-71ea5c07dd63,0.2421612130607786,1.0,3.0,0.9580721602603024,0.2,0.5351171693089606,0.9651204126148089,0.0,0.0,5.0,1
3168e633-79bd-4603-9b83-c8e6941cf3cc,1448df8a-d98e-4341-b986-a8f8b8a384c2,0.2421612130607786,1.0,3.0,0.9580721602603024,1.0,0.1288249955168966,0.3673497152563451,0.6,1.0,5.0,0
3168e633-79bd-4603-9b83-c8e6941cf3cc,1e4deb48-10af-482d-89be-a40b3cfa6237,0.2421612130607786,1.0,3.0,0.9580721602603024,0.2,0.45812006017454143,0.5670116153989458,0.0,4.0,0.0,1
3168e633-79bd-4603-9b83-c8e6941cf3cc,4ba8e189-dadf-4dd5-b53d-7c4e20e6a1b9,0.2421612130607786,1.0,3.0,0.9580721602603024,1.0,0.4261308026245366,0.5885791737632688,0.3,5.0,5.0,0
3168e633-79bd-4603-9b83-c8e6941cf3cc,0764c1e1-84c4-4344-814b-56f447356699,0.2421612130607786,1.0,3.0,0.9580721602603024,0.2,0.36478434898577183,0.31372887152086304,0.3,1.0,6.0,1
3168e633-79bd-4603-9b83-c8e6941cf3cc,9d28a4ed-19ea-45ff-8c87-cd755a39633c,0.2421612130607786,1.0,3.0,0.9580721602603024,1.0,0.9699569764835101,0.3864034459374597,1.0,0.0,0.0,0
3168e633-79bd-4603-9b83-c8e6941cf3cc,34df5d01-15ed-49be-beaf-1edba5ce73f3,0.2421612130607786,1.0,3.0,0.9580721602603024,0.2,0.570771685431961,0.8647552667165631,0.3,1.0,0.0,0
3168e633-79bd-4603-9b83-c8e6941cf3cc,42438319-d9cd-4491-91c4-7e8df4051b62,0.2421612130607786,1.0,3.0,0.9580721602603024,0.2,0.6023180626659986,0.9806347370894578,0.0,1.0,1.0,1
3168e633-79bd-4603-9b83-c8e6941cf3cc,d05c6a73-7fda-4aba-88c3-900cedb6b9a6,0.2421612130607786,1.0,3.0,0.9580721602603024,0.6,0.37465691625557584,0.04502897108590176,0.0,5.0,1.0,0
3168e633-79bd-4603-9b83-c8e6941cf3cc,b30a4759-4017-4c73-a262-ebb3da889ea2,0.2421612130607786,1.0,3.0,0.9580721602603024,0.2,0.2824565624064378,0.9351062106319883,1.0,3.0,1.0,1
3168e633-79bd-4603-9b83-c8e6941cf3cc,6a40cbad-655b-4606-9b92-d053c779e9a1,0.2421612130607786,1.0,3.0,0.9580721602603024,0.2,0.7251468800412657,0.941344002350994,0.0,5.0,1.0,1
3168e633-79bd-4603-9b83-c8e6941cf3cc,ca05174e-a4f7-4654-890c-a2d577d622a4,0.2421612130607786,1.0,3.0,0.9580721602603024,0.6,0.2772344656929614,0.3717860192537389,1.0,2.0,1.0,0
3168e633-79bd-4603-9b83-c8e6941cf3cc,0bc32369-5cc1-4c6e-9b9e-a0d6ad643532,0.2421612130607786,1.0,3.0,0.9580721602603024,0.6,0.6337720175795309,0.5219080741476771,1.0,1.0,1.0,1
3168e633-79bd-4603-9b83-c8e6941cf3cc,06f5b296-916f-4c42-aec7-d6f62bba9d9b,0.2421612130607786,1.0,3.0,0.9580721602603024,0.2,0.3223108679637023,0.4183220717622109,1.0,3.0,3.0,1
3168e633-79bd-4603-9b83-c8e6941cf3cc,10061fb7-f1ca-4d39-a324-536b4bc6d836,0.2421612130607786,1.0,3.0,0.9580721602603024,0.2,0.618739880361464,0.7410470610420968,1.0,4.0,5.0,0
3168e633-79bd-4603-9b83-c8e6941cf3cc,79cb3b8e-aafa-418e-97aa-f7fdcb3d6c58,0.2421612130607786,1.0,3.0,0.9580721602603024,0.2,0.3730266808058288,0.7752357696427774,0.3,3.0,5.0,0
3168e633-79bd-4603-9b83-c8e6941cf3cc,bf1c16a4-e182-4ecc-8023-e458da60daac,0.2421612130607786,1.0,3.0,0.9580721602603024,1.0,0.24964749169716674,0.6258043806862246,0.6,3.0,2.0,0
3168e633-79bd-4603-9b83-c8e6941cf3cc,6059807a-e497-4a84-9074-8799b7986611,0.2421612130607786,1.0,3.0,0.9580721602603024,0.6,0.4781895633511416,0.7748754537301457,0.0,3.0,6.0,1
3168e633-79bd-4603-9b83-c8e6941cf3cc,c3ccbfd0-fc33-4b81-bec0-7bb56f47c14f,0.2421612130607786,1.0,3.0,0.9580721602603024,1.0,0.7957102117424933,0.04996005462064468,1.0,1.0,6.0,0
3168e633-79bd-4603-9b83-c8e6941cf3cc,85736eaa-5d46-446f-bc37-90664659af7c,0.2421612130607786,1.0,3.0,0.9580721602603024,0.2,0.5071632128531129,0.5363921784426651,0.3,1.0,6.0,1
3168e633-79bd-4603-9b83-c8e6941cf3cc,9f7ae8c9-dc90-4236-adb6-2109245d9021,0.2421612130607786,1.0,3.0,0.9580721602603024,0.6,0.8963101399292399,0.12506351553810924,0.0,0.0,0.0,0
3168e633-79bd-4603-9b83-c8e6941cf3cc,e3e4e158-1e76-4fc3-a85b-e05b8b8a0ccb,0.2421612130607786,1.0,3.0,0.9580721602603024,0.6,0.639410932283415,0.2933005026004223,0.0,1.0,2.0,0
a3a8dcd5-6e96-4285-8e8b-e53864ad6813,34df5d01-15ed-49be-beaf-1edba5ce73f3,0.34545153407648593,0.2,8.0,0.7283425097536294,0.2,0.570771685431961,0.8647552667165631,0.3,2.0,2.0,1
a3a8dcd5-6e96-4285-8e8b-e53864ad6813,94f447d1-ce40-4abc-9492-1b4fa652cdf8,0.34545153407648593,0.2,8.0,0.7283425097536294,0.2,0.7747992350688047,0.24068147068829215,1.0,3.0,5.0,0
a3a8dcd5-6e96-4285-8e8b-e53864ad6813,8d5761d4-efd9-4f9b-a561-e385778a1505,0.34545153407648593,0.2,8.0,0.7283425097536294,0.2,0.5667301021003356,0.19240837052962323,0.3,4.0,1.0,0
a3a8dcd5-6e96-4285-8e8b-e53864ad6813,5e04770f-4a25-48a2-ad93-cef1ed97d455,0.34545153407648593,0.2,8.0,0.7283425097536294,1.0,0.6810890391339975,0.862719881758954,0.3,4.0,4.0,1
a3a8dcd5-6e96-4285-8e8b-e53864ad6813,1e7d8873-b56a-4886-a1ad-5de73c350f8e,0.34545153407648593,0.2,8.0,0.7283425097536294,0.6,0.39376459292746124,0.062329554128436215,0.6,5.0,0.0,1
a3a8dcd5-6e96-4285-8e8b-e53864ad6813,6cef895f-06aa-4942-bedd-72fff31eb379,0.34545153407648593,0.2,8.0,0.7283425097536294,0.2,0.8773089936408774,0.6446474280251517,1.0,4.0,1.0,1
a3a8dcd5-6e96-4285-8e8b-e53864ad6813,768074f2-fa60-4a87-b7e9-0fe45c042ba8,0.34545153407648593,0.2,8.0,0.7283425097536294,0.6,0.44816631031351084,0.885378023796285,0.0,3.0,4.0,0
a3a8dcd5-6e96-4285-8e8b-e53864ad6813,2f70d43e-6f07-4505-9201-cce02cbbe2f9,0.34545153407648593,0.2,8.0,0.7283425097536294,0.2,0.9098855720694773,0.2703699432968346,0.0,5.0,0.0,0
a3a8dcd5-6e96-4285-8e8b-e53864ad6813,84c440d3-55ef-46aa-abeb-ca96e8632be9,0.34545153407648593,0.2,8.0,0.7283425097536294,0.6,0.5539423499120992,0.05768859541460958,0.6,2.0,3.0,1
a3a8dcd5-6e96-4285-8e8b-e53864ad6813,ab31027b-1533-4573-87ee-591c4e74f603,0.34545153407648593,0.2,8.0,0.7283425097536294,0.2,0.13414284675556443,0.8188515466757538,1.0,4.0,4.0,1
a3a8dcd5-6e96-4285-8e8b-e53864ad6813,6a40cbad-655b-4606-9b92-d053c779e9a1,0.34545153407648593,0.2,8.0,0.7283425097536294,0.2,0.7251468800412657,0.941344002350994,0.0,5.0,3.0,1
a3a8dcd5-6e96-4285-8e8b-e53864ad6813,6a40cbad-655b-4606-9b92-d053c779e9a1,0.34545153407648593,0.2,8.0,0.7283425097536294,0.2,0.7251468800412657,0.941344002350994,0.0,5.0,1.0,1
a3a8dcd5-6e96-4285-8e8b-e53864ad6813,dd23fd07-88e1-462e-bc3b-00e51b7428ff,0.34545153407648593,0.2,8.0,0.7283425097536294,0.2,0.9167390499607783,0.453942637731402,1.0,5.0,0.0,0
a3a8dcd5-6e96-4285-8e8b-e53864ad6813,19d3638b-3623-485e-a7a3-bed4ec53eb28,0.34545153407648593,0.2,8.0,0.7283425097536294,0.2,0.22255292506683805,0.2999183439789205,0.0,3.0,3.0,0
a3a8dcd5-6e96-4285-8e8b-e53864ad6813,1dbb57c0-dbf1-4996-b33e-610ff0e1a4c5,0.34545153407648593,0.2,8.0,0.7283425097536294,0.2,0.6520298599863723,0.91316722678243,1.0,2.0,4.0,1
a3a8dcd5-6e96-4285-8e8b-e53864ad6813,c0fc8404-31a2-4e51-8d19-2dec5d8f3a52,0.34545153407648593,0.2,8.0,0.7283425097536294,1.0,0.7233296207802987,0.9797696833559353,1.0,1.0,6.0,0
a3a8dcd5-6e96-4285-8e8b-e53864ad6813,663e97bc-95a7-41b9-9e8e-0aaa991d7522,0.34545153407648593,0.2,8.0,0.7283425097536294,0.2,0.45979536292483636,0.25030114523410607,1.0,5.0,3.0,1
a3a8dcd5-6e96-4285-8e8b-e53864ad6813,4df06409-5880-4fd2-840e-02e90385cc4e,0.34545153407648593,0.2,8.0,0.7283425097536294,1.0,0.19470747542775022,0.6843276576228667,0.0,0.0,6.0,0
a3a8dcd5-6e96-4285-8e8b-e53864ad6813,3ceffdd1-05b8-4296-8ead-87aa963b9836,0.34545153407648593,0.2,8.0,0.7283425097536294,1.0,0.4937077765458606,0.9078087859837904,0.3,4.0,6.0,0
a3a8dcd5-6e96-4285-8e8b-e53864ad6813,68ffa0bd-b298-4476-a51a-141035550fd6,0.34545153407648593,0.2,8.0,0.7283425097536294,1.0,0.7873450415195071,0.20198131932556307,0.3,2.0,5.0,0
a3a8dcd5-6e96-4285-8e8b-e53864ad6813,db87c9f7-0d43-43e7-bfc8-10a75114f27b,0.34545153407648593,0.2,8.0,0.7283425097536294,1.0,0.5554553024932305,0.03495342538664914,0.6,2.0,2.0,0
a3a8dcd5-6e96-4285-8e8b-e53864ad6813,2e62bb91-bbcc-427c-86f2-60487a06e1ea,0.34545153407648593,0.2,8.0,0.7283425097536294,0.6,0.9970298553106509,0.5346422845071757,0.3,5.0,0.0,0
a3a8dcd5-6e96-4285-8e8b-e53864ad6813,e8099b2a-0582-4c26-a562-02489ef37a4d,0.34545153407648593,0.2,8.0,0.7283425097536294,1.0,0.5135230437741315,0.3765636685032894,1.0,2.0,0.0,1
a3a8dcd5-6e96-4285-8e8b-e53864ad6813,3586835a-4f05-4964-8ca1-2138cebf95a6,0.34545153407648593,0.2,8.0,0.7283425097536294,1.0,0.6521758610516846,0.9475221766685487,0.0,0.0,5.0,0
a3a8dcd5-6e96-4285-8e8b-e53864ad6813,9d28a4ed-19ea-45ff-8c87-cd755a39633c,0.34545153407648593,0.2,8.0,0.7283425097536294,1.0,0.9699569764835101,0.3864034459374597,1.0,4.0,3.0,0
a3a8dcd5-6e96-4285-8e8b-e53864ad6813,2ab0f7b1-b672-4fd3-bf9d-b9435c307791,0.34545153407648593,0.2,8.0,0.7283425097536294,0.6,0.4930337984475558,0.8483250712740258,0.6,3.0,1.0,1
a3a8dcd5-6e96-4285-8e8b-e53864ad6813,1b648ad6-0817-4f80-a7aa-9a94a583454e,0.34545153407648593,0.2,8.0,0.7283425097536294,1.0,0.9167464792916038,0.10114468166917334,0.0,2.0,5.0,1
a3a8dcd5-6e96-4285-8e8b-e53864ad6813,723b0875-2f5c-406d-91ef-1ef6768c21e1,0.34545153407648593,0.2,8.0,0.7283425097536294,0.6,0.5865033881557733,0.9546606431143135,0.6,3.0,1.0,1
a3a8dcd5-6e96-4285-8e8b-e53864ad6813,b7f3f687-720d-4c2e-b765-833d1f628763,0.34545153407648593,0.2,8.0,0.7283425097536294,0.6,0.5040757896213439,0.7654432929579714,0.6,5.0,3.0,0
a3a8dcd5-6e96-4285-8e8b-e53864ad6813,ce563c1b-e3b8-441d-8833-a4b1974ef8ad,0.34545153407648593,0.2,8.0,0.7283425097536294,0.2,0.2484209913313706,0.8711314111441384,0.6,0.0,5.0,0
a3a8dcd5-6e96-4285-8e8b-e53864ad6813,b008e459-aec4-4940-b0b0-b9521473a99b,0.34545153407648593,0.2,8.0,0.7283425097536294,0.2,0.8465976222683373,0.22635650862391665,1.0,1.0,5.0,1
a3a8dcd5-6e96-4285-8e8b-e53864ad6813,9e41ae98-3ee0-4c48-9029-b5642a7cc95d,0.34545153407648593,0.2,8.0,0.7283425097536294,1.0,0.7260508358588046,0.04490801776792286,0.6,0.0,3.0,0
a3a8dcd5-6e96-4285-8e8b-e53864ad6813,c1dad211-ef14-4930-9fde-65d8d01eb8a2,0.34545153407648593,0.2,8.0,0.7283425097536294,1.0,0.2775989588417923,0.19963019650413683,0.3,4.0,5.0,0
a3a8dcd5-6e96-4285-8e8b-e53864ad6813,78815b00-b8cf-4b53-9b5c-0a0cc08481cf,0.34545153407648593,0.2,8.0,0.7283425097536294,0.6,0.9610158815047943,0.2578843936513069,0.0,2.0,5.0,0
a3a8dcd5-6e96-4285-8e8b-e53864ad6813,9102dfee-3ffe-4500-abcd-856f5c7ba81a,0.34545153407648593,0.2,8.0,0.7283425097536294,0.2,0.14792713695477017,0.6300659561232757,1.0,1.0,6.0,0
a3a8dcd5-6e96-4285-8e8b-e53864ad6813,d91ea030-edc5-4199-b235-b4f2746330e6,0.34545153407648593,0.2,8.0,0.7283425097536294,1.0,0.7413528687367448,0.2371548448306322,0.6,5.0,2.0,0
a3a8dcd5-6e96-4285-8e8b-e53864ad6813,1c71f507-dfea-4b96-86e6-8a12d5a0d8da,0.34545153407648593,0.2,8.0,0.7283425097536294,1.0,0.9354478790984506,0.6224732640307242,0.0,1.0,0.0,0
a3a8dcd5-6e96-4285-8e8b-e53864ad6813,4e038b59-7940-4187-89a4-aa8900eb4584,0.34545153407648593,0.2,8.0,0.7283425097536294,0.6,0.8162686834681103,0.09548613580741361,0.3,1.0,0.0,0
a3a8dcd5-6e96-4285-8e8b-e53864ad6813,3fb0a35d-d0bf-4534-9f63-995064c4e8af,0.34545153407648593,0.2,8.0,0.7283425097536294,0.2,0.4877773325800844,0.17627426660923395,0.3,3.0,1.0,1
a3a8dcd5-6e96-4285-8e8b-e53864ad6813,cf67b867-661f-4761-aa9e-bd64b50cabad,0.34545153407648593,0.2,8.0,0.7283425097536294,0.6,0.9775452477834666,0.8291857681957223,0.6,5.0,6.0,0
afde7b2b-6ddf-4621-a40b-17e2565d5ad5,4923fb26-e583-4c24-ac52-8838a0ed3a98,0.309939965366614,0.2,17.0,0.26005189512093435,1.0,0.553388277838538,0.7019544741283528,1.0,5.0,6.0,0
afde7b2b-6ddf-4621-a40b-17e2565d5ad5,88e79e28-8590-4873-baf3-158ade3d3e32,0.309939965366614,0.2,17.0,0.26005189512093435,1.0,0.9148647291612199,0.12864998776038128,0.0,0.0,4.0,1
afde7b2b-6ddf-4621-a40b-17e2565d5ad5,663e97bc-95a7-41b9-9e8e-0aaa991d7522,0.309939965366614,0.2,17.0,0.26005189512093435,0.2,0.45979536292483636,0.25030114523410607,1.0,2.0,4.0,0
afde7b2b-6ddf-4621-a40b-17e2565d5ad5,547da744-4911-48fa-9b2f-1b550cf8ac17,0.309939965366614,0.2,17.0,0.26005189512093435,1.0,0.45632620168229077,0.11858678619598295,1.0,0.0,1.0,0
afde7b2b-6ddf-4621-a40b-17e2565d5ad5,b1ecfa5c-68a1-4a8a-846a-dfb97027e1f6,0.309939965366614,0.2,17.0,0.26005189512093435,0.6,0.47396075244655456,0.7794108057492125,1.0,5.0,2.0,1
afde7b2b-6ddf-4621-a40b-17e2565d5ad5,0d91a5c8-4b22-4198-b963-be98907527f4,0.309939965366614,0.2,17.0,0.26005189512093435,0.2,0.36811976533001634,0.7445398250927052,0.0,1.0,4.0,1
afde7b2b-6ddf-4621-a40b-17e2565d5ad5,b85c5447-3934-4a5f-a2ea-5cf406ba1386,0.309939965366614,0.2,17.0,0.26005189512093435,0.2,0.7359215878835874,0.20471404262800852,1.0,5.0,4.0,1
afde7b2b-6ddf-4621-a40b-17e2565d5ad5,5c1d0582-adee-41cb-bbe3-230e78acd299,0.309939965366614,0.2,17.0,0.26005189512093435,0.6,0.13442713841525677,0.8039132575143135,1.0,1.0,6.0,0
afde7b2b-6ddf-4621-a40b-17e2565d5ad5,8d8bd000-8a84-4c8b-bdc8-797008544155,0.309939965366614,0.2,17.0,0.26005189512093435,1.0,0.14606305453676433,0.13377939697072627,0.0,3.0,6.0,1
afde7b2b-6ddf-4621-a40b-17e2565d5ad5,78c12d9f-999b-460d-b319-9bd7627866b0,0.309939965366614,0.2,17.0,0.26005189512093435,0.2,0.5225456025796394,0.35235373770664025,0.3,0.0,2.0,1
afde7b2b-6ddf-4621-a40b-17e2565d5ad5,b9085332-b2b1-4b72-8021-b3b81398ce92,0.309939965366614,0.2,17.0,0.26005189512093435,0.6,0.33544730729888195,0.5880404702366536,0.6,2.0,1.0,1
afde7b2b-6ddf-4621-a40b-17e2565d5ad5,7e5fb408-a839-4c94-af31-f8f846c10b16,0.309939965366614,0.2,17.0,0.26005189512093435,0.6,0.3750883081968893,0.7913034251586659,1.0,0.0,0.0,1
afde7b2b-6ddf-4621-a40b-17e2565d5ad5,0d91a5c8-4b22-4198-b963-be98907527f4,0.309939965366614,0.2,17.0,0.26005189512093435,0.2,0.36811976533001634,0.7445398250927052,0.0,0.0,2.0,1
afde7b2b-6ddf-4621-a40b-17e2565d5ad5,d05c6a73-7fda-4aba-88c3-900cedb6b9a6,0.309939965366614,0.2,17.0,0.26005189512093435,0.6,0.37465691625557584,0.04502897108590176,0.0,5.0,2.0,1
afde7b2b-6ddf-4621-a40b-17e2565d5ad5,153e892c-7403-48b3-b3e5-7a4444a6af33,0.309939965366614,0.2,17.0,0.26005189512093435,1.0,0.268440635924974,0.5517497858340187,0.3,2.0,2.0,0
afde7b2b-6ddf-4621-a40b-17e2565d5ad5,97ffd70a-47e9-4398-92a1-d66d4e4e7ac9,0.309939965366614,0.2,17.0,0.26005189512093435,1.0,0.4738888800802551,0.7582398953411875,1.0,1.0,0.0,0
afde7b2b-6ddf-4621-a40b-17e2565d5ad5,5ac7df38-e13e-4ddf-ac1d-8bd8825c2903,0.309939965366614,0.2,17.0,0.26005189512093435,0.2,0.5606417702241059,0.9155246766150124,0.0,5.0,5.0,1
afde7b2b-6ddf-4621-a40b-17e2565d5ad5,df3f8908-754b-4f66-b4a5-0f54f1bbdef1,0.309939965366614,0.2,17.0,0.26005189512093435,0.2,0.9006532918063022,0.624832175706485,0.6,3.0,6.0,0
afde7b2b-6ddf-4621-a40b-17e2565d5ad5,7e5fb408-a839-4c94-af31-f8f846c10b16,0.309939965366614,0.2,17.0,0.26005189512093435,0.6,0.3750883081968893,0.7913034251586659,1.0,5.0,0.0,0
afde7b2b-6ddf-4621-a40b-17e2565d5ad5,f4511c0e-1907-4564-85be-6208646f9403,0.309939965366614,0.2,17.0,0.26005189512093435,0.6,0.9737144331912416,0.8489993802384885,0.3,5.0,4.0,0
afde7b2b-6ddf-4621-a40b-17e2565d5ad5,51656879-b9de-4976-b3d5-c8a240739e35,0.309939965366614,0.2,17.0,0.26005189512093435,0.6,0.12393733137164058,0.5053225155587664,1.0,4.0,4.0,0
afde7b2b-6ddf-4621-a40b-17e2565d5ad5,06497e85-86a1-47f4-bbdd-a5f778924253,0.309939965366614,0.2,17.0,0.26005189512093435,0.2,0.19052222599951962,0.20137632619118384,0.3,3.0,3.0,1
afde7b2b-6ddf-4621-a40b-17e2565d5ad5,9f7ae8c9-dc90-4236-adb6-2109245d9021,0.309939965366614,0.2,17.0,0.26005189512093435,0.6,0.8963101399292399,0.12506351553810924,0.0,0.0,1.0,0
afde7b2b-6ddf-4621-a40b-17e2565d5ad5,f4511c0e-1907-4564-85be-6208646f9403,0.309939965366614,0.2,17.0,0.26005189512093435,0.6,0.9737144331912416,0.8489993802384885,0.3,1.0,6.0,0
afde7b2b-6ddf-4621-a40b-17e2565d5ad5,88e79e28-8590-4873-baf3-158ade3d3e32,0.309939965366614,0.2,17.0,0.26005189512093435,1.0,0.9148647291612199,0.12864998776038128,0.0,4.0,1.0,0
afde7b2b-6ddf-4621-a40b-17e2565d5ad5,684277da-f62a-49f6-b09e-1b7e786c463b,0.309939965366614,0.2,17.0,0.26005189512093435,1.0,0.457984105173436,0.7791379129900283,0.6,0.0,2.0,1
afde7b2b-6ddf-4621-a40b-17e2565d5ad5,b306c2e8-e14e-48ab-ba50-0a1e2c26a1c9,0.309939965366614,0.2,17.0,0.26005189512093435,0.2,0.3501289126422822,0.7428895955658196,0.3,2.0,0.0,1
afde7b2b-6ddf-4621-a40b-17e2565d5ad5,e4db18b0-d91a-4fe4-b05f-eda25f38ea0d,0.309939965366614,0.2,17.0,0.26005189512093435,0.2,0.5776591949487476,0.19019373944895102,0.3,3.0,4.0,1
afde7b2b-6ddf-4621-a40b-17e2565d5ad5,bfa4d06d-4c33-44f5-a582-6f5fc24bfd7f,0.309939965366614,0.2,17.0,0.26005189512093435,0.2,0.6497798817429743,0.4331009496434778,1.0,5.0,1.0,0
afde7b2b-6ddf-4621-a40b-17e2565d5ad5,c4200dd0-0628-49ac-a3d4-9cafb23a3f7c,0.309939965366614,0.2,17.0,0.26005189512093435,0.6,0.23204019132352335,0.14567973078804342,0.3,3.0,4.0,0
afde7b2b-6ddf-4621-a40b-17e2565d5ad5,06f5b296-916f-4c42-aec7-d6f62bba9d9b,0.309939965366614,0.2,17.0,0.26005189512093435,0.2,0.3223108679637023,0.4183220717622109,1.0,1.0,5.0,1
afde7b2b-6ddf-4621-a40b-17e2565d5ad5,16aa6851-6f56-441d-b1e3-84c8e2b58887,0.309939965366614,0.2,17.0,0.26005189512093435,1.0,0.7017944767412314,0.7875435396564088,0.3,2.0,4.0,1
afde7b2b-6ddf-4621-a40b-17e2565d5ad5,6df290df-6194-497e-9997-fd6713e1435f,0.309939965366614,0.2,17.0,0.26005189512093435,1.0,0.7637061762371852,0.8809980926459479,0.6,0.0,6.0,0
afde7b2b-6ddf-4621-a40b-17e2565d5ad5,27de15b7-4423-4163-9a52-27eba3556133,0.309939965366614,0.2,17.0,0.26005189512093435,0.2,0.8025233861040034,0.45458734247358457,0.6,5.0,3.0,1
afde7b2b-6ddf-4621-a40b-17e2565d5ad5,b76881f6-7f27-4c43-8ef9-41162752919f,0.309939965366614,0.2,17.0,0.26005189512093435,1.0,0.440401152269174,0.05205596231391263,0.0,2.0,4.0,0
afde7b2b-6ddf-4621-a40b-17e2565d5ad5,b7c1594e-c23f-4a6c-b842-737b0c93b147,0.309939965366614,0.2,17.0,0.26005189512093435,1.0,0.3323463750225212,0.10510906779710338,0.3,3.0,0.0,0
afde7b2b-6ddf-4621-a40b-17e2565d5ad5,c4200dd0-0628-49ac-a3d4-9cafb23a3f7c,0.309939965366614,0.2,17.0,0.26005189512093435,0.6,0.23204019132352335,0.14567973078804342,0.3,3.0,1.0,0
afde7b2b-6ddf-4621-a40b-17e2565d5ad5,bfa4d06d-4c33-44f5-a582-6f5fc24bfd7f,0.309939965366614,0.2,17.0,0.26005189512093435,0.2,0.6497798817429743,0.4331009496434778,1.0,0.0,1.0,0
afde7b2b-6ddf-4621-a40b-17e2565d5ad5,b1ecfa5c-68a1-4a8a-846a-dfb97027e1f6,0.309939965366614,0.2,17.0,0.26005189512093435,0.6,0.47396075244655456,0.7794108057492125,1.0,2.0,1.0,0
afde7b2b-6ddf-4621-a40b-17e2565d5ad5,8c822518-d0dc-460d-93c7-d9d033a078ba,0.309939965366614,0.2,17.0,0.26005189512093435,1.0,0.5475099359609544,0.9553256935848943,1.0,0.0,5.0,0
d1ca9672-3460-401c-a7bf-203744a8cef8,b9638733-3416-47d7-b548-7e0af0dbe65f,0.20187300582202003,0.6,19.0,0.5759299832061486,0.2,0.7200468573060492,0.4981514611185579,0.6,5.0,2.0,0
d1ca9672-3460-401c-a7bf-203744a8cef8,2e56c0c7-a2d4-4606-8362-ead47ba989cf,0.20187300582202003,0.6,19.0,0.5759299832061486,1.0,0.9838404823093492,0.5555768002260758,0.0,2.0,6.0,0
d1ca9672-3460-401c-a7bf-203744a8cef8,9e41ae98-3ee0-4c48-9029-b5642a7cc95d,0.20187300582202003,0.6,19.0,0.5759299832061486,1.0,0.7260508358588046,0.04490801776792286,0.6,5.0,4.0,0
d1ca9672-3460-401c-a7bf-203744a8cef8,3fb0a35d-d0bf-4534-9f63-995064c4e8af,0.20187300582202003,0.6,19.0,0.5759299832061486,0.2,0.4877773325800844,0.17627426660923395,0.3,4.0,4.0,1
d1ca9672-3460-401c-a7bf-203744a8cef8,686e3aa2-fafa-49b8-ae04-90315babb1d4,0.20187300582202003,0.6,19.0,0.5759299832061486,0.2,0.2485402182633587,0.3567460645487345,1.0,5.0,5.0,1
d1ca9672-3460-401c-a7bf-203744a8cef8,fe560b2d-9461-419f-952d-3526d1d58cc6,0.20187300582202003,0.6,19.0,0.5759299832061486,1.0,0.582611192457266,0.5549319795003286,0.0,0.0,5.0,0
d1ca9672-3460-401c-a7bf-203744a8cef8,b972f906-99a3-4c64-8a3c-52215d80d34b,0.20187300582202003,0.6,19.0,0.5759299832061486,0.2,0.7557609477960204,0.33890958121625947,0.3,2.0,0.0,0
d1ca9672-3460-401c-a7bf-203744a8cef8,b9085332-b2b1-4b72-8021-b3b81398ce92,0.20187300582202003,0.6,19.0,0.5759299832061486,0.6,0.33544730729888195,0.5880404702366536,0.6,0.0,0.0,1
d1ca9672-3460-401c-a7bf-203744a8cef8,fe560b2d-9461-419f-952d-3526d1d58cc6,0.20187300582202003,0.6,19.0,0.5759299832061486,1.0,0.582611192457266,0.5549319795003286,0.0,5.0,3.0,0
d1ca9672-3460-401c-a7bf-203744a8cef8,6a217f2a-6a27-417d-a68f-a01e2a149c82,0.20187300582202003,0.6,19.0,0.5759299832061486,1.0,0.6505590801619944,0.0878064055229939,0.6,2.0,0.0,1
d1ca9672-3460-401c-a7bf-203744a8cef8,5a34f357-525c-4e8c-9761-fca6c5ef4a54,0.20187300582202003,0.6,19.0,0.5759299832061486,1.0,0.32612342892093527,0.37000647225331373,0.3,4.0,3.0,1
d1ca9672-3460-401c-a7bf-203744a8cef8,b7f3f687-720d-4c2e-b765-833d1f628763,0.20187300582202003,0.6,19.0,0.5759299832061486,0.6,0.5040757896213439,0.7654432929579714,0.6,2.0,2.0,0
d1ca9672-3460-401c-a7bf-203744a8cef8,c192b11f-4447-40a2-80a6-390cd362dfa5,0.20187300582202003,0.6,19.0,0.5759299832061486,1.0,0.7363853294533637,0.9004772949138748,0.6,2.0,6.0,0
d1ca9672-3460-401c-a7bf-203744a8cef8,4923fb26-e583-4c24-ac52-8838a0ed3a98,0.20187300582202003,0.6,19.0,0.5759299832061486,1.0,0.553388277838538,0.7019544741283528,1.0,4.0,4.0,1
d1ca9672-3460-401c-a7bf-203744a8cef8,5b598b97-310b-48b1-a31c-086e59102b7b,0.20187300582202003,0.6,19.0,0.5759299832061486,0.2,0.7003193052156396,0.8859898883469448,0.0,0.0,4.0,0
d1ca9672-3460-401c-a7bf-203744a8cef8,84c440d3-55ef-46aa-abeb-ca96e8632be9,0.20187300582202003,0.6,19.0,0.5759299832061486,0.6,0.5539423499120992,0.05768859541460958,0.6,1.0,1.0,0
d1ca9672-3460-401c-a7bf-203744a8cef8,e8df6458-6771-4ac9-9072-87c3e1750d40,0.20187300582202003,0.6,19.0,0.5759299832061486,0.2,0.43364799363262085,0.28863566461256474,0.0,5.0,2.0,0
d1ca9672-3460-401c-a7bf-203744a8cef8,dba04d24-2e37-4c46-ae54-9c34510dff1f,0.20187300582202003,0.6,19.0,0.5759299832061486,1.0,0.8419986133538263,0.7052929283686935,0.0,1.0,1.0,0
d1ca9672-3460-401c-a7bf-203744a8cef8,290546aa-9a27-44b0-96cf-1cbe5de0ac63,0.20187300582202003,0.6,19.0,0.5759299832061486,0.2,0.8840031953521331,0.909469052204089,0.3,4.0,4.0,0
d1ca9672-3460-401c-a7bf-203744a8cef8,7d674302-c495-4faa-b60b-2f991e7f10b1,0.20187300582202003,0.6,19.0,0.5759299832061486,0.6,0.6945598719886059,0.6688730857607941,1.0,4.0,6.0,1
d1ca9672-3460-401c-a7bf-203744a8cef8,b67ddff0-7385-4797-a300-4a5924cf13c8,0.20187300582202003,0.6,19.0,0.5759299832061486,1.0,0.3295857149138473,0.12338020427621188,1.0,5.0,6.0,0
d1ca9672-3460-401c-a7bf-203744a8cef8,139389de-ef52-4a31-a3a6-711cb26f1f6a,0.20187300582202003,0.6,19.0,0.5759299832061486,0.2,0.6569353768626665,0.927362807810403,1.0,4.0,0.0,1
d1ca9672-3460-401c-a7bf-203744a8cef8,e4db18b0-d91a-4fe4-b05f-eda25f38ea0d,0.20187300582202003,0.6,19.0,0.5759299832061486,0.2,0.5776591949487476,0.19019373944895102,0.3,4.0,4.0,1
d1ca9672-3460-401c-a7bf-203744a8cef8,8d8bd000-8a84-4c8b-bdc8-797008544155,0.20187300582202003,0.6,19.0,0.5759299832061486,1.0,0.14606305453676433,0.13377939697072627,0.0,1.0,2.0,0
d1ca9672-3460-401c-a7bf-203744a8cef8,eab77546-5660-4b6f-8ed6-d113d4c924cb,0.20187300582202003,0.6,19.0,0.5759299832061486,0.6,0.6257718626796875,0.29583808895330166,0.0,0.0,0.0,0
d1ca9672-3460-401c-a7bf-203744a8cef8,e2cc89a7-6e52-40e3-8411-87a3295c8a0e,0.20187300582202003,0.6,19.0,0.5759299832061486,0.2,0.3237254478661281,0.030381800897473776,0.3,0.0,4.0,0
d1ca9672-3460-401c-a7bf-203744a8cef8,45cea0cf-acbc-4a1c-ae67-7da156ce4e33,0.20187300582202003,0.6,19.0,0.5759299832061486,0.6,0.44790999008794674,0.8240533460888545,0.3,1.0,1.0,1
d1ca9672-3460-401c-a7bf-203744a8cef8,df3f8908-754b-4f66-b4a5-0f54f1bbdef1,0.20187300582202003,0.6,19.0,0.5759299832061486,0.2,0.9006532918063022,0.624832175706485,0.6,5.0,3.0,1
d1ca9672-3460-401c-a7bf-203744a8cef8,1448df8a-d98e-4341-b986-a8f8b8a384c2,0.20187300582202003,0.6,19.0,0.5759299832061486,1.0,0.1288249955168966,0.3673497152563451,0.6,1.0,3.0,1
d1ca9672-3460-401c-a7bf-203744a8cef8,bcc862ed-ee8c-4519-bd6f-df3684168181,0.20187300582202003,0.6,19.0,0.5759299832061486,1.0,0.9327717807626915,0.3397410335113047,0.3,0.0,0.0,0
d1ca9672-3460-401c-a7bf-203744a8cef8,fb36e3d1-7446-45e0-9d41-48f394b60fa9,0.20187300582202003,0.6,19.0,0.5759299832061486,0.6,0.6937735815060089,0.32932384475875576,0.0,2.0,1.0,1
d1ca9672-3460-401c-a7bf-203744a8cef8,e33220eb-1aa5-4702-8b7f-82096cbf244c,0.20187300582202003,0.6,19.0,0.5759299832061486,0.2,0.8045091416614435,0.9303962480539164,0.0,5.0,3.0,0
d1ca9672-3460-401c-a7bf-203744a8cef8,2fd06511-a2df-41a4-b9b8-72ad25edbef7,0.20187300582202003,0.6,19.0,0.5759299832061486,1.0,0.8121414643536927,0.9186858244934103,0.3,1.0,3.0,1
d1ca9672-3460-401c-a7bf-203744a8cef8,b02c207c-3d8f-47d1-94d5-ea09db74e5c8,0.20187300582202003,0.6,19.0,0.5759299832061486,0.6,0.3575527172065134,0.7990422256936793,0.3,1.0,0.0,0
d1ca9672-3460-401c-a7bf-203744a8cef8,d96815d9-4db7-48f0-85a0-eddc3b7b916f,0.20187300582202003,0.6,19.0,0.5759299832061486,0.6,0.4536278778772145,0.0754688004112799,1.0,5.0,0.0,0
d1ca9672-3460-401c-a7bf-203744a8cef8,9d28a4ed-19ea-45ff-8c87-cd755a39633c,0.20187300582202003,0.6,19.0,0.5759299832061486,1.0,0.9699569764835101,0.3864034459374597,1.0,5.0,1.0,1
d1ca9672-3460-401c-a7bf-203744a8cef8,b8a59f9c-9152-4e9d-9227-81b450029be0,0.20187300582202003,0.6,19.0,0.5759299832061486,0.2,0.9082416607735994,0.8438860705844703,1.0,1.0,5.0,1
d1ca9672-3460-401c-a7bf-203744a8cef8,c777c23f-b2f3-4f1d-bbea-1e7286fac786,0.20187300582202003,0.6,19.0,0.5759299832061486,0.2,0.9597491309827612,0.04607692524933382,0.0,0.0,2.0,1
d1ca9672-3460-401c-a7bf-203744a8cef8,020ff159-4271-4aa5-87f3-9295346f6563,0.20187300582202003,0.6,19.0,0.5759299832061486,0.6,0.31530071999913584,0.1616253953204818,0.0,2.0,1.0,1
d1ca9672-3460-401c-a7bf-203744a8cef8,72e21539-04f0-470f-b69d-9a418f7ff37b,0.20187300582202003,0.6,19.0,0.5759299832061486,0.2,0.6144010067276086,0.8682015664155024,0.6,5.0,1.0,1
9497c0ef-0ebb-4e47-b570-233d0b1afec5,6bc2f168-7233-41b6-b378-1e91e4060318,0.222847898766647,0.6,9.0,0.7623900464749738,0.6,0.8903489988595626,0.4493952204847722,0.6,4.0,2.0,1
9497c0ef-0ebb-4e47-b570-233d0b1afec5,b85c5447-3934-4a5f-a2ea-5cf406ba1386,0.222847898766647,0.6,9.0,0.7623900464749738,0.2,0.7359215878835874,0.20471404262800852,1.0,0.0,0.0,1
9497c0ef-0ebb-4e47-b570-233d0b1afec5,0764c1e1-84c4-4344-814b-56f447356699,0.222847898766647,0.6,9.0,0.7623900464749738,0.2,0.36478434898577183,0.31372887152086304,0.3,5.0,6.0,0
9497c0ef-0ebb-4e47-b570-233d0b1afec5,5a34f357-525c-4e8c-9761-fca6c5ef4a54,0.222847898766647,0.6,9.0,0.7623900464749738,1.0,0.32612342892093527,0.37000647225331373,0.3,2.0,5.0,0
9497c0ef-0ebb-4e47-b570-233d0b1afec5,d879a756-cb6b-4026-a00a-656051801b5f,0.222847898766647,0.6,9.0,0.7623900464749738,1.0,0.19670829855613808,0.6495454402345533,1.0,4.0,2.0,1
9497c0ef-0ebb-4e47-b570-233d0b1afec5,50485b49-6f87-4fbb-a6d8-cc894f5ad343,0.222847898766647,0.6,9.0,0.7623900464749738,0.2,0.489665412099198,0.42118413108785735,0.3,3.0,6.0,0
9497c0ef-0ebb-4e47-b570-233d0b1afec5,79cb3b8e-aafa-418e-97aa-f7fdcb3d6c58,0.222847898766647,0.6,9.0,0.7623900464749738,0.2,0.3730266808058288,0.7752357696427774,0.3,1.0,3.0,0
9497c0ef-0ebb-4e47-b570-233d0b1afec5,1f8de1f5-f4a5-410b-85f9-a2177b221fd0,0.222847898766647,0.6,9.0,0.7623900464749738,0.2,0.9355406398663405,0.9993664824422813,1.0,0.0,4.0,0
9497c0ef-0ebb-4e47-b570-233d0b1afec5,8c20762d-72fc-4a90-9284-b697f6205faa,0.222847898766647,0.6,9.0,0.7623900464749738,0.2,0.809327370784988,0.46262162923016714,0.6,5.0,2.0,1
9497c0ef-0ebb-4e47-b570-233d0b1afec5,5c1d0582-adee-41cb-bbe3-230e78acd299,0.222847898766647,0.6,9.0,0.7623900464749738,0.6,0.13442713841525677,0.8039132575143135,1.0,1.0,1.0,1
9497c0ef-0ebb-4e47-b570-233d0b1afec5,2ab0f7b1-b672-4fd3-bf9d-b9435c307791,0.222847898766647,0.6,9.0,0.7623900464749738,0.6,0.4930337984475558,0.8483250712740258,0.6,2.0,4.0,1
9497c0ef-0ebb-4e47-b570-233d0b1afec5,e78aa463-4c6f-47dc-a5bb-968ac81532c7,0.222847898766647,0.6,9.0,0.7623900464749738,0.6,0.961259998425001,0.14413543131777729,0.6,5.0,1.0,1
9497c0ef-0ebb-4e47-b570-233d0b1afec5,965ef1a3-f422-4510-af75-d3f89e3642dd,0.222847898766647,0.6,9.0,0.7623900464749738,1.0,0.4273005359792914,0.6938722867459519,0.6,3.0,2.0,0
9497c0ef-0ebb-4e47-b570-233d0b1afec5,0c914be4-9a3f-42b1-9a0d-7b75e4458ea2,0.222847898766647,0.6,9.0,0.7623900464749738,0.2,0.6120270413649967,0.8895054166969376,0.3,0.0,4.0,0
9497c0ef-0ebb-4e47-b570-233d0b1afec5,0b680785-5c4e-4ff3-90da-a95bdb6ddea3,0.222847898766647,0.6,9.0,0.7623900464749738,1.0,0.9476882864447816,0.37902629176285674,0.0,1.0,2.0,0
9497c0ef-0ebb-4e47-b570-233d0b1afec5,de80c064-1511-4251-84a5-ba1187978d32,0.222847898766647,0.6,9.0,0.7623900464749738,1.0,0.37359855622088356,0.32543416209529763,0.0,1.0,2.0,0
9497c0ef-0ebb-4e47-b570-233d0b1afec5,8ed783a1-387d-4717-b5f7-15de4d9164c0,0.222847898766647,0.6,9.0,0.7623900464749738,1.0,0.6957695377284588,0.9476351583956032,0.0,3.0,3.0,1
9497c0ef-0ebb-4e47-b570-233d0b1afec5,b306c2e8-e14e-48ab-ba50-0a1e2c26a1c9,0.222847898766647,0.6,9.0,0.7623900464749738,0.2,0.3501289126422822,0.7428895955658196,0.3,4.0,3.0,0
9497c0ef-0ebb-4e47-b570-233d0b1afec5,4b00903d-63e9-4414-b21a-341b0a8b4f74,0.222847898766647,0.6,9.0,0.7623900464749738,0.2,0.6633655398442496,0.5256274218571385,0.0,2.0,3.0,1
9497c0ef-0ebb-4e47-b570-233d0b1afec5,fda140a2-2654-463e-a825-e101e2f7921b,0.222847898766647,0.6,9.0,0.7623900464749738,0.2,0.3998020556294877,0.9744658783076392,0.0,0.0,3.0,0
9497c0ef-0ebb-4e47-b570-233d0b1afec5,8bf86bf8-6510-4e3c-a240-21e3b94e264e,0.222847898766647,0.6,9.0,0.7623900464749738,0.6,0.9444299160166787,0.9759914132168259,0.0,3.0,2.0,1
9497c0ef-0ebb-4e47-b570-233d0b1afec5,8d3c9344-6c45-43f7-a583-eb49f1bd7c4b,0.222847898766647,0.6,9.0,0.7623900464749738,1.0,0.32697303710818776,0.18910296519857916,0.6,2.0,6.0,1
9497c0ef-0ebb-4e47-b570-233d0b1afec5,c2aa2f4b-31d0-4751-b78b-9bc94a917dd3,0.222847898766647,0.6,9.0,0.7623900464749738,0.2,0.9632839642542039,0.47862263242291936,0.3,4.0,1.0,0
9497c0ef-0ebb-4e47-b570-233d0b1afec5,b08e025f-b00e-487d-9769-6e771d335fcd,0.222847898766647,0.6,9.0,0.7623900464749738,0.6,0.35587631985892465,0.5051778789164922,0.3,2.0,5.0,0
9497c0ef-0ebb-4e47-b570-233d0b1afec5,a32c33b9-2ae0-4565-b4cd-8c363bd2dbb1,0.222847898766647,0.6,9.0,0.7623900464749738,0.6,0.4675427346881219,0.5919389716094521,0.3,0.0,4.0,1
9497c0ef-0ebb-4e47-b570-233d0b1afec5,3e8780dc-c7a9-4934-8e6f-110d379812e4,0.222847898766647,0.6,9.0,0.7623900464749738,1.0,0.5060570262278341,0.2300402347272693,0.6,0.0,3.0,0
9497c0ef-0ebb-4e47-b570-233d0b1afec5,3586835a-4f05-4964-8ca1-2138cebf95a6,0.222847898766647,0.6,9.0,0.7623900464749738,1.0,0.6521758610516846,0.9475221766685487,0.0,5.0,1.0,1
9497c0ef-0ebb-4e47-b570-233d0b1afec5,fda140a2-2654-463e-a825-e101e2f7921b,0.222847898766647,0.6,9.0,0.7623900464749738,0.2,0.3998020556294877,0.9744658783076392,0.0,0.0,4.0,1
9497c0ef-0ebb-4e47-b570-233d0b1afec5,f2d9a85b-88a4-4950-96c1-3a460d8c8fab,0.222847898766647,0.6,9.0,0.7623900464749738,1.0,0.3746902350991088,0.34879260140220214,0.3,1.0,6.0,1
9497c0ef-0ebb-4e47-b570-233d0b1afec5,c4200dd0-0628-49ac-a3d4-9cafb23a3f7c,0.222847898766647,0.6,9.0,0.7623900464749738,0.6,0.23204019132352335,0.14567973078804342,0.3,3.0,4.0,0
9497c0ef-0ebb-4e47-b570-233d0b1afec5,aaf45fe2-a218-49a4-8030-1b040505fcc2,0.222847898766647,0.6,9.0,0.7623900464749738,0.2,0.36982601339710064,0.6947724975849392,0.3,5.0,6.0,1
9497c0ef-0ebb-4e47-b570-233d0b1afec5,9ef9ff12-8bfc-4d55-ba1e-d4fa03792c95,0.222847898766647,0.6,9.0,0.7623900464749738,0.2,0.482599597367356,0.7341152293318791,0.0,0.0,5.0,1
9497c0ef-0ebb-4e47-b570-233d0b1afec5,d8d30dac-fd61-48d1-8bf9-aa602ff08b1b,0.222847898766647,0.6,9.0,0.7623900464749738,0.6,0.5193853910130869,0.5025270481245171,0.0,2.0,0.0,1
9497c0ef-0ebb-4e47-b570-233d0b1afec5,5939c634-d641-4ed7-8910-517780e88b75,0.222847898766647,0.6,9.0,0.7623900464749738,0.6,0.7523652503478826,0.6850593430585846,0.3,2.0,1.0,0
9497c0ef-0ebb-4e47-b570-233d0b1afec5,be9d36c1-5645-43bf-b29e-f59fe75b58fc,0.222847898766647,0.6,9.0,0.7623900464749738,0.2,0.9631836571803765,0.9302866275169228,1.0,2.0,2.0,1
9497c0ef-0ebb-4e47-b570-233d0b1afec5,8d8bd000-8a84-4c8b-bdc8-797008544155,0.222847898766647,0.6,9.0,0.7623900464749738,1.0,0.14606305453676433,0.13377939697072627,0.0,2.0,1.0,1
9497c0ef-0ebb-4e47-b570-233d0b1afec5,34aadaae-a82c-41a6-b6ac-2ab4f11a8047,0.222847898766647,0.6,9.0,0.7623900464749738,0.2,0.11867463394112543,0.26611592959755015,0.6,3.0,4.0,1
9497c0ef-0ebb-4e47-b570-233d0b1afec5,2270dcd6-f4ba-4acf-b863-271ea249c419,0.222847898766647,0.6,9.0,0.7623900464749738,0.6,0.888509462672205,0.11768090665028597,0.0,2.0,6.0,0
9497c0ef-0ebb-4e47-b570-233d0b1afec5,3586835a-4f05-4964-8ca1-2138cebf95a6,0.222847898766647,0.6,9.0,0.7623900464749738,1.0,0.6521758610516846,0.9475221766685487,0.0,5.0,4.0,0
9497c0ef-0ebb-4e47-b570-233d0b1afec5,897e2fd6-d062-4d6b-8350-be1ff289f7d2,0.222847898766647,0.6,9.0,0.7623900464749738,1.0,0.27839323550003814,0.5426957391813381,1.0,0.0,1.0,1
